0 0
0.1 7
0.2 24
0.3 52
0.4 59
0.5 88
0.6 163
0.7 207
0.8 269
0.9 367
1 488
1.1 588
1.2 722
1.3 853
1.4 991
1.5 1153
1.6 1246
1.7 1278
1.8 1284
1.9 1379
2 1419
2.1 1416
2.2 1443
2.3 1483
2.4 1466
2.5 1488
2.6 1489
2.7 1470
2.8 1526
2.9 1524
3 1546
3.1 1583
3.2 1620
3.3 1627
3.4 1603
3.5 1564
3.6 1560
3.7 1532
3.8 1499
3.9 1524
4 1519
4.1 1463
4.2 1469
4.3 1459
4.4 1448
4.5 1397
4.6 1341
4.7 1303
4.8 1302
4.9 1256
5 1197
5.1 1148
5.2 1078
5.3 1038
5.4 1040
5.5 1013
5.6 1016
5.7 965
5.8 988
5.9 936
6 904
6.1 940
6.2 942
6.3 944
6.4 906
6.5 887
6.6 803
6.7 767
6.8 729
6.9 673
7 610
7.1 541
7.2 412
7.3 307
7.4 228
7.5 127
7.6 91
7.7 41
7.8 15
7.9 9
8 15
8.1 2
8.2 4
8.3 4
8.4 2
8.5 0
8.6 3
8.7 6
8.8 1
8.9 1
9 1
9.1 1
9.2 4
9.3 0
9.4 2
9.5 1
9.6 0
9.7 1
9.8 4
9.9 4
10 2
10.1 0
10.2 1
10.3 2
10.4 0
10.5 0
10.6 0
10.7 4
10.8 1
10.9 1
11 0
11.1 2
11.2 3
11.3 1
11.4 0
11.5 2
11.6 0
11.7 0
11.8 0
11.9 0
12 0
12.1 0
12.2 2
12.3 1
12.4 3
12.5 3
12.6 0
12.7 2
12.8 1
12.9 1
13 4
13.1 1
13.2 4
13.3 5
13.4 2
13.5 0
13.6 0
13.7 2
13.8 3
13.9 2
14 4
14.1 0
14.2 3
14.3 2
14.4 0
14.5 1
14.6 3
14.7 5
14.8 2
14.9 2
15 15
15.1 7
15.2 3
15.3 4
15.4 0
15.5 0
15.6 2
15.7 8
15.8 1
15.9 8
16 10
16.1 8
16.2 8
16.3 6
16.4 2
16.5 1
16.6 4
16.7 2
16.8 4
16.9 3
17 6
17.1 0
17.2 2
17.3 2
17.4 6
17.5 5
17.6 5
17.7 5
17.8 4
17.9 9
18 3
18.1 3
18.2 2
18.3 4
18.4 9
18.5 15
18.6 9
18.7 12
18.8 6
18.9 21
19 8
19.1 13
19.2 16
19.3 23
19.4 9
19.5 10
19.6 16
19.7 12
19.8 6
19.9 9
20 12
20.1 12
20.2 3
20.3 7
20.4 4
20.5 4
20.6 9
20.7 1
20.8 6
20.9 12
21 9
21.1 14
21.2 3
21.3 18
21.4 4
21.5 4
21.6 19
21.7 29
21.8 82
21.9 99
22 102
22.1 106
22.2 177
22.3 293
22.4 348
22.5 400
22.6 480
22.7 549
22.8 629
22.9 656
23 631
23.1 655
23.2 717
23.3 742
23.4 759
23.5 795
23.6 832
23.7 888
23.8 916
23.9 893
24 891
24.1 901
24.2 936
24.3 969
24.4 983
24.5 1044
24.6 1139
24.7 1174
24.8 1190
24.9 1219
25 1255
25.1 1266
25.2 1274
25.3 1253
25.4 1224
25.5 1185
25.6 1134
25.7 1109
25.8 1098
25.9 1078
26 1058
26.1 1045
26.2 1038
26.3 996
26.4 1023
26.5 978
26.6 886
26.7 889
26.8 888
26.9 861
27 845
27.1 783
27.2 718
27.3 724
27.4 792
27.5 751
27.6 719
27.7 658
27.8 669
27.9 661
28 656
28.1 671
28.2 675
28.3 584
28.4 485
28.5 399
28.6 333
28.7 231
28.8 104
28.9 60
29 40
29.1 13
29.2 2
29.3 3
29.4 1
29.5 4
29.6 1
29.7 4
29.8 0
29.9 2
30 1
30.1 3
30.2 2
30.3 3
30.4 0
30.5 0
30.6 1
30.7 2
30.8 3
30.9 2
31 1
31.1 1
31.2 0
31.3 0
31.4 0
31.5 1
31.6 1
31.7 0
31.8 0
31.9 0
32 0
32.1 2
32.2 2
32.3 2
32.4 0
32.5 0
32.6 2
32.7 0
32.8 1
32.9 1
33 3
33.1 4
33.2 0
33.3 2
33.4 0
33.5 1
33.6 1
33.7 2
33.8 6
33.9 1
34 3
34.1 3
34.2 4
34.3 3
34.4 1
34.5 0
34.6 1
34.7 3
34.8 2
34.9 1
35 1
35.1 4
35.2 4
35.3 4
35.4 1
35.5 1
35.6 1
35.7 0
35.8 3
35.9 0
36 3
36.1 2
36.2 0
36.3 3
36.4 1
36.5 1
36.6 1
36.7 5
36.8 8
36.9 2
37 1
37.1 6
37.2 9
37.3 1
37.4 6
37.5 1
37.6 0
37.7 4
37.8 4
37.9 4
38 4
38.1 3
38.2 0
38.3 0
38.4 5
38.5 3
38.6 2
38.7 3
38.8 5
38.9 0
39 3
39.1 3
39.2 4
39.3 3
39.4 7
39.5 3
39.6 3
39.7 3
39.8 5
39.9 5
40 15
40.1 5
40.2 4
40.3 9
40.4 6
40.5 6
40.6 3
40.7 16
40.8 56
40.9 67
41 140
41.1 241
41.2 342
41.3 512
41.4 642
41.5 757
41.6 799
41.7 785
41.8 892
41.9 926
42 1017
42.1 1075
42.2 1097
42.3 1120
42.4 1138
42.5 1126
42.6 1072
42.7 1032
42.8 1065
42.9 1082
43 1063
43.1 1053
43.2 1065
43.3 1060
43.4 1063
43.5 1095
43.6 1125
43.7 1060
43.8 1047
43.9 1013
44 1006
44.1 954
44.2 957
44.3 947
44.4 960
44.5 956
44.6 924
44.7 866
44.8 794
44.9 806
45 813
45.1 863
45.2 859
45.3 793
45.4 740
45.5 698
45.6 659
45.7 599
45.8 608
45.9 558
46 552
46.1 466
46.2 426
46.3 430
46.4 406
46.5 369
46.6 361
46.7 311
46.8 228
46.9 135
47 74
47.1 47
47.2 8
47.3 5
47.4 4
47.5 3
47.6 4
47.7 2
47.8 0
47.9 0
48 0
48.1 1
48.2 0
48.3 2
48.4 3
48.5 1
48.6 1
48.7 3
48.8 1
48.9 3
49 0
49.1 2
49.2 0
49.3 0
49.4 0
49.5 1
49.6 3
49.7 1
49.8 0
49.9 0
50 0
50.1 1
50.2 0
50.3 0
50.4 0
50.5 1
50.6 0
50.7 0
50.8 1
50.9 2
51 1
51.1 1
51.2 6
51.3 2
51.4 2
51.5 0
51.6 0
51.7 2
51.8 4
51.9 0
52 0
52.1 0
52.2 2
52.3 0
52.4 1
52.5 1
52.6 4
52.7 2
52.8 1
52.9 5
53 1
53.1 2
53.2 2
53.3 2
53.4 1
53.5 1
53.6 0
53.7 3
53.8 2
53.9 3
54 3
54.1 2
54.2 0
54.3 2
54.4 2
54.5 0
54.6 4
54.7 1
54.8 1
54.9 2
55 4
55.1 2
55.2 0
55.3 2
55.4 4
55.5 6
55.6 5
55.7 3
55.8 2
55.9 3
56 5
56.1 4
56.2 4
56.3 5
56.4 3
56.5 2
56.6 5
56.7 3
56.8 4
56.9 2
57 1
57.1 2
57.2 4
57.3 0
57.4 2
57.5 4
57.6 6
57.7 3
57.8 2
57.9 2
58 7
58.1 5
58.2 5
58.3 26
58.4 23
58.5 27
58.6 19
58.7 5
58.8 5
58.9 10
59 6
59.1 7
59.2 4
59.3 2
59.4 7
59.5 3
59.6 6
59.7 4
59.8 8
59.9 4
60 6
60.1 2
60.2 2
60.3 5
60.4 10
60.5 4
60.6 5
60.7 6
60.8 8
60.9 3
61 2
61.1 4
61.2 4
61.3 9
61.4 2
61.5 5
61.6 6
61.7 6
61.8 5
61.9 4
62 3
62.1 6
62.2 17
62.3 18
62.4 10
62.5 4
62.6 4
62.7 8
62.8 8
62.9 13
63 12
63.1 9
63.2 17
63.3 31
63.4 22
63.5 28
63.6 26
63.7 21
63.8 16
63.9 16
64 30
64.1 65
64.2 122
64.3 241
64.4 362
64.5 501
64.6 640
64.7 790
64.8 870
64.9 918
65 980
65.1 1058
65.2 1087
65.3 1108
65.4 1146
65.5 1170
65.6 1202
65.7 1252
65.8 1278
65.9 1267
66 1258
66.1 1270
66.2 1254
66.3 1239
66.4 1239
66.5 1255
66.6 1272
66.7 1251
66.8 1249
66.9 1216
67 1157
67.1 1132
67.2 1131
67.3 1047
67.4 964
67.5 939
67.6 895
67.7 866
67.8 807
67.9 767
68 724
68.1 663
68.2 678
68.3 681
68.4 704
68.5 658
68.6 641
68.7 574
68.8 561
68.9 528
69 403
69.1 318
69.2 252
69.3 197
69.4 159
69.5 218
69.6 181
69.7 170
69.8 106
69.9 60
70 17
70.1 3
70.2 0
70.3 1
70.4 3
70.5 3
70.6 4
70.7 1
70.8 0
70.9 1
71 2
71.1 4
71.2 4
71.3 5
71.4 0
71.5 1
71.6 0
71.7 0
71.8 1
71.9 1
72 2
72.1 1
72.2 1
72.3 1
72.4 3
72.5 0
72.6 1
72.7 1
72.8 0
72.9 1
73 1
73.1 2
73.2 0
73.3 0
73.4 0
73.5 1
73.6 0
73.7 0
73.8 2
73.9 2
74 2
74.1 4
74.2 0
74.3 0
74.4 2
74.5 0
74.6 2
74.7 2
74.8 1
74.9 1
75 3
75.1 0
75.2 5
75.3 1
75.4 0
75.5 7
75.6 4
75.7 2
75.8 2
75.9 1
76 2
76.1 1
76.2 2
76.3 0
76.4 1
76.5 4
76.6 1
76.7 1
76.8 3
76.9 2
77 3
77.1 0
77.2 2
77.3 2
77.4 4
77.5 5
77.6 4
77.7 3
77.8 2
77.9 7
78 7
78.1 3
78.2 8
78.3 3
78.4 3
78.5 8
78.6 6
78.7 1
78.8 0
78.9 3
79 2
79.1 9
79.2 1
79.3 4
79.4 2
79.5 5
79.6 2
79.7 8
79.8 5
79.9 5
80 2
80.1 0
80.2 0
80.3 2
80.4 4
80.5 9
80.6 1
80.7 4
80.8 4
80.9 6
81 3
81.1 13
81.2 9
81.3 8
81.4 10
81.5 12
81.6 4
81.7 8
81.8 8
81.9 10
82 5
82.1 3
82.2 4
82.3 18
82.4 13
82.5 8
82.6 5
82.7 5
82.8 4
82.9 16
83 15
83.1 25
83.2 16
83.3 7
83.4 6
83.5 6
83.6 12
83.7 10
83.8 8
83.9 10
84 16
84.1 11
84.2 15
84.3 20
84.4 15
84.5 8
84.6 19
84.7 16
84.8 10
84.9 17
85 23
85.1 9
85.2 45
85.3 56
85.4 62
85.5 153
85.6 232
85.7 267
85.8 318
85.9 376
86 421
86.1 493
86.2 526
86.3 664
86.4 675
86.5 698
86.6 796
86.7 915
86.8 981
86.9 1072
87 1169
87.1 1230
87.2 1260
87.3 1308
87.4 1290
87.5 1247
87.6 1273
87.7 1245
87.8 1325
87.9 1289
88 1304
88.1 1296
88.2 1307
88.3 1267
88.4 1241
88.5 1188
88.6 1205
88.7 1182
88.8 1155
88.9 1166
89 1186
89.1 1183
89.2 1228
89.3 1198
89.4 1154
89.5 1182
89.6 1172
89.7 1144
89.8 1105
89.9 1011
90 912
90.1 842
90.2 810
90.3 765
90.4 686
90.5 587
90.6 512
90.7 466
90.8 436
90.9 492
91 456
91.1 482
91.2 478
91.3 458
91.4 475
91.5 481
91.6 480
91.7 409
91.8 337
91.9 289
92 265
92.1 202
92.2 170
92.3 189
92.4 235
92.5 187
92.6 73
92.7 34
92.8 28
92.9 17
93 9
93.1 0
93.2 2
93.3 2
93.4 0
93.5 1
93.6 0
93.7 2
93.8 2
93.9 1
94 2
94.1 2
94.2 1
94.3 2
94.4 0
94.5 0
94.6 1
94.7 2
94.8 0
94.9 4
95 0
95.1 2
95.2 3
95.3 1
95.4 4
95.5 0
95.6 3
95.7 1
95.8 0
95.9 3
96 2
96.1 2
96.2 3
96.3 1
96.4 2
96.5 0
96.6 0
96.7 0
96.8 0
96.9 2
97 0
97.1 0
97.2 1
97.3 4
97.4 3
97.5 0
97.6 3
97.7 3
97.8 7
97.9 2
98 3
98.1 3
98.2 0
98.3 2
98.4 2
98.5 4
98.6 1
98.7 1
98.8 2
98.9 5
99 0
99.1 0
99.2 3
99.3 5
99.4 0
99.5 0
99.6 2
99.7 2
99.8 2
99.9 2
100 0
100.1 2
100.2 3
100.3 2
100.4 3
100.5 4
100.6 13
100.7 13
100.8 5
100.9 2
101 3
101.1 3
101.2 5
101.3 4
101.4 2
101.5 8
101.6 6
101.7 8
101.8 5
101.9 9
102 3
102.1 4
102.2 10
102.3 13
102.4 24
102.5 19
102.6 16
102.7 10
102.8 1
102.9 4
103 1
103.1 4
103.2 3
103.3 2
103.4 3
103.5 6
103.6 8
103.7 6
103.8 2
103.9 1
104 8
104.1 4
104.2 3
104.3 2
104.4 4
104.5 7
104.6 10
104.7 13
104.8 8
104.9 14
105 10
105.1 9
105.2 1
105.3 9
105.4 4
105.5 2
105.6 5
105.7 7
105.8 7
105.9 16
106 35
106.1 33
106.2 12
106.3 13
106.4 11
106.5 3
106.6 10
106.7 5
106.8 16
106.9 5
107 9
107.1 13
107.2 9
107.3 11
107.4 37
107.5 43
107.6 30
107.7 22
107.8 14
107.9 2
108 11
108.1 8
108.2 13
108.3 12
108.4 18
108.5 4
108.6 11
108.7 11
108.8 42
108.9 94
109 126
109.1 152
109.2 165
109.3 205
109.4 305
109.5 413
109.6 522
109.7 616
109.8 656
109.9 707
110 719
110.1 729
110.2 766
110.3 810
110.4 953
110.5 1030
110.6 1128
110.7 1206
110.8 1285
110.9 1309
111 1330
111.1 1357
111.2 1408
111.3 1457
111.4 1474
111.5 1506
111.6 1521
111.7 1430
111.8 1371
111.9 1369
112 1371
112.1 1299
112.2 1281
112.3 1294
112.4 1267
112.5 1185
112.6 1153
112.7 1120
112.8 1095
112.9 1103
113 1025
113.1 968
113.2 834
113.3 761
113.4 769
113.5 759
113.6 679
113.7 622
113.8 627
113.9 685
114 727
114.1 742
114.2 720
114.3 710
114.4 671
114.5 710
114.6 723
114.7 666
114.8 551
114.9 468
115 353
115.1 324
115.2 305
115.3 330
115.4 371
115.5 395
115.6 350
115.7 260
115.8 177
115.9 173
116 139
116.1 58
116.2 14
116.3 6
116.4 5
116.5 2
116.6 1
116.7 3
116.8 3
116.9 1
117 1
117.1 2
117.2 5
117.3 2
117.4 1
117.5 2
117.6 1
117.7 0
117.8 1
117.9 3
118 1
118.1 0
118.2 1
118.3 0
118.4 2
118.5 3
118.6 2
118.7 1
118.8 0
118.9 2
119 0
119.1 2
119.2 6
119.3 4
119.4 0
119.5 2
119.6 2
119.7 0
119.8 0
119.9 1
120 2
120.1 2
120.2 2
120.3 3
120.4 2
120.5 2
120.6 1
120.7 1
120.8 0
120.9 1
121 2
121.1 3
121.2 2
121.3 2
121.4 2
121.5 3
121.6 3
121.7 2
121.8 0
121.9 2
122 2
122.1 2
122.2 3
122.3 3
122.4 3
122.5 5
122.6 1
122.7 3
122.8 3
122.9 0
123 0
123.1 0
123.2 0
123.3 3
123.4 10
123.5 3
123.6 4
123.7 6
123.8 5
123.9 2
124 1
124.1 2
124.2 0
124.3 3
124.4 4
124.5 1
124.6 0
124.7 1
124.8 5
124.9 4
125 5
125.1 6
125.2 5
125.3 7
125.4 4
125.5 5
125.6 1
125.7 1
125.8 2
125.9 6
126 4
126.1 5
126.2 10
126.3 8
126.4 7
126.5 8
126.6 13
126.7 5
126.8 5
126.9 16
127 12
127.1 3
127.2 6
127.3 5
127.4 10
127.5 8
127.6 5
127.7 5
127.8 5
127.9 6
128 11
128.1 3
128.2 7
128.3 28
128.4 35
128.5 24
128.6 5
128.7 50
128.8 77
128.9 69
129 54
129.1 60
129.2 45
129.3 39
129.4 38
129.5 43
129.6 64
129.7 86
129.8 69
129.9 52
130 35
130.1 84
130.2 106
130.3 128
130.4 208
130.5 259
130.6 274
130.7 369
130.8 505
130.9 558
131 561
131.1 578
131.2 587
131.3 591
131.4 605
131.5 677
131.6 799
131.7 882
131.8 876
131.9 852
132 836
132.1 830
132.2 784
132.3 760
132.4 724
132.5 673
132.6 707
132.7 743
132.8 775
132.9 829
133 839
133.1 897
133.2 905
133.3 959
133.4 983
133.5 967
133.6 933
133.7 928
133.8 952
133.9 943
134 933
134.1 861
134.2 769
134.3 716
134.4 627
134.5 617
134.6 587
134.7 551
134.8 479
134.9 390
135 324
135.1 365
135.2 378
135.3 366
135.4 292
135.5 236
135.6 258
135.7 222
135.8 197
135.9 184
136 161
136.1 189
136.2 133
136.3 70
136.4 27
136.5 1
136.6 0
136.7 0
136.8 6
136.9 5
137 5
137.1 5
137.2 3
137.3 2
137.4 1
137.5 1
137.6 1
137.7 2
137.8 5
137.9 3
138 2
138.1 2
138.2 1
138.3 2
138.4 4
138.5 1
138.6 2
138.7 3
138.8 1
138.9 1
139 2
139.1 0
139.2 0
139.3 0
139.4 0
139.5 0
139.6 1
139.7 2
139.8 0
139.9 1
140 0
140.1 2
140.2 0
140.3 0
140.4 0
140.5 1
140.6 1
140.7 1
140.8 8
140.9 2
141 1
141.1 1
141.2 3
141.3 4
141.4 3
141.5 1
141.6 4
141.7 3
141.8 1
141.9 3
142 6
142.1 0
142.2 2
142.3 3
142.4 2
142.5 2
142.6 4
142.7 4
142.8 2
142.9 0
143 5
143.1 1
143.2 0
143.3 0
143.4 2
143.5 0
143.6 1
143.7 4
143.8 2
143.9 4
144 3
144.1 4
144.2 5
144.3 3
144.4 5
144.5 5
144.6 7
144.7 2
144.8 1
144.9 3
145 4
145.1 3
145.2 1
145.3 5
145.4 3
145.5 5
145.6 2
145.7 5
145.8 3
145.9 6
146 5
146.1 4
146.2 6
146.3 9
146.4 8
146.5 3
146.6 3
146.7 6
146.8 4
146.9 4
147 1
147.1 1
147.2 2
147.3 0
147.4 7
147.5 18
147.6 33
147.7 32
147.8 18
147.9 23
148 10
148.1 29
148.2 76
148.3 85
148.4 117
148.5 195
148.6 224
148.7 284
148.8 302
148.9 328
149 376
149.1 432
149.2 422
149.3 412
149.4 458
149.5 478
149.6 502
149.7 495
149.8 562
149.9 633
150 664
150.1 692
150.2 726
150.3 688
150.4 682
150.5 619
150.6 617
150.7 557
150.8 586
150.9 576
151 561
151.1 590
151.2 559
151.3 552
151.4 626
151.5 620
151.6 626
151.7 626
151.8 560
151.9 545
152 533
152.1 543
152.2 583
152.3 633
152.4 631
152.5 631
152.6 616
152.7 592
152.8 624
152.9 644
153 601
153.1 539
153.2 495
153.3 487
153.4 470
153.5 416
153.6 339
153.7 283
153.8 243
153.9 227
154 192
154.1 218
154.2 169
154.3 124
154.4 126
154.5 58
154.6 13
154.7 2
154.8 5
154.9 4
155 7
155.1 2
155.2 2
155.3 0
155.4 0
155.5 1
155.6 2
155.7 2
155.8 1
155.9 1
156 2
156.1 1
156.2 3
156.3 1
156.4 0
156.5 4
156.6 0
156.7 2
156.8 0
156.9 0
157 1
157.1 0
157.2 0
157.3 0
157.4 0
157.5 1
157.6 0
157.7 2
157.8 2
157.9 4
158 1
158.1 2
158.2 3
158.3 1
158.4 6
158.5 1
158.6 2
158.7 3
158.8 1
158.9 4
159 0
159.1 0
159.2 0
159.3 4
159.4 1
159.5 1
159.6 1
159.7 4
159.8 2
159.9 5
160 3
160.1 1
160.2 1
160.3 4
160.4 7
160.5 6
160.6 0
160.7 3
160.8 2
160.9 1
161 2
161.1 1
161.2 3
161.3 2
161.4 7
161.5 6
161.6 4
161.7 3
161.8 2
161.9 0
162 6
162.1 3
162.2 3
162.3 2
162.4 3
162.5 1
162.6 1
162.7 0
162.8 7
162.9 5
163 1
163.1 7
163.2 4
163.3 2
163.4 2
163.5 3
163.6 14
163.7 6
163.8 3
163.9 4
164 3
164.1 15
164.2 11
164.3 5
164.4 4
164.5 6
164.6 9
164.7 4
164.8 10
164.9 6
165 6
165.1 3
165.2 9
165.3 2
165.4 13
165.5 4
165.6 5
165.7 2
165.8 5
165.9 6
166 8
166.1 2
166.2 8
166.3 6
166.4 10
166.5 28
166.6 14
166.7 8
166.8 4
166.9 14
167 39
167.1 75
167.2 90
167.3 132
167.4 139
167.5 133
167.6 108
167.7 89
167.8 77
167.9 58
168 73
168.1 99
168.2 107
168.3 117
168.4 155
168.5 173
168.6 200
168.7 216
168.8 253
168.9 326
169 404
169.1 445
169.2 551
169.3 583
169.4 689
169.5 748
169.6 817
169.7 822
169.8 854
169.9 917
170 1016
170.1 1080
170.2 1141
170.3 1179
170.4 1136
170.5 1141
170.6 1160
170.7 1197
170.8 1200
170.9 1230
171 1259
171.1 1268
171.2 1209
171.3 1154
171.4 1148
171.5 1130
171.6 1111
171.7 1067
171.8 945
171.9 848
172 783
172.1 707
172.2 647
172.3 608
172.4 598
172.5 567
172.6 513
172.7 528
172.8 558
172.9 504
173 491
173.1 462
173.2 444
173.3 395
173.4 325
173.5 206
173.6 148
173.7 71
173.8 26
173.9 3
174 3
174.1 4
174.2 8
174.3 1
174.4 0
174.5 2
174.6 3
174.7 2
174.8 2
174.9 4
175 2
175.1 0
175.2 1
175.3 2
175.4 2
175.5 3
175.6 0
175.7 0
175.8 1
175.9 1
176 1
176.1 3
176.2 1
176.3 1
176.4 2
176.5 0
176.6 2
176.7 7
176.8 1
176.9 2
177 1
177.1 3
177.2 2
177.3 0
177.4 1
177.5 1
177.6 1
177.7 2
177.8 4
177.9 0
178 2
178.1 4
178.2 1
178.3 3
178.4 3
178.5 0
178.6 1
178.7 1
178.8 3
178.9 0
179 1
179.1 2
179.2 0
179.3 3
179.4 0
179.5 2
179.6 4
179.7 4
179.8 1
179.9 2
180 1
180.1 1
180.2 7
180.3 1
180.4 2
180.5 3
180.6 3
180.7 0
180.8 3
180.9 2
181 2
181.1 0
181.2 1
181.3 1
181.4 6
181.5 2
181.6 2
181.7 0
181.8 1
181.9 3
182 3
182.1 0
182.2 1
182.3 1
182.4 0
182.5 4
182.6 1
182.7 0
182.8 3
182.9 3
183 3
183.1 5
183.2 3
183.3 0
183.4 2
183.5 1
183.6 2
183.7 5
183.8 6
183.9 6
184 4
184.1 4
184.2 16
184.3 39
184.4 56
184.5 55
184.6 43
184.7 25
184.8 20
184.9 15
185 9
185.1 8
185.2 3
185.3 7
185.4 3
185.5 4
185.6 12
185.7 4
185.8 3
185.9 8
186 8
186.1 7
186.2 5
186.3 7
186.4 10
186.5 1
186.6 0
186.7 2
186.8 2
186.9 2
187 2
187.1 4
187.2 8
187.3 8
187.4 4
187.5 3
187.6 5
187.7 2
187.8 8
187.9 5
188 4
188.1 8
188.2 1
188.3 10
188.4 8
188.5 6
188.6 11
188.7 17
188.8 26
188.9 56
189 33
189.1 33
189.2 24
189.3 30
189.4 21
189.5 26
189.6 51
189.7 51
189.8 62
189.9 140
190 213
190.1 287
190.2 430
190.3 504
190.4 535
190.5 536
190.6 523
190.7 533
190.8 550
190.9 576
191 613
191.1 676
191.2 710
191.3 770
191.4 769
191.5 806
191.6 822
191.7 757
191.8 743
191.9 795
192 783
192.1 778
192.2 837
192.3 891
192.4 896
192.5 860
192.6 886
192.7 882
192.8 829
192.9 847
193 863
193.1 836
193.2 768
193.3 702
193.4 650
193.5 614
193.6 520
193.7 414
193.8 316
193.9 262
194 181
194.1 133
194.2 58
194.3 53
194.4 52
194.5 27
194.6 14
194.7 8
194.8 9
194.9 4
195 5
195.1 2
195.2 1
195.3 2
195.4 3
195.5 4
195.6 4
195.7 0
195.8 0
195.9 0
196 1
196.1 0
196.2 3
196.3 1
196.4 2
196.5 2
196.6 0
196.7 2
196.8 0
196.9 0
197 0
197.1 2
197.2 2
197.3 0
197.4 1
197.5 2
197.6 2
197.7 2
197.8 5
197.9 3
198 0
198.1 0
198.2 2
198.3 8
198.4 4
198.5 2
198.6 0
198.7 0
198.8 1
198.9 1
199 0
199.1 1
199.2 1
199.3 3
199.4 2
199.5 1
199.6 1
199.7 0
199.8 3
199.9 4
200 1
