0 0
0.1 3
0.2 8
0.3 7
0.4 3
0.5 19
0.6 14
0.7 8
0.8 21
0.9 33
1 38
1.1 35
1.2 48
1.3 51
1.4 51
1.5 64
1.6 40
1.7 27
1.8 42
1.9 41
2 41
2.1 39
2.2 37
2.3 35
2.4 41
2.5 40
2.6 32
2.7 43
2.8 47
2.9 40
3 60
3.1 45
3.2 54
3.3 51
3.4 41
3.5 35
3.6 44
3.7 42
3.8 44
3.9 47
4 46
4.1 53
4.2 38
4.3 45
4.4 40
4.5 42
4.6 41
4.7 44
4.8 37
4.9 38
5 44
5.1 35
5.2 43
5.3 40
5.4 48
5.5 54
5.6 46
5.7 40
5.8 46
5.9 44
6 42
6.1 42
6.2 52
6.3 49
6.4 43
6.5 36
6.6 37
6.7 44
6.8 44
6.9 35
7 38
7.1 28
7.2 25
7.3 24
7.4 19
7.5 16
7.6 23
7.7 23
7.8 15
7.9 11
8 14
8.1 5
8.2 8
8.3 4
8.4 7
8.5 4
8.6 4
8.7 5
8.8 4
8.9 5
9 4
9.1 6
9.2 7
9.3 4
9.4 7
9.5 5
9.6 5
9.7 2
9.8 8
9.9 10
10 8
10.1 4
10.2 5
10.3 6
10.4 6
10.5 3
10.6 2
10.7 6
10.8 6
10.9 8
11 8
11.1 5
11.2 6
11.3 3
11.4 1
11.5 7
11.6 7
11.7 5
11.8 3
11.9 4
12 2
12.1 3
12.2 5
12.3 7
12.4 6
12.5 6
12.6 2
12.7 5
12.8 5
12.9 6
13 7
13.1 7
13.2 13
13.3 11
13.4 5
13.5 2
13.6 1
13.7 4
13.8 4
13.9 7
14 4
14.1 3
14.2 4
14.3 6
14.4 5
14.5 6
14.6 7
14.7 6
14.8 3
14.9 8
15 18
15.1 6
15.2 5
15.3 6
15.4 4
15.5 4
15.6 6
15.7 4
15.8 6
15.9 13
16 15
16.1 10
16.2 9
16.3 6
16.4 1
16.5 5
16.6 7
16.7 6
16.8 6
16.9 7
17 5
17.1 2
17.2 4
17.3 4
17.4 12
17.5 7
17.6 7
17.7 5
17.8 8
17.9 6
18 5
18.1 5
18.2 4
18.3 4
18.4 10
18.5 12
18.6 6
18.7 7
18.8 8
18.9 13
19 8
19.1 8
19.2 8
19.3 8
19.4 8
19.5 5
19.6 6
19.7 4
19.8 1
19.9 8
20 6
20.1 5
20.2 2
20.3 4
20.4 2
20.5 4
20.6 6
20.7 2
20.8 6
20.9 6
21 9
21.1 8
21.2 6
21.3 6
21.4 2
21.5 3
21.6 12
21.7 28
21.8 28
21.9 23
22 13
22.1 15
22.2 35
22.3 33
22.4 15
22.5 33
22.6 26
22.7 28
22.8 34
22.9 24
23 22
23.1 36
23.2 35
23.3 31
23.4 33
23.5 39
23.6 35
23.7 34
23.8 39
23.9 26
24 41
24.1 32
24.2 43
24.3 40
24.4 43
24.5 48
24.6 58
24.7 52
24.8 43
24.9 46
25 55
25.1 44
25.2 51
25.3 40
25.4 42
25.5 36
25.6 42
25.7 39
25.8 50
25.9 46
26 42
26.1 42
26.2 38
26.3 39
26.4 43
26.5 36
26.6 42
26.7 37
26.8 43
26.9 42
27 32
27.1 51
27.2 40
27.3 48
27.4 44
27.5 44
27.6 38
27.7 51
27.8 41
27.9 60
28 56
28.1 60
28.2 49
28.3 32
28.4 32
28.5 31
28.6 30
28.7 18
28.8 8
28.9 33
29 21
29.1 11
29.2 6
29.3 4
29.4 3
29.5 8
29.6 5
29.7 10
29.8 7
29.9 6
30 4
30.1 8
30.2 6
30.3 4
30.4 2
30.5 4
30.6 5
30.7 7
30.8 7
30.9 4
31 3
31.1 6
31.2 3
31.3 3
31.4 6
31.5 3
31.6 5
31.7 5
31.8 1
31.9 0
32 4
32.1 4
32.2 9
32.3 6
32.4 4
32.5 7
32.6 4
32.7 5
32.8 4
32.9 6
33 7
33.1 7
33.2 6
33.3 5
33.4 2
33.5 5
33.6 9
33.7 7
33.8 8
33.9 13
34 12
34.1 8
34.2 8
34.3 7
34.4 3
34.5 4
34.6 5
34.7 9
34.8 5
34.9 1
35 3
35.1 9
35.2 6
35.3 6
35.4 4
35.5 7
35.6 2
35.7 3
35.8 5
35.9 3
36 9
36.1 5
36.2 7
36.3 6
36.4 3
36.5 3
36.6 2
36.7 13
36.8 11
36.9 3
37 4
37.1 8
37.2 7
37.3 6
37.4 8
37.5 2
37.6 2
37.7 3
37.8 2
37.9 7
38 6
38.1 4
38.2 5
38.3 2
38.4 5
38.5 3
38.6 3
38.7 3
38.8 9
38.9 4
39 3
39.1 3
39.2 4
39.3 5
39.4 6
39.5 6
39.6 4
39.7 4
39.8 6
39.9 4
40 9
40.1 8
40.2 7
40.3 5
40.4 5
40.5 5
40.6 4
40.7 27
40.8 28
40.9 23
41 40
41.1 39
41.2 34
41.3 51
41.4 50
41.5 37
41.6 24
41.7 36
41.8 39
41.9 41
42 53
42.1 46
42.2 44
42.3 40
42.4 36
42.5 27
42.6 24
42.7 33
42.8 50
42.9 40
43 44
43.1 39
43.2 41
43.3 37
43.4 43
43.5 44
43.6 29
43.7 30
43.8 37
43.9 45
44 31
44.1 32
44.2 38
44.3 37
44.4 51
44.5 35
44.6 36
44.7 30
44.8 30
44.9 44
45 54
45.1 44
45.2 41
45.3 36
45.4 32
45.5 45
45.6 46
45.7 50
45.8 38
45.9 44
46 32
46.1 38
46.2 42
46.3 46
46.4 34
46.5 49
46.6 38
46.7 27
46.8 20
46.9 23
47 26
47.1 20
47.2 7
47.3 8
47.4 8
47.5 4
47.6 4
47.7 4
47.8 1
47.9 2
48 3
48.1 6
48.2 2
48.3 6
48.4 5
48.5 7
48.6 9
48.7 12
48.8 4
48.9 5
49 4
49.1 3
49.2 3
49.3 2
49.4 11
49.5 9
49.6 13
49.7 12
49.8 6
49.9 4
50 5
50.1 5
50.2 1
50.3 2
50.4 1
50.5 2
50.6 5
50.7 6
50.8 6
50.9 7
51 2
51.1 6
51.2 6
51.3 8
51.4 3
51.5 4
51.6 4
51.7 7
51.8 6
51.9 2
52 6
52.1 5
52.2 6
52.3 6
52.4 5
52.5 7
52.6 10
52.7 9
52.8 11
52.9 9
53 4
53.1 3
53.2 4
53.3 4
53.4 1
53.5 5
53.6 4
53.7 7
53.8 8
53.9 2
54 6
54.1 5
54.2 4
54.3 4
54.4 2
54.5 2
54.6 6
54.7 4
54.8 3
54.9 4
55 6
55.1 3
55.2 2
55.3 6
55.4 6
55.5 7
55.6 6
55.7 6
55.8 9
55.9 6
56 7
56.1 4
56.2 6
56.3 5
56.4 8
56.5 9
56.6 11
56.7 5
56.8 6
56.9 6
57 5
57.1 6
57.2 5
57.3 2
57.4 4
57.5 6
57.6 7
57.7 6
57.8 8
57.9 3
58 6
58.1 5
58.2 4
58.3 36
58.4 18
58.5 13
58.6 7
58.7 3
58.8 7
58.9 7
59 4
59.1 7
59.2 3
59.3 4
59.4 6
59.5 4
59.6 4
59.7 3
59.8 5
59.9 6
60 5
60.1 6
60.2 5
60.3 6
60.4 5
60.5 4
60.6 5
60.7 7
60.8 7
60.9 3
61 1
61.1 4
61.2 4
61.3 2
61.4 6
61.5 4
61.6 7
61.7 7
61.8 8
61.9 7
62 3
62.1 7
62.2 11
62.3 11
62.4 6
62.5 3
62.6 4
62.7 7
62.8 7
62.9 10
63 7
63.1 6
63.2 10
63.3 9
63.4 5
63.5 10
63.6 11
63.7 5
63.8 4
63.9 8
64 11
64.1 30
64.2 27
64.3 37
64.4 37
64.5 40
64.6 53
64.7 50
64.8 40
64.9 43
65 43
65.1 41
65.2 35
65.3 44
65.4 46
65.5 50
65.6 53
65.7 50
65.8 40
65.9 46
66 47
66.1 50
66.2 42
66.3 49
66.4 49
66.5 49
66.6 43
66.7 39
66.8 39
66.9 39
67 39
67.1 47
67.2 34
67.3 38
67.4 35
67.5 36
67.6 38
67.7 33
67.8 38
67.9 33
68 33
68.1 37
68.2 39
68.3 50
68.4 45
68.5 29
68.6 30
68.7 36
68.8 41
68.9 26
69 26
69.1 12
69.2 22
69.3 20
69.4 46
69.5 35
69.6 34
69.7 37
69.8 28
69.9 17
70 5
70.1 5
70.2 5
70.3 3
70.4 7
70.5 6
70.6 5
70.7 5
70.8 6
70.9 4
71 6
71.1 8
71.2 6
71.3 10
71.4 5
71.5 6
71.6 1
71.7 4
71.8 3
71.9 5
72 8
72.1 6
72.2 6
72.3 4
72.4 6
72.5 5
72.6 3
72.7 8
72.8 9
72.9 4
73 5
73.1 4
73.2 3
73.3 3
73.4 1
73.5 2
73.6 0
73.7 1
73.8 7
73.9 7
74 5
74.1 11
74.2 5
74.3 5
74.4 7
74.5 6
74.6 3
74.7 6
74.8 9
74.9 6
75 3
75.1 3
75.2 13
75.3 7
75.4 4
75.5 10
75.6 8
75.7 4
75.8 7
75.9 3
76 4
76.1 2
76.2 5
76.3 3
76.4 3
76.5 5
76.6 4
76.7 3
76.8 5
76.9 6
77 3
77.1 2
77.2 3
77.3 4
77.4 5
77.5 6
77.6 5
77.7 4
77.8 6
77.9 10
78 5
78.1 5
78.2 8
78.3 7
78.4 6
78.5 10
78.6 8
78.7 3
78.8 1
78.9 3
79 3
79.1 5
79.2 5
79.3 4
79.4 5
79.5 2
79.6 5
79.7 9
79.8 7
79.9 6
80 6
80.1 2
80.2 3
80.3 2
80.4 5
80.5 4
80.6 2
80.7 6
80.8 8
80.9 6
81 3
81.1 10
81.2 14
81.3 6
81.4 9
81.5 8
81.6 4
81.7 7
81.8 5
81.9 7
82 5
82.1 4
82.2 6
82.3 9
82.4 8
82.5 5
82.6 10
82.7 4
82.8 4
82.9 14
83 8
83.1 12
83.2 4
83.3 1
83.4 2
83.5 6
83.6 7
83.7 10
83.8 6
83.9 9
84 6
84.1 5
84.2 11
84.3 9
84.4 9
84.5 6
84.6 9
84.7 4
84.8 6
84.9 7
85 5
85.1 8
85.2 14
85.3 14
85.4 23
85.5 43
85.6 21
85.7 24
85.8 28
85.9 33
86 36
86.1 22
86.2 40
86.3 44
86.4 27
86.5 39
86.6 54
86.7 48
86.8 51
86.9 47
87 52
87.1 53
87.2 49
87.3 47
87.4 41
87.5 41
87.6 42
87.7 42
87.8 55
87.9 40
88 43
88.1 45
88.2 44
88.3 35
88.4 40
88.5 42
88.6 41
88.7 44
88.8 39
88.9 41
89 51
89.1 62
89.2 53
89.3 43
89.4 50
89.5 49
89.6 48
89.7 44
89.8 40
89.9 31
90 34
90.1 26
90.2 42
90.3 44
90.4 27
90.5 29
90.6 33
90.7 36
90.8 45
90.9 49
91 33
91.1 42
91.2 46
91.3 31
91.4 53
91.5 54
91.6 49
91.7 37
91.8 37
91.9 34
92 30
92.1 35
92.2 39
92.3 55
92.4 50
92.5 19
92.6 19
92.7 15
92.8 16
92.9 11
93 10
93.1 6
93.2 4
93.3 5
93.4 1
93.5 4
93.6 3
93.7 10
93.8 4
93.9 6
94 10
94.1 5
94.2 3
94.3 22
94.4 7
94.5 3
94.6 4
94.7 5
94.8 5
94.9 9
95 5
95.1 3
95.2 3
95.3 3
95.4 7
95.5 6
95.6 6
95.7 8
95.8 4
95.9 1
96 8
96.1 10
96.2 5
96.3 4
96.4 7
96.5 5
96.6 3
96.7 8
96.8 9
96.9 11
97 4
97.1 3
97.2 3
97.3 6
97.4 6
97.5 2
97.6 6
97.7 8
97.8 13
97.9 10
98 7
98.1 7
98.2 6
98.3 4
98.4 3
98.5 3
98.6 1
98.7 5
98.8 6
98.9 7
99 4
99.1 4
99.2 4
99.3 4
99.4 2
99.5 4
99.6 4
99.7 4
99.8 7
99.9 4
100 2
100.1 4
100.2 10
100.3 5
100.4 4
100.5 10
100.6 19
100.7 13
100.8 6
100.9 2
101 8
101.1 6
101.2 5
101.3 9
101.4 6
101.5 10
101.6 9
101.7 13
101.8 8
101.9 10
102 6
102.1 15
102.2 13
102.3 10
102.4 18
102.5 21
102.6 6
102.7 5
102.8 4
102.9 4
103 1
103.1 5
103.2 4
103.3 2
103.4 4
103.5 8
103.6 8
103.7 5
103.8 2
103.9 3
104 7
104.1 4
104.2 5
104.3 3
104.4 4
104.5 7
104.6 7
104.7 11
104.8 11
104.9 7
105 6
105.1 3
105.2 5
105.3 6
105.4 1
105.5 1
105.6 3
105.7 6
105.8 9
105.9 16
106 14
106.1 13
106.2 7
106.3 5
106.4 4
106.5 5
106.6 4
106.7 5
106.8 7
106.9 5
107 3
107.1 6
107.2 8
107.3 17
107.4 21
107.5 8
107.6 8
107.7 2
107.8 3
107.9 3
108 4
108.1 7
108.2 9
108.3 9
108.4 8
108.5 4
108.6 5
108.7 9
108.8 19
108.9 32
109 21
109.1 16
109.2 17
109.3 22
109.4 44
109.5 45
109.6 32
109.7 38
109.8 34
109.9 31
110 25
110.1 35
110.2 42
110.3 46
110.4 52
110.5 38
110.6 61
110.7 49
110.8 56
110.9 43
111 58
111.1 54
111.2 58
111.3 56
111.4 57
111.5 54
111.6 51
111.7 37
111.8 38
111.9 55
112 42
112.1 40
112.2 50
112.3 49
112.4 41
112.5 37
112.6 47
112.7 45
112.8 45
112.9 38
113 39
113.1 38
113.2 29
113.3 47
113.4 47
113.5 35
113.6 31
113.7 34
113.8 50
113.9 50
114 45
114.1 52
114.2 52
114.3 49
114.4 52
114.5 56
114.6 52
114.7 21
114.8 25
114.9 31
115 28
115.1 35
115.2 58
115.3 51
115.4 58
115.5 48
115.6 32
115.7 27
115.8 28
115.9 33
116 21
116.1 9
116.2 7
116.3 5
116.4 6
116.5 5
116.6 3
116.7 6
116.8 4
116.9 4
117 4
117.1 5
117.2 6
117.3 4
117.4 4
117.5 3
117.6 4
117.7 2
117.8 3
117.9 4
118 4
118.1 7
118.2 9
118.3 9
118.4 7
118.5 10
118.6 4
118.7 13
118.8 7
118.9 6
119 3
119.1 6
119.2 5
119.3 7
119.4 5
119.5 5
119.6 3
119.7 1
119.8 4
119.9 4
120 5
120.1 7
120.2 9
120.3 9
120.4 4
120.5 8
120.6 6
120.7 3
120.8 2
120.9 5
121 4
121.1 4
121.2 4
121.3 7
121.4 6
121.5 8
121.6 6
121.7 4
121.8 2
121.9 5
122 9
122.1 8
122.2 6
122.3 4
122.4 6
122.5 4
122.6 3
122.7 3
122.8 4
122.9 0
123 1
123.1 0
123.2 2
123.3 9
123.4 21
123.5 11
123.6 10
123.7 8
123.8 3
123.9 4
124 4
124.1 5
124.2 3
124.3 6
124.4 6
124.5 2
124.6 3
124.7 6
124.8 7
124.9 7
125 8
125.1 8
125.2 4
125.3 5
125.4 4
125.5 4
125.6 3
125.7 2
125.8 5
125.9 8
126 5
126.1 6
126.2 8
126.3 8
126.4 5
126.5 8
126.6 6
126.7 7
126.8 6
126.9 14
127 8
127.1 4
127.2 5
127.3 8
127.4 8
127.5 2
127.6 4
127.7 4
127.8 3
127.9 6
128 6
128.1 4
128.2 6
128.3 28
128.4 10
128.5 9
128.6 5
128.7 19
128.8 17
128.9 11
129 6
129.1 8
129.2 10
129.3 4
129.4 10
129.5 16
129.6 23
129.7 10
129.8 8
129.9 8
130 7
130.1 35
130.2 19
130.3 28
130.4 27
130.5 24
130.6 32
130.7 47
130.8 43
130.9 24
131 20
131.1 40
131.2 32
131.3 23
131.4 38
131.5 49
131.6 54
131.7 34
131.8 30
131.9 31
132 35
132.1 28
132.2 32
132.3 30
132.4 26
132.5 29
132.6 38
132.7 40
132.8 45
132.9 45
133 51
133.1 45
133.2 42
133.3 49
133.4 48
133.5 44
133.6 32
133.7 46
133.8 42
133.9 38
134 34
134.1 40
134.2 40
134.3 26
134.4 40
134.5 41
134.6 42
134.7 31
134.8 26
134.9 30
135 22
135.1 51
135.2 30
135.3 17
135.4 22
135.5 32
135.6 33
135.7 30
135.8 36
135.9 31
136 44
136.1 31
136.2 33
136.3 8
136.4 8
136.5 4
136.6 0
136.7 4
136.8 6
136.9 6
137 3
137.1 7
137.2 10
137.3 13
137.4 6
137.5 2
137.6 3
137.7 4
137.8 6
137.9 3
138 5
138.1 5
138.2 7
138.3 8
138.4 8
138.5 3
138.6 3
138.7 6
138.8 5
138.9 5
139 5
139.1 4
139.2 4
139.3 4
139.4 3
139.5 2
139.6 5
139.7 4
139.8 5
139.9 5
140 5
140.1 5
140.2 4
140.3 0
140.4 3
140.5 4
140.6 4
140.7 5
140.8 9
140.9 6
141 6
141.1 7
141.2 8
141.3 6
141.4 8
141.5 8
141.6 10
141.7 6
141.8 11
141.9 4
142 8
142.1 0
142.2 4
142.3 4
142.4 2
142.5 4
142.6 5
142.7 6
142.8 4
142.9 5
143 7
143.1 6
143.2 3
143.3 4
143.4 6
143.5 5
143.6 7
143.7 6
143.8 4
143.9 7
144 6
144.1 9
144.2 6
144.3 5
144.4 6
144.5 8
144.6 8
144.7 2
144.8 3
144.9 6
145 2
145.1 3
145.2 4
145.3 4
145.4 4
145.5 4
145.6 5
145.7 4
145.8 4
145.9 4
146 3
146.1 2
146.2 8
146.3 7
146.4 5
146.5 4
146.6 3
146.7 3
146.8 5
146.9 2
147 0
147.1 2
147.2 1
147.3 2
147.4 10
147.5 25
147.6 24
147.7 14
147.8 8
147.9 4
148 13
148.1 12
148.2 23
148.3 18
148.4 29
148.5 25
148.6 22
148.7 30
148.8 22
148.9 26
149 24
149.1 21
149.2 25
149.3 33
149.4 27
149.5 29
149.6 39
149.7 35
149.8 45
149.9 32
150 30
150.1 40
150.2 43
150.3 29
150.4 38
150.5 31
150.6 25
150.7 38
150.8 40
150.9 31
151 43
151.1 43
151.2 36
151.3 47
151.4 49
151.5 37
151.6 40
151.7 29
151.8 31
151.9 32
152 34
152.1 51
152.2 44
152.3 45
152.4 46
152.5 44
152.6 34
152.7 36
152.8 43
152.9 47
153 28
153.1 37
153.2 34
153.3 34
153.4 26
153.5 28
153.6 22
153.7 35
153.8 29
153.9 21
154 38
154.1 41
154.2 18
154.3 36
154.4 30
154.5 12
154.6 8
154.7 3
154.8 6
154.9 6
155 6
155.1 6
155.2 4
155.3 5
155.4 4
155.5 3
155.6 5
155.7 10
155.8 4
155.9 7
156 7
156.1 2
156.2 5
156.3 4
156.4 7
156.5 7
156.6 9
156.7 4
156.8 5
156.9 7
157 7
157.1 3
157.2 3
157.3 0
157.4 5
157.5 7
157.6 2
157.7 3
157.8 4
157.9 7
158 7
158.1 19
158.2 16
158.3 14
158.4 13
158.5 7
158.6 5
158.7 7
158.8 4
158.9 6
159 4
159.1 1
159.2 4
159.3 9
159.4 7
159.5 1
159.6 3
159.7 9
159.8 7
159.9 9
160 5
160.1 4
160.2 5
160.3 7
160.4 11
160.5 6
160.6 5
160.7 5
160.8 3
160.9 4
161 6
161.1 6
161.2 6
161.3 5
161.4 6
161.5 8
161.6 5
161.7 5
161.8 1
161.9 2
162 10
162.1 7
162.2 3
162.3 5
162.4 4
162.5 4
162.6 1
162.7 2
162.8 8
162.9 5
163 12
163.1 8
163.2 3
163.3 3
163.4 6
163.5 5
163.6 7
163.7 7
163.8 6
163.9 8
164 6
164.1 16
164.2 8
164.3 5
164.4 4
164.5 13
164.6 8
164.7 5
164.8 6
164.9 11
165 5
165.1 2
165.2 5
165.3 2
165.4 6
165.5 5
165.6 5
165.7 3
165.8 3
165.9 6
166 6
166.1 1
166.2 3
166.3 5
166.4 10
166.5 18
166.6 7
166.7 6
166.8 5
166.9 8
167 26
167.1 30
167.2 23
167.3 17
167.4 8
167.5 14
167.6 5
167.7 11
167.8 5
167.9 12
168 12
168.1 18
168.2 13
168.3 16
168.4 11
168.5 22
168.6 25
168.7 27
168.8 36
168.9 28
169 38
169.1 28
169.2 40
169.3 37
169.4 39
169.5 47
169.6 33
169.7 42
169.8 42
169.9 49
170 59
170.1 42
170.2 48
170.3 43
170.4 41
170.5 47
170.6 54
170.7 47
170.8 48
170.9 43
171 54
171.1 44
171.2 38
171.3 44
171.4 41
171.5 53
171.6 31
171.7 38
171.8 30
171.9 27
172 29
172.1 25
172.2 43
172.3 41
172.4 44
172.5 37
172.6 42
172.7 51
172.8 34
172.9 39
173 35
173.1 34
173.2 33
173.3 33
173.4 21
173.5 20
173.6 13
173.7 15
173.8 9
173.9 4
174 6
174.1 10
174.2 8
174.3 3
174.4 3
174.5 4
174.6 4
174.7 5
174.8 2
174.9 9
175 5
175.1 2
175.2 7
175.3 7
175.4 10
175.5 4
175.6 4
175.7 7
175.8 4
175.9 7
176 9
176.1 8
176.2 8
176.3 11
176.4 9
176.5 7
176.6 4
176.7 9
176.8 6
176.9 5
177 5
177.1 3
177.2 6
177.3 5
177.4 7
177.5 3
177.6 7
177.7 7
177.8 6
177.9 2
178 4
178.1 6
178.2 5
178.3 7
178.4 5
178.5 4
178.6 2
178.7 3
178.8 7
178.9 5
179 1
179.1 3
179.2 3
179.3 3
179.4 4
179.5 6
179.6 7
179.7 6
179.8 6
179.9 8
180 6
180.1 6
180.2 9
180.3 4
180.4 4
180.5 5
180.6 3
180.7 3
180.8 6
180.9 4
181 2
181.1 1
181.2 4
181.3 3
181.4 5
181.5 5
181.6 9
181.7 2
181.8 4
181.9 5
182 3
182.1 2
182.2 3
182.3 7
182.4 3
182.5 4
182.6 4
182.7 1
182.8 4
182.9 9
183 5
183.1 3
183.2 2
183.3 4
183.4 4
183.5 0
183.6 5
183.7 6
183.8 12
183.9 5
184 5
184.1 5
184.2 27
184.3 32
184.4 19
184.5 13
184.6 9
184.7 7
184.8 8
184.9 5
185 5
185.1 5
185.2 3
185.3 3
185.4 4
185.5 6
185.6 11
185.7 3
185.8 4
185.9 4
186 6
186.1 7
186.2 5
186.3 8
186.4 4
186.5 2
186.6 1
186.7 3
186.8 2
186.9 3
187 5
187.1 5
187.2 6
187.3 10
187.4 3
187.5 5
187.6 4
187.7 2
187.8 7
187.9 5
188 5
188.1 3
188.2 3
188.3 7
188.4 5
188.5 3
188.6 8
188.7 9
188.8 22
188.9 14
189 10
189.1 7
189.2 7
189.3 6
189.4 8
189.5 9
189.6 9
189.7 11
189.8 17
189.9 33
190 22
190.1 41
190.2 31
190.3 32
190.4 22
190.5 25
190.6 14
190.7 24
190.8 23
190.9 17
191 46
191.1 42
191.2 38
191.3 42
191.4 28
191.5 41
191.6 27
191.7 24
191.8 34
191.9 40
192 29
192.1 43
192.2 47
192.3 43
192.4 34
192.5 41
192.6 45
192.7 37
192.8 39
192.9 49
193 46
193.1 37
193.2 28
193.3 37
193.4 41
193.5 27
193.6 21
193.7 16
193.8 31
193.9 19
194 28
194.1 16
194.2 7
194.3 31
194.4 27
194.5 12
194.6 10
194.7 8
194.8 9
194.9 5
195 8
195.1 7
195.2 4
195.3 4
195.4 6
195.5 5
195.6 8
195.7 5
195.8 4
195.9 3
196 3
196.1 2
196.2 4
196.3 5
196.4 4
196.5 5
196.6 4
196.7 5
196.8 7
196.9 6
197 4
197.1 3
197.2 4
197.3 4
197.4 7
197.5 7
197.6 8
197.7 6
197.8 7
197.9 2
198 4
198.1 6
198.2 9
198.3 11
198.4 7
198.5 3
198.6 2
198.7 2
198.8 5
198.9 2
199 3
199.1 6
199.2 6
199.3 8
199.4 2
199.5 1
199.6 4
199.7 3
199.8 6
199.9 4
200 5
