0 0
0.1 0
0.2 0
0.3 0
0.4 0
0.5 0
0.6 0
0.7 1
0.8 1
0.9 1
1 2
1.1 2
1.2 0
1.3 1
1.4 2
1.5 0
1.6 1
1.7 0
1.8 0
1.9 0
2 2
2.1 2
2.2 2
2.3 3
2.4 2
2.5 3
2.6 6
2.7 5
2.8 0
2.9 2
3 0
3.1 1
3.2 2
3.3 6
3.4 1
3.5 2
3.6 4
3.7 3
3.8 4
3.9 5
4 5
4.1 2
4.2 1
4.3 7
4.4 4
4.5 4
4.6 4
4.7 7
4.8 4
4.9 3
5 6
5.1 9
5.2 6
5.3 5
5.4 8
5.5 5
5.6 8
5.7 4
5.8 10
5.9 9
6 11
6.1 9
6.2 12
6.3 10
6.4 12
6.5 11
6.6 9
6.7 10
6.8 15
6.9 16
7 18
7.1 17
7.2 29
7.3 41
7.4 53
7.5 84
7.6 118
7.7 184
7.8 269
7.9 370
8 431
8.1 521
8.2 601
8.3 699
8.4 777
8.5 828
8.6 894
8.7 961
8.8 1012
8.9 1076
9 1098
9.1 1134
9.2 1150
9.3 1180
9.4 1198
9.5 1217
9.6 1240
9.7 1255
9.8 1255
9.9 1218
10 1204
10.1 1195
10.2 1188
10.3 1184
10.4 1182
10.5 1176
10.6 1167
10.7 1162
10.8 1141
10.9 1131
11 1112
11.1 1095
11.2 1085
11.3 1072
11.4 1059
11.5 1042
11.6 1011
11.7 1013
11.8 1011
11.9 1006
12 1003
12.1 993
12.2 981
12.3 961
12.4 930
12.5 901
12.6 886
12.7 880
12.8 864
12.9 845
13 833
13.1 793
13.2 753
13.3 705
13.4 688
13.5 684
13.6 695
13.7 702
13.8 694
13.9 689
14 677
14.1 677
14.2 668
14.3 651
14.4 636
14.5 623
14.6 605
14.7 610
14.8 609
14.9 591
15 520
15.1 485
15.2 475
15.3 466
15.4 476
15.5 473
15.6 471
15.7 460
15.8 465
15.9 453
16 408
16.1 381
16.2 371
16.3 364
16.4 374
16.5 391
16.6 392
16.7 377
16.8 365
16.9 375
17 378
17.1 375
17.2 392
17.3 388
17.4 379
17.5 343
17.6 331
17.7 320
17.8 315
17.9 310
18 301
18.1 305
18.2 288
18.3 295
18.4 284
18.5 245
18.6 229
18.7 229
18.8 223
18.9 230
19 200
19.1 191
19.2 183
19.3 168
19.4 153
19.5 139
19.6 147
19.7 157
19.8 160
19.9 162
20 165
20.1 170
20.2 192
20.3 210
20.4 218
20.5 226
20.6 222
20.7 233
20.8 248
20.9 238
21 218
21.1 192
21.2 181
21.3 180
21.4 189
21.5 209
21.6 192
21.7 162
21.8 88
21.9 57
22 26
22.1 23
22.2 21
22.3 10
22.4 9
22.5 11
22.6 7
22.7 6
22.8 4
22.9 3
23 9
23.1 5
23.2 2
23.3 4
23.4 6
23.5 7
23.6 9
23.7 7
23.8 1
23.9 3
24 5
24.1 2
24.2 9
24.3 5
24.4 2
24.5 3
24.6 7
24.7 8
24.8 5
24.9 6
25 8
25.1 3
25.2 7
25.3 4
25.4 7
25.5 6
25.6 6
25.7 7
25.8 10
25.9 5
26 9
26.1 3
26.2 14
26.3 6
26.4 7
26.5 8
26.6 11
26.7 7
26.8 11
26.9 12
27 8
27.1 14
27.2 15
27.3 15
27.4 16
27.5 17
27.6 15
27.7 27
27.8 18
27.9 16
28 19
28.1 15
28.2 17
28.3 22
28.4 20
28.5 34
28.6 36
28.7 65
28.8 98
28.9 169
29 219
29.1 314
29.2 426
29.3 579
29.4 703
29.5 822
29.6 920
29.7 992
29.8 1063
29.9 1125
30 1182
30.1 1219
30.2 1276
30.3 1302
30.4 1344
30.5 1379
30.6 1403
30.7 1412
30.8 1431
30.9 1455
31 1475
31.1 1483
31.2 1467
31.3 1473
31.4 1473
31.5 1479
31.6 1480
31.7 1457
31.8 1449
31.9 1443
32 1446
32.1 1428
32.2 1395
32.3 1359
32.4 1330
32.5 1300
32.6 1277
32.7 1268
32.8 1243
32.9 1229
33 1207
33.1 1169
33.2 1143
33.3 1120
33.4 1121
33.5 1115
33.6 1110
33.7 1062
33.8 1037
33.9 991
34 932
34.1 907
34.2 872
34.3 850
34.4 838
34.5 816
34.6 811
34.7 793
34.8 784
34.9 789
35 802
35.1 775
35.2 758
35.3 742
35.4 736
35.5 730
35.6 728
35.7 733
35.8 727
35.9 733
36 732
36.1 702
36.2 691
36.3 677
36.4 668
36.5 672
36.6 662
36.7 607
36.8 561
36.9 550
37 540
37.1 535
37.2 509
37.3 495
37.4 494
37.5 493
37.6 504
37.7 509
37.8 502
37.9 496
38 491
38.1 487
38.2 481
38.3 489
38.4 484
38.5 481
38.6 475
38.7 480
38.8 462
38.9 445
39 439
39.1 432
39.2 419
39.3 404
39.4 384
39.5 363
39.6 343
39.7 347
39.8 342
39.9 342
40 335
40.1 293
40.2 286
40.3 267
40.4 258
40.5 252
40.6 257
40.7 256
40.8 157
40.9 92
41 44
41.1 17
41.2 11
41.3 10
41.4 6
41.5 2
41.6 7
41.7 4
41.8 1
41.9 5
42 4
42.1 4
42.2 5
42.3 3
42.4 3
42.5 10
42.6 6
42.7 8
42.8 7
42.9 5
43 4
43.1 2
43.2 4
43.3 6
43.4 5
43.5 4
43.6 6
43.7 6
43.8 11
43.9 9
44 5
44.1 10
44.2 6
44.3 10
44.4 6
44.5 11
44.6 10
44.7 8
44.8 13
44.9 9
45 11
45.1 12
45.2 8
45.3 11
45.4 13
45.5 18
45.6 18
45.7 16
45.8 17
45.9 19
46 22
46.1 16
46.2 32
46.3 26
46.4 27
46.5 35
46.6 28
46.7 41
46.8 37
46.9 69
47 113
47.1 180
47.2 268
47.3 412
47.4 547
47.5 674
47.6 776
47.7 864
47.8 953
47.9 1039
48 1131
48.1 1213
48.2 1284
48.3 1324
48.4 1334
48.5 1372
48.6 1383
48.7 1390
48.8 1395
48.9 1419
49 1434
49.1 1454
49.2 1457
49.3 1453
49.4 1452
49.5 1444
49.6 1393
49.7 1346
49.8 1349
49.9 1366
50 1376
50.1 1381
50.2 1383
50.3 1370
50.4 1380
50.5 1393
50.6 1374
50.7 1346
50.8 1309
50.9 1284
51 1276
51.1 1261
51.2 1233
51.3 1205
51.4 1186
51.5 1186
51.6 1170
51.7 1168
51.8 1154
51.9 1149
52 1128
52.1 1115
52.2 1105
52.3 1091
52.4 1065
52.5 1025
52.6 990
52.7 959
52.8 934
52.9 911
53 903
53.1 895
53.2 879
53.3 867
53.4 878
53.5 872
53.6 865
53.7 841
53.8 806
53.9 787
54 790
54.1 765
54.2 755
54.3 741
54.4 727
54.5 743
54.6 733
54.7 709
54.8 701
54.9 697
55 677
55.1 664
55.2 658
55.3 644
55.4 618
55.5 617
55.6 604
55.7 580
55.8 560
55.9 529
56 518
56.1 509
56.2 506
56.3 504
56.4 503
56.5 501
56.6 478
56.7 468
56.8 461
56.9 442
57 450
57.1 459
57.2 446
57.3 436
57.4 442
57.5 452
57.6 415
57.7 382
57.8 386
57.9 378
58 381
58.1 362
58.2 365
58.3 322
58.4 228
58.5 168
58.6 157
58.7 166
58.8 188
58.9 197
59 200
59.1 209
59.2 219
59.3 239
59.4 259
59.5 270
59.6 286
59.7 291
59.8 290
59.9 285
60 279
60.1 291
60.2 276
60.3 277
60.4 279
60.5 274
60.6 274
60.7 280
60.8 267
60.9 263
61 267
61.1 270
61.2 263
61.3 266
61.4 275
61.5 276
61.6 268
61.7 257
61.8 253
61.9 225
62 220
62.1 224
62.2 208
62.3 175
62.4 176
62.5 175
62.6 193
62.7 189
62.8 185
62.9 176
63 166
63.1 163
63.2 151
63.3 136
63.4 118
63.5 106
63.6 100
63.7 90
63.8 102
63.9 103
64 104
64.1 85
64.2 25
64.3 13
64.4 8
64.5 4
64.6 4
64.7 2
64.8 4
64.9 1
65 5
65.1 2
65.2 3
65.3 5
65.4 7
65.5 5
65.6 5
65.7 1
65.8 2
65.9 5
66 5
66.1 7
66.2 8
66.3 6
66.4 4
66.5 5
66.6 1
66.7 4
66.8 9
66.9 7
67 4
67.1 6
67.2 8
67.3 4
67.4 6
67.5 11
67.6 3
67.7 6
67.8 9
67.9 12
68 14
68.1 10
68.2 12
68.3 13
68.4 15
68.5 14
68.6 24
68.7 18
68.8 21
68.9 23
69 18
69.1 29
69.2 38
69.3 56
69.4 54
69.5 53
69.6 59
69.7 76
69.8 91
69.9 128
70 220
70.1 362
70.2 511
70.3 605
70.4 683
70.5 762
70.6 846
70.7 922
70.8 964
70.9 1028
71 1074
71.1 1098
71.2 1119
71.3 1125
71.4 1152
71.5 1182
71.6 1211
71.7 1248
71.8 1263
71.9 1261
72 1261
72.1 1270
72.2 1258
72.3 1255
72.4 1247
72.5 1233
72.6 1261
72.7 1249
72.8 1233
72.9 1237
73 1244
73.1 1242
73.2 1221
73.3 1204
73.4 1192
73.5 1201
73.6 1214
73.7 1210
73.8 1178
73.9 1143
74 1120
74.1 1090
74.2 1055
74.3 1062
74.4 1044
74.5 1019
74.6 1004
74.7 1003
74.8 979
74.9 945
75 930
75.1 941
75.2 926
75.3 881
75.4 867
75.5 849
75.6 808
75.7 790
75.8 788
75.9 784
76 780
76.1 786
76.2 778
76.3 772
76.4 764
76.5 768
76.6 751
76.7 752
76.8 733
76.9 717
77 710
77.1 706
77.2 704
77.3 699
77.4 688
77.5 676
77.6 652
77.7 641
77.8 632
77.9 595
78 573
78.1 567
78.2 549
78.3 529
78.4 535
78.5 520
78.6 486
78.7 486
78.8 482
78.9 486
79 476
79.1 479
79.2 466
79.3 466
79.4 448
79.5 448
79.6 449
79.7 432
79.8 417
79.9 409
80 385
80.1 388
80.2 387
80.3 391
80.4 396
80.5 394
80.6 374
80.7 364
80.8 346
80.9 343
81 333
81.1 326
81.2 298
81.3 276
81.4 264
81.5 234
81.6 215
81.7 222
81.8 220
81.9 220
82 213
82.1 215
82.2 220
82.3 222
82.4 199
82.5 195
82.6 199
82.7 197
82.8 197
82.9 203
83 149
83.1 133
83.2 110
83.3 131
83.4 141
83.5 161
83.6 164
83.7 151
83.8 145
83.9 146
84 145
84.1 148
84.2 145
84.3 144
84.4 121
84.5 120
84.6 106
84.7 100
84.8 110
84.9 117
85 118
85.1 126
85.2 103
85.3 73
85.4 52
85.5 27
85.6 15
85.7 11
85.8 4
85.9 11
86 8
86.1 5
86.2 4
86.3 9
86.4 6
86.5 8
86.6 4
86.7 5
86.8 4
86.9 3
87 3
87.1 1
87.2 2
87.3 2
87.4 6
87.5 2
87.6 6
87.7 2
87.8 4
87.9 3
88 4
88.1 4
88.2 3
88.3 4
88.4 8
88.5 4
88.6 3
88.7 6
88.8 2
88.9 2
89 4
89.1 11
89.2 5
89.3 6
89.4 5
89.5 6
89.6 5
89.7 8
89.8 4
89.9 10
90 10
90.1 20
90.2 14
90.3 6
90.4 10
90.5 19
90.6 16
90.7 16
90.8 18
90.9 15
91 17
91.1 32
91.2 24
91.3 23
91.4 25
91.5 21
91.6 23
91.7 29
91.8 33
91.9 37
92 35
92.1 55
92.2 86
92.3 61
92.4 48
92.5 63
92.6 105
92.7 186
92.8 291
92.9 402
93 502
93.1 608
93.2 730
93.3 840
93.4 937
93.5 1035
93.6 1131
93.7 1158
93.8 1185
93.9 1219
94 1264
94.1 1289
94.2 1310
94.3 1322
94.4 1280
94.5 1294
94.6 1343
94.7 1351
94.8 1379
94.9 1349
95 1337
95.1 1358
95.2 1373
95.3 1373
95.4 1373
95.5 1358
95.6 1360
95.7 1335
95.8 1317
95.9 1315
96 1303
96.1 1271
96.2 1252
96.3 1244
96.4 1250
96.5 1240
96.6 1226
96.7 1222
96.8 1206
96.9 1150
97 1111
97.1 1114
97.2 1105
97.3 1088
97.4 1062
97.5 1052
97.6 1047
97.7 1021
97.8 990
97.9 921
98 896
98.1 873
98.2 863
98.3 852
98.4 861
98.5 871
98.6 876
98.7 858
98.8 855
98.9 847
99 827
99.1 818
99.2 798
99.3 792
99.4 788
99.5 774
99.6 768
99.7 742
99.8 735
99.9 718
100 713
100.1 708
100.2 684
100.3 661
100.4 631
100.5 623
100.6 541
100.7 453
100.8 430
100.9 443
101 435
101.1 440
101.2 452
101.3 441
101.4 442
101.5 442
101.6 430
101.7 399
101.8 392
101.9 376
102 370
102.1 374
102.2 329
102.3 316
102.4 295
102.5 258
102.6 223
102.7 241
102.8 270
102.9 294
103 330
103.1 356
103.2 356
103.3 352
103.4 364
103.5 363
103.6 347
103.7 336
103.8 330
103.9 335
104 335
104.1 315
104.2 302
104.3 295
104.4 302
104.5 294
104.6 293
104.7 279
104.8 254
104.9 238
105 242
105.1 242
105.2 244
105.3 244
105.4 248
105.5 266
105.6 264
105.7 273
105.8 263
105.9 239
106 200
106.1 151
106.2 137
106.3 138
106.4 144
106.5 148
106.6 173
106.7 175
106.8 176
106.9 162
107 175
107.1 166
107.2 163
107.3 161
107.4 126
107.5 91
107.6 76
107.7 76
107.8 99
107.9 117
108 133
108.1 151
108.2 166
108.3 144
108.4 136
108.5 151
108.6 164
108.7 160
108.8 132
108.9 67
109 34
109.1 24
109.2 14
109.3 16
109.4 7
109.5 6
109.6 6
109.7 10
109.8 7
109.9 4
110 9
110.1 4
110.2 2
110.3 3
110.4 5
110.5 5
110.6 5
110.7 3
110.8 6
110.9 3
111 6
111.1 4
111.2 8
111.3 1
111.4 2
111.5 2
111.6 3
111.7 4
111.8 5
111.9 6
112 4
112.1 6
112.2 4
112.3 12
112.4 8
112.5 9
112.6 6
112.7 5
112.8 8
112.9 4
113 9
113.1 6
113.2 9
113.3 12
113.4 14
113.5 13
113.6 19
113.7 10
113.8 17
113.9 10
114 11
114.1 22
114.2 11
114.3 16
114.4 14
114.5 6
114.6 13
114.7 22
114.8 21
114.9 27
115 35
115.1 38
115.2 35
115.3 24
115.4 44
115.5 26
115.6 28
115.7 42
115.8 63
115.9 56
116 63
116.1 135
116.2 242
116.3 368
116.4 501
116.5 592
116.6 693
116.7 808
116.8 869
116.9 946
117 999
117.1 1067
117.2 1112
117.3 1134
117.4 1195
117.5 1223
117.6 1259
117.7 1272
117.8 1297
117.9 1301
118 1294
118.1 1291
118.2 1252
118.3 1235
118.4 1200
118.5 1190
118.6 1198
118.7 1172
118.8 1145
118.9 1157
119 1154
119.1 1164
119.2 1155
119.3 1132
119.4 1126
119.5 1111
119.6 1108
119.7 1119
119.8 1113
119.9 1096
120 1083
120.1 1064
120.2 1044
120.3 999
120.4 969
120.5 962
120.6 949
120.7 949
120.8 947
120.9 934
121 918
121.1 903
121.2 871
121.3 855
121.4 842
121.5 816
121.6 790
121.7 768
121.8 764
121.9 761
122 737
122.1 708
122.2 680
122.3 675
122.4 675
122.5 662
122.6 652
122.7 654
122.8 636
122.9 618
123 612
123.1 630
123.2 639
123.3 639
123.4 570
123.5 523
123.6 506
123.7 475
123.8 457
123.9 466
124 466
124.1 452
124.2 445
124.3 458
124.4 458
124.5 447
124.6 453
124.7 450
124.8 437
124.9 431
125 421
125.1 392
125.2 380
125.3 373
125.4 365
125.5 372
125.6 368
125.7 372
125.8 383
125.9 368
126 359
126.1 355
126.2 339
126.3 321
126.4 298
126.5 292
126.6 270
126.7 263
126.8 267
126.9 251
127 229
127.1 225
127.2 220
127.3 238
127.4 219
127.5 225
127.6 237
127.7 243
127.8 253
127.9 245
128 245
128.1 247
128.2 244
128.3 204
128.4 152
128.5 136
128.6 116
128.7 113
128.8 67
128.9 45
129 48
129.1 50
129.2 56
129.3 62
129.4 70
129.5 60
129.6 43
129.7 34
129.8 41
129.9 45
130 49
130.1 60
130.2 41
130.3 23
130.4 15
130.5 12
130.6 16
130.7 9
130.8 8
130.9 7
131 2
131.1 5
131.2 7
131.3 13
131.4 7
131.5 5
131.6 7
131.7 6
131.8 4
131.9 2
132 7
132.1 11
132.2 8
132.3 8
132.4 8
132.5 6
132.6 12
132.7 6
132.8 10
132.9 7
133 6
133.1 7
133.2 4
133.3 9
133.4 6
133.5 13
133.6 9
133.7 8
133.8 7
133.9 6
134 10
134.1 6
134.2 12
134.3 17
134.4 17
134.5 15
134.6 19
134.7 13
134.8 25
134.9 21
135 29
135.1 27
135.2 19
135.3 27
135.4 38
135.5 48
135.6 35
135.7 52
135.8 49
135.9 50
136 47
136.1 53
136.2 77
136.3 86
136.4 183
136.5 307
136.6 450
136.7 574
136.8 652
136.9 710
137 784
137.1 843
137.2 882
137.3 883
137.4 910
137.5 965
137.6 1010
137.7 1045
137.8 1063
137.9 1070
138 1080
138.1 1095
138.2 1095
138.3 1098
138.4 1082
138.5 1093
138.6 1110
138.7 1109
138.8 1094
138.9 1075
139 1067
139.1 1074
139.2 1062
139.3 1055
139.4 1055
139.5 1027
139.6 1018
139.7 987
139.8 970
139.9 979
140 965
140.1 949
140.2 936
140.3 948
140.4 947
140.5 935
140.6 927
140.7 906
140.8 880
140.9 844
141 838
141.1 828
141.2 806
141.3 769
141.4 745
141.5 726
141.6 710
141.7 679
141.8 677
141.9 659
142 638
142.1 630
142.2 640
142.3 628
142.4 634
142.5 644
142.6 636
142.7 606
142.8 586
142.9 565
143 573
143.1 562
143.2 551
143.3 561
143.4 559
143.5 560
143.6 544
143.7 530
143.8 531
143.9 508
144 497
144.1 465
144.2 462
144.3 449
144.4 441
144.5 434
144.6 428
144.7 424
144.8 437
144.9 436
145 435
145.1 439
145.2 427
145.3 434
145.4 420
145.5 426
145.6 410
145.7 415
145.8 403
145.9 401
146 392
146.1 381
146.2 379
146.3 348
146.4 329
146.5 334
146.6 338
146.7 346
146.8 348
146.9 340
147 344
147.1 345
147.2 342
147.3 350
147.4 345
147.5 307
147.6 202
147.7 148
147.8 105
147.9 108
148 119
148.1 111
148.2 83
148.3 51
148.4 26
148.5 20
148.6 16
148.7 12
148.8 16
148.9 10
149 8
149.1 9
149.2 13
149.3 9
149.4 14
149.5 11
149.6 15
149.7 15
149.8 4
149.9 10
150 9
150.1 7
150.2 9
150.3 11
150.4 4
150.5 10
150.6 9
150.7 13
150.8 19
150.9 9
151 15
151.1 8
151.2 9
151.3 27
151.4 13
151.5 13
151.6 11
151.7 17
151.8 16
151.9 14
152 20
152.1 15
152.2 16
152.3 15
152.4 16
152.5 16
152.6 16
152.7 17
152.8 8
152.9 8
153 29
153.1 23
153.2 14
153.3 25
153.4 12
153.5 21
153.6 24
153.7 49
153.8 43
153.9 49
154 48
154.1 49
154.2 61
154.3 79
154.4 116
154.5 111
154.6 204
154.7 313
154.8 426
154.9 530
155 590
155.1 649
155.2 730
155.3 789
155.4 861
155.5 912
155.6 967
155.7 992
155.8 1020
155.9 1044
156 1069
156.1 1087
156.2 1117
156.3 1144
156.4 1155
156.5 1149
156.6 1125
156.7 1144
156.8 1151
156.9 1149
157 1141
157.1 1142
157.2 1145
157.3 1157
157.4 1156
157.5 1143
157.6 1117
157.7 1135
157.8 1102
157.9 1074
158 1059
158.1 1035
158.2 957
158.3 915
158.4 852
158.5 831
158.6 826
158.7 827
158.8 839
158.9 844
159 838
159.1 845
159.2 853
159.3 850
159.4 838
159.5 835
159.6 845
159.7 828
159.8 804
159.9 775
160 771
160.1 763
160.2 754
160.3 745
160.4 720
160.5 683
160.6 651
160.7 645
160.8 640
160.9 645
161 644
161.1 651
161.2 643
161.3 629
161.4 614
161.5 582
161.6 562
161.7 553
161.8 557
161.9 556
162 546
162.1 521
162.2 527
162.3 522
162.4 510
162.5 490
162.6 494
162.7 484
162.8 478
162.9 460
163 450
163.1 421
163.2 409
163.3 415
163.4 411
163.5 400
163.6 383
163.7 358
163.8 350
163.9 336
164 330
164.1 299
164.2 265
164.3 248
164.4 253
164.5 266
164.6 252
164.7 266
164.8 268
164.9 264
165 276
165.1 266
165.2 278
165.3 287
165.4 285
165.5 281
165.6 277
165.7 286
165.8 284
165.9 288
166 284
166.1 286
166.2 294
166.3 293
166.4 260
166.5 218
166.6 173
166.7 177
166.8 186
166.9 182
167 144
167.1 91
167.2 36
167.3 26
167.4 21
167.5 29
167.6 23
167.7 39
167.8 32
167.9 35
168 45
168.1 40
168.2 33
168.3 29
168.4 17
168.5 25
168.6 16
168.7 22
168.8 11
168.9 12
169 8
169.1 12
169.2 9
169.3 7
169.4 14
169.5 5
169.6 9
169.7 3
169.8 2
169.9 6
170 8
170.1 3
170.2 8
170.3 3
170.4 4
170.5 8
170.6 4
170.7 5
170.8 11
170.9 1
171 2
171.1 4
171.2 9
171.3 5
171.4 5
171.5 6
171.6 9
171.7 7
171.8 9
171.9 10
172 12
172.1 11
172.2 20
172.3 16
172.4 17
172.5 16
172.6 20
172.7 16
172.8 16
172.9 21
173 20
173.1 21
173.2 29
173.3 24
173.4 40
173.5 53
173.6 59
173.7 119
173.8 169
173.9 309
174 458
174.1 542
174.2 630
174.3 705
174.4 791
174.5 859
174.6 915
174.7 980
174.8 1016
174.9 1058
175 1081
175.1 1119
175.2 1162
175.3 1175
175.4 1182
175.5 1178
175.6 1196
175.7 1199
175.8 1200
175.9 1207
176 1194
176.1 1180
176.2 1163
176.3 1142
176.4 1124
176.5 1122
176.6 1136
176.7 1131
176.8 1107
176.9 1118
177 1126
177.1 1123
177.2 1111
177.3 1094
177.4 1093
177.5 1077
177.6 1071
177.7 1049
177.8 1032
177.9 1015
178 1028
178.1 1022
178.2 1009
178.3 985
178.4 969
178.5 947
178.6 955
178.7 947
178.8 953
178.9 928
179 916
179.1 905
179.2 894
179.3 887
179.4 877
179.5 860
179.6 822
179.7 796
179.8 787
179.9 767
180 751
180.1 729
180.2 727
180.3 694
180.4 685
180.5 686
180.6 676
180.7 682
180.8 677
180.9 657
181 639
181.1 634
181.2 643
181.3 646
181.4 631
181.5 615
181.6 592
181.7 578
181.8 577
181.9 585
182 579
182.1 573
182.2 572
182.3 566
182.4 539
182.5 518
182.6 508
182.7 504
182.8 494
182.9 502
183 482
183.1 461
183.2 458
183.3 462
183.4 456
183.5 452
183.6 455
183.7 442
183.8 419
183.9 374
184 374
184.1 374
184.2 316
184.3 210
184.4 136
184.5 94
184.6 61
184.7 78
184.8 93
184.9 110
185 139
185.1 156
185.2 175
185.3 193
185.4 210
185.5 226
185.6 216
185.7 195
185.8 210
185.9 217
186 231
186.1 242
186.2 242
186.3 235
186.4 235
186.5 248
186.6 270
186.7 296
186.8 297
186.9 313
187 313
187.1 305
187.2 295
187.3 284
187.4 267
187.5 279
187.6 281
187.7 284
187.8 260
187.9 246
188 237
188.1 242
188.2 241
188.3 239
188.4 223
188.5 216
188.6 186
188.7 168
188.8 134
188.9 97
189 62
189.1 65
189.2 69
189.3 68
189.4 75
189.5 73
189.6 59
189.7 51
189.8 52
189.9 24
190 17
190.1 11
190.2 5
190.3 9
190.4 6
190.5 8
190.6 3
190.7 9
190.8 6
190.9 4
191 12
191.1 6
191.2 7
191.3 5
191.4 6
191.5 6
191.6 4
191.7 7
191.8 2
191.9 10
192 4
192.1 2
192.2 6
192.3 5
192.4 7
192.5 6
192.6 4
192.7 9
192.8 4
192.9 4
193 7
193.1 11
193.2 10
193.3 9
193.4 14
193.5 8
193.6 14
193.7 20
193.8 33
193.9 35
194 43
194.1 46
194.2 85
194.3 154
194.4 138
194.5 173
194.6 242
194.7 342
194.8 410
194.9 474
195 543
195.1 623
195.2 683
195.3 742
195.4 786
195.5 827
195.6 862
195.7 890
195.8 923
195.9 954
196 982
196.1 992
196.2 1012
196.3 1016
196.4 1015
196.5 1004
196.6 1001
196.7 1013
196.8 1023
196.9 1009
197 1001
197.1 990
197.2 984
197.3 962
197.4 971
197.5 961
197.6 963
197.7 951
197.8 945
197.9 936
198 934
198.1 920
198.2 896
198.3 870
198.4 845
198.5 853
198.6 839
198.7 836
198.8 846
198.9 847
199 833
199.1 823
199.2 794
199.3 765
199.4 747
199.5 751
199.6 739
199.7 725
199.8 692
199.9 672
200 664
