   1.0000000e-09   9.9999593e+02   9.9999462e+02   9.9998802e+02   9.9998802e+02   9.9998592e+02
   1.0472252e-09   9.9999574e+02   9.9999437e+02   9.9998746e+02   9.9998746e+02   9.9998525e+02
   1.0966806e-09   9.9999554e+02   9.9999410e+02   9.9998687e+02   9.9998687e+02   9.9998455e+02
   1.1484715e-09   9.9999533e+02   9.9999383e+02   9.9998625e+02   9.9998625e+02   9.9998382e+02
   1.2027083e-09   9.9999511e+02   9.9999353e+02   9.9998560e+02   9.9998560e+02   9.9998306e+02
   1.2595065e-09   9.9999488e+02   9.9999323e+02   9.9998492e+02   9.9998492e+02   9.9998226e+02
   1.3189869e-09   9.9999464e+02   9.9999291e+02   9.9998420e+02   9.9998420e+02   9.9998142e+02
   1.3812763e-09   9.9999439e+02   9.9999257e+02   9.9998346e+02   9.9998346e+02   9.9998055e+02
   1.4465073e-09   9.9999412e+02   9.9999222e+02   9.9998268e+02   9.9998268e+02   9.9997963e+02
   1.5148189e-09   9.9999384e+02   9.9999186e+02   9.9998186e+02   9.9998186e+02   9.9997866e+02
   1.5863565e-09   9.9999355e+02   9.9999147e+02   9.9998100e+02   9.9998100e+02   9.9997766e+02
   1.6612725e-09   9.9999325e+02   9.9999107e+02   9.9998010e+02   9.9998010e+02   9.9997660e+02
   1.7397264e-09   9.9999293e+02   9.9999065e+02   9.9997916e+02   9.9997916e+02   9.9997550e+02
   1.8218853e-09   9.9999259e+02   9.9999020e+02   9.9997818e+02   9.9997818e+02   9.9997434e+02
   1.9079242e-09   9.9999224e+02   9.9998974e+02   9.9997715e+02   9.9997715e+02   9.9997313e+02
   1.9980263e-09   9.9999188e+02   9.9998926e+02   9.9997607e+02   9.9997607e+02   9.9997186e+02
   2.0923835e-09   9.9999149e+02   9.9998875e+02   9.9997494e+02   9.9997494e+02   9.9997053e+02
   2.1911967e-09   9.9999109e+02   9.9998822e+02   9.9997376e+02   9.9997376e+02   9.9996914e+02
   2.2946764e-09   9.9999067e+02   9.9998766e+02   9.9997252e+02   9.9997252e+02   9.9996768e+02
   2.4030429e-09   9.9999023e+02   9.9998708e+02   9.9997122e+02   9.9997122e+02   9.9996615e+02
   2.5165271e-09   9.9998977e+02   9.9998647e+02   9.9996986e+02   9.9996986e+02   9.9996456e+02
   2.6353705e-09   9.9998929e+02   9.9998583e+02   9.9996844e+02   9.9996844e+02   9.9996288e+02
   2.7598264e-09   9.9998878e+02   9.9998516e+02   9.9996695e+02   9.9996695e+02   9.9996113e+02
   2.8901597e-09   9.9998825e+02   9.9998446e+02   9.9996539e+02   9.9996539e+02   9.9995929e+02
   3.0266481e-09   9.9998770e+02   9.9998373e+02   9.9996375e+02   9.9996375e+02   9.9995737e+02
   3.1695821e-09   9.9998712e+02   9.9998296e+02   9.9996204e+02   9.9996204e+02   9.9995536e+02
   3.3192662e-09   9.9998651e+02   9.9998215e+02   9.9996025e+02   9.9996025e+02   9.9995325e+02
   3.4760192e-09   9.9998587e+02   9.9998131e+02   9.9995837e+02   9.9995837e+02   9.9995104e+02
   3.6401748e-09   9.9998520e+02   9.9998043e+02   9.9995641e+02   9.9995641e+02   9.9994873e+02
   3.8120828e-09   9.9998450e+02   9.9997950e+02   9.9995435e+02   9.9995435e+02   9.9994631e+02
   3.9921091e-09   9.9998377e+02   9.9997854e+02   9.9995219e+02   9.9995219e+02   9.9994377e+02
   4.1806372e-09   9.9998301e+02   9.9997752e+02   9.9994993e+02   9.9994993e+02   9.9994112e+02
   4.3780686e-09   9.9998220e+02   9.9997646e+02   9.9994757e+02   9.9994757e+02   9.9993834e+02
   4.5848238e-09   9.9998136e+02   9.9997535e+02   9.9994509e+02   9.9994509e+02   9.9993543e+02
   4.8013429e-09   9.9998048e+02   9.9997419e+02   9.9994250e+02   9.9994250e+02   9.9993238e+02
   5.0280873e-09   9.9997956e+02   9.9997297e+02   9.9993978e+02   9.9993978e+02   9.9992918e+02
   5.2655396e-09   9.9997860e+02   9.9997169e+02   9.9993694e+02   9.9993694e+02   9.9992584e+02
   5.5142057e-09   9.9997758e+02   9.9997035e+02   9.9993396e+02   9.9993396e+02   9.9992234e+02
   5.7746152e-09   9.9997653e+02   9.9996895e+02   9.9993084e+02   9.9993084e+02   9.9991867e+02
   6.0473224e-09   9.9997542e+02   9.9996749e+02   9.9992758e+02   9.9992758e+02   9.9991483e+02
   6.3329084e-09   9.9997426e+02   9.9996595e+02   9.9992416e+02   9.9992416e+02   9.9991080e+02
   6.6319812e-09   9.9997304e+02   9.9996434e+02   9.9992058e+02   9.9992058e+02   9.9990659e+02
   6.9451778e-09   9.9997177e+02   9.9996266e+02   9.9991682e+02   9.9991682e+02   9.9990218e+02
   7.2731651e-09   9.9997043e+02   9.9996090e+02   9.9991290e+02   9.9991290e+02   9.9989756e+02
   7.6166417e-09   9.9996904e+02   9.9995905e+02   9.9990878e+02   9.9990878e+02   9.9989272e+02
   7.9763391e-09   9.9996758e+02   9.9995712e+02   9.9990447e+02   9.9990447e+02   9.9988766e+02
   8.3530232e-09   9.9996604e+02   9.9995509e+02   9.9989996e+02   9.9989996e+02   9.9988235e+02
   8.7474963e-09   9.9996444e+02   9.9995297e+02   9.9989524e+02   9.9989524e+02   9.9987680e+02
   9.1605985e-09   9.9996276e+02   9.9995075e+02   9.9989029e+02   9.9989029e+02   9.9987098e+02
   9.5932095e-09   9.9996100e+02   9.9994842e+02   9.9988511e+02   9.9988511e+02   9.9986488e+02
   1.0046251e-08   9.9995916e+02   9.9994599e+02   9.9987969e+02   9.9987969e+02   9.9985850e+02
   1.0520687e-08   9.9995723e+02   9.9994344e+02   9.9987400e+02   9.9987400e+02   9.9985182e+02
   1.1017528e-08   9.9995521e+02   9.9994077e+02   9.9986805e+02   9.9986805e+02   9.9984482e+02
   1.1537833e-08   9.9995310e+02   9.9993797e+02   9.9986182e+02   9.9986182e+02   9.9983750e+02
   1.2082709e-08   9.9995088e+02   9.9993504e+02   9.9985530e+02   9.9985530e+02   9.9982982e+02
   1.2653318e-08   9.9994856e+02   9.9993197e+02   9.9984846e+02   9.9984846e+02   9.9982178e+02
   1.3250873e-08   9.9994613e+02   9.9992876e+02   9.9984131e+02   9.9984131e+02   9.9981337e+02
   1.3876648e-08   9.9994359e+02   9.9992539e+02   9.9983381e+02   9.9983381e+02   9.9980455e+02
   1.4531975e-08   9.9994093e+02   9.9992187e+02   9.9982596e+02   9.9982596e+02   9.9979532e+02
   1.5218251e-08   9.9993814e+02   9.9991818e+02   9.9981775e+02   9.9981775e+02   9.9978566e+02
   1.5936935e-08   9.9993522e+02   9.9991432e+02   9.9980914e+02   9.9980914e+02   9.9977554e+02
   1.6689560e-08   9.9993216e+02   9.9991027e+02   9.9980013e+02   9.9980013e+02   9.9976494e+02
   1.7477728e-08   9.9992895e+02   9.9990603e+02   9.9979069e+02   9.9979069e+02   9.9975383e+02
   1.8303117e-08   9.9992560e+02   9.9990160e+02   9.9978080e+02   9.9978080e+02   9.9974221e+02
   1.9167485e-08   9.9992208e+02   9.9989695e+02   9.9977045e+02   9.9977045e+02   9.9973004e+02
   2.0072673e-08   9.9991840e+02   9.9989208e+02   9.9975961e+02   9.9975961e+02   9.9971729e+02
   2.1020609e-08   9.9991455e+02   9.9988699e+02   9.9974826e+02   9.9974826e+02   9.9970394e+02
   2.2013311e-08   9.9991051e+02   9.9988165e+02   9.9973637e+02   9.9973637e+02   9.9968995e+02
   2.3052894e-08   9.9990629e+02   9.9987606e+02   9.9972392e+02   9.9972392e+02   9.9967531e+02
   2.4141571e-08   9.9990186e+02   9.9987021e+02   9.9971088e+02   9.9971088e+02   9.9965998e+02
   2.5281661e-08   9.9989723e+02   9.9986408e+02   9.9969723e+02   9.9969723e+02   9.9964392e+02
   2.6475593e-08   9.9989238e+02   9.9985766e+02   9.9968293e+02   9.9968293e+02   9.9962710e+02
   2.7725908e-08   9.9988729e+02   9.9985094e+02   9.9966795e+02   9.9966795e+02   9.9960949e+02
   2.9035269e-08   9.9988197e+02   9.9984390e+02   9.9965227e+02   9.9965227e+02   9.9959105e+02
   3.0406465e-08   9.9987640e+02   9.9983652e+02   9.9963585e+02   9.9963585e+02   9.9957174e+02
   3.1842416e-08   9.9987056e+02   9.9982880e+02   9.9961865e+02   9.9961865e+02   9.9955152e+02
   3.3346180e-08   9.9986445e+02   9.9982072e+02   9.9960064e+02   9.9960064e+02   9.9953034e+02
   3.4920960e-08   9.9985804e+02   9.9981225e+02   9.9958178e+02   9.9958178e+02   9.9950816e+02
   3.6570109e-08   9.9985134e+02   9.9980339e+02   9.9956203e+02   9.9956203e+02   9.9948493e+02
   3.8297139e-08   9.9984432e+02   9.9979410e+02   9.9954135e+02   9.9954135e+02   9.9946060e+02
   4.0105729e-08   9.9983697e+02   9.9978438e+02   9.9951969e+02   9.9951969e+02   9.9943513e+02
   4.1999729e-08   9.9982927e+02   9.9977420e+02   9.9949701e+02   9.9949701e+02   9.9940845e+02
   4.3983175e-08   9.9982121e+02   9.9976353e+02   9.9947326e+02   9.9947326e+02   9.9938052e+02
   4.6060288e-08   9.9981276e+02   9.9975236e+02   9.9944838e+02   9.9944838e+02   9.9935126e+02
   4.8235494e-08   9.9980392e+02   9.9974067e+02   9.9942233e+02   9.9942233e+02   9.9932063e+02
   5.0513425e-08   9.9979466e+02   9.9972842e+02   9.9939505e+02   9.9939505e+02   9.9928854e+02
   5.2898931e-08   9.9978496e+02   9.9971560e+02   9.9936648e+02   9.9936648e+02   9.9925494e+02
   5.5397093e-08   9.9977481e+02   9.9970217e+02   9.9933656e+02   9.9933656e+02   9.9921976e+02
   5.8013231e-08   9.9976417e+02   9.9968810e+02   9.9930523e+02   9.9930523e+02   9.9918291e+02
   6.0752917e-08   9.9975304e+02   9.9967337e+02   9.9927242e+02   9.9927242e+02   9.9914433e+02
   6.3621985e-08   9.9974137e+02   9.9965795e+02   9.9923806e+02   9.9923806e+02   9.9910392e+02
   6.6626545e-08   9.9972916e+02   9.9964179e+02   9.9920208e+02   9.9920208e+02   9.9906160e+02
   6.9772996e-08   9.9971637e+02   9.9962488e+02   9.9916440e+02   9.9916440e+02   9.9901728e+02
   7.3068040e-08   9.9970298e+02   9.9960716e+02   9.9912493e+02   9.9912493e+02   9.9899234e+02
   7.6518692e-08   9.9968895e+02   9.9958861e+02   9.9908361e+02   9.9908361e+02   9.9897955e+02
   8.0132301e-08   9.9967426e+02   9.9956918e+02   9.9904033e+02   9.9904033e+02   9.9896616e+02
   8.3916564e-08   9.9965888e+02   9.9954884e+02   9.9899889e+02   9.9899889e+02   9.9895214e+02
   8.7879540e-08   9.9964277e+02   9.9952753e+02   9.9898834e+02   9.9898834e+02   9.9893746e+02
   9.2029668e-08   9.9962590e+02   9.9950522e+02   9.9897729e+02   9.9897729e+02   9.9892208e+02
   9.6375787e-08   9.9960823e+02   9.9948185e+02   9.9896572e+02   9.9896572e+02   9.9890598e+02
   1.0092715e-07   9.9958973e+02   9.9945738e+02   9.9895361e+02   9.9895361e+02   9.9888912e+02
   1.0569346e-07   9.9957035e+02   9.9943176e+02   9.9894092e+02   9.9894092e+02   9.9887146e+02
   1.1068485e-07   9.9955006e+02   9.9940492e+02   9.9892763e+02   9.9892763e+02   9.9885296e+02
   1.1591196e-07   9.9952881e+02   9.9937682e+02   9.9891372e+02   9.9891372e+02   9.9883360e+02
   1.2138593e-07   9.9950656e+02   9.9934739e+02   9.9889915e+02   9.9889915e+02   9.9881332e+02
   1.2711840e-07   9.9948326e+02   9.9931657e+02   9.9888389e+02   9.9888389e+02   9.9879208e+02
   1.3312159e-07   9.9945886e+02   9.9928429e+02   9.9886790e+02   9.9886790e+02   9.9876983e+02
   1.3940828e-07   9.9943330e+02   9.9925049e+02   9.9885117e+02   9.9885117e+02   9.9874654e+02
   1.4599187e-07   9.9940654e+02   9.9921510e+02   9.9883364e+02   9.9883364e+02   9.9872215e+02
   1.5288636e-07   9.9937851e+02   9.9917803e+02   9.9881529e+02   9.9881529e+02   9.9869660e+02
   1.6010645e-07   9.9934916e+02   9.9913921e+02   9.9879607e+02   9.9879607e+02   9.9866985e+02
   1.6766750e-07   9.9931842e+02   9.9909856e+02   9.9877594e+02   9.9877594e+02   9.9864184e+02
   1.7558563e-07   9.9928624e+02   9.9905599e+02   9.9875486e+02   9.9875486e+02   9.9861250e+02
   1.8387770e-07   9.9925253e+02   9.9901141e+02   9.9873279e+02   9.9873279e+02   9.9858178e+02
   1.9256136e-07   9.9921723e+02   9.9897359e+02   9.9870967e+02   9.9870967e+02   9.9854961e+02
   2.0165510e-07   9.9918026e+02   9.9893698e+02   9.9868546e+02   9.9868546e+02   9.9851591e+02
   2.1117830e-07   9.9914155e+02   9.9889864e+02   9.9866011e+02   9.9866011e+02   9.9848063e+02
   2.2115124e-07   9.9910101e+02   9.9885849e+02   9.9863357e+02   9.9863357e+02   9.9844368e+02
   2.3159515e-07   9.9905856e+02   9.9881644e+02   9.9860576e+02   9.9860576e+02   9.9840498e+02
   2.4253227e-07   9.9901410e+02   9.9877241e+02   9.9857665e+02   9.9857665e+02   9.9836446e+02
   2.5398591e-07   9.9897970e+02   9.9872630e+02   9.9854616e+02   9.9854616e+02   9.9832202e+02
   2.6598044e-07   9.9894921e+02   9.9867802e+02   9.9851423e+02   9.9851423e+02   9.9827758e+02
   2.7854142e-07   9.9891728e+02   9.9862745e+02   9.9848079e+02   9.9848079e+02   9.9823104e+02
   2.9169559e-07   9.9888384e+02   9.9857449e+02   9.9844577e+02   9.9844577e+02   9.9818231e+02
   3.0547097e-07   9.9884883e+02   9.9851904e+02   9.9840910e+02   9.9840910e+02   9.9813127e+02
   3.1989689e-07   9.9881216e+02   9.9846096e+02   9.9837070e+02   9.9837070e+02   9.9807782e+02
   3.3500408e-07   9.9877376e+02   9.9840014e+02   9.9833048e+02   9.9833048e+02   9.9802184e+02
   3.5082471e-07   9.9873354e+02   9.9833645e+02   9.9828837e+02   9.9828837e+02   9.9796323e+02
   3.6739248e-07   9.9869143e+02   9.9826976e+02   9.9824426e+02   9.9824426e+02   9.9790184e+02
   3.8474266e-07   9.9864732e+02   9.9819991e+02   9.9819808e+02   9.9819808e+02   9.9783756e+02
   4.0291220e-07   9.9860114e+02   9.9812676e+02   9.9814971e+02   9.9814971e+02   9.9777024e+02
   4.2193981e-07   9.9855277e+02   9.9805016e+02   9.9809906e+02   9.9809906e+02   9.9769974e+02
   4.4186600e-07   9.9850212e+02   9.9796994e+02   9.9804601e+02   9.9804601e+02   9.9762591e+02
   4.6273320e-07   9.9844908e+02   9.9788594e+02   9.9799046e+02   9.9799046e+02   9.9754860e+02
   4.8458586e-07   9.9839353e+02   9.9779796e+02   9.9793229e+02   9.9793229e+02   9.9746763e+02
   5.0747052e-07   9.9833536e+02   9.9770584e+02   9.9787137e+02   9.9787137e+02   9.9738284e+02
   5.3143592e-07   9.9827444e+02   9.9760936e+02   9.9780757e+02   9.9780757e+02   9.9729405e+02
   5.5653308e-07   9.9821064e+02   9.9750832e+02   9.9774076e+02   9.9774076e+02   9.9720106e+02
   5.8281546e-07   9.9814383e+02   9.9740251e+02   9.9767080e+02   9.9767080e+02   9.9710368e+02
   6.1033903e-07   9.9807387e+02   9.9729171e+02   9.9759753e+02   9.9759753e+02   9.9700171e+02
   6.3916241e-07   9.9800060e+02   9.9717567e+02   9.9752080e+02   9.9752080e+02   9.9689492e+02
   6.6934697e-07   9.9792388e+02   9.9705416e+02   9.9744044e+02   9.9744044e+02   9.9678308e+02
   7.0095701e-07   9.9784353e+02   9.9692690e+02   9.9735630e+02   9.9735630e+02   9.9666596e+02
   7.3405984e-07   9.9775938e+02   9.9679364e+02   9.9726818e+02   9.9726818e+02   9.9654331e+02
   7.6872595e-07   9.9767126e+02   9.9665408e+02   9.9717589e+02   9.9717589e+02   9.9641487e+02
   8.0502918e-07   9.9757898e+02   9.9650793e+02   9.9707925e+02   9.9707925e+02   9.9628037e+02
   8.4304684e-07   9.9748234e+02   9.9635488e+02   9.9697805e+02   9.9697805e+02   9.9613951e+02
   8.8285988e-07   9.9738114e+02   9.9619461e+02   9.9687206e+02   9.9687206e+02   9.9599200e+02
   9.2455311e-07   9.9727516e+02   9.9602676e+02   9.9676107e+02   9.9676107e+02   9.9583752e+02
   9.6821531e-07   9.9716417e+02   9.9585099e+02   9.9664484e+02   9.9664484e+02   9.9567575e+02
   1.0139395e-06   9.9704794e+02   9.9566691e+02   9.9652312e+02   9.9652312e+02   9.9550634e+02
   1.0618229e-06   9.9692623e+02   9.9547414e+02   9.9639565e+02   9.9639565e+02   9.9532893e+02
   1.1119677e-06   9.9679876e+02   9.9527227e+02   9.9626216e+02   9.9626216e+02   9.9514314e+02
   1.1644806e-06   9.9666528e+02   9.9506087e+02   9.9612237e+02   9.9612237e+02   9.9494857e+02
   1.2194734e-06   9.9652549e+02   9.9483948e+02   9.9597598e+02   9.9597598e+02   9.9474482e+02
   1.2770633e-06   9.9637910e+02   9.9460764e+02   9.9582267e+02   9.9582267e+02   9.9453144e+02
   1.3373729e-06   9.9622579e+02   9.9436484e+02   9.9566212e+02   9.9566212e+02   9.9430799e+02
   1.4005305e-06   9.9606525e+02   9.9411059e+02   9.9549400e+02   9.9549400e+02   9.9407399e+02
   1.4666709e-06   9.9589713e+02   9.9384432e+02   9.9531793e+02   9.9531793e+02   9.9382893e+02
   1.5359347e-06   9.9572106e+02   9.9356548e+02   9.9513354e+02   9.9513354e+02   9.9357231e+02
   1.6084695e-06   9.9553668e+02   9.9327347e+02   9.9494045e+02   9.9494045e+02   9.9330356e+02
   1.6844298e-06   9.9534359e+02   9.9296767e+02   9.9473824e+02   9.9473824e+02   9.9302212e+02
   1.7639773e-06   9.9514139e+02   9.9264743e+02   9.9452648e+02   9.9452648e+02   9.9272739e+02
   1.8472814e-06   9.9492964e+02   9.9231207e+02   9.9430472e+02   9.9430472e+02   9.9241874e+02
   1.9345197e-06   9.9470788e+02   9.9196087e+02   9.9407249e+02   9.9407249e+02   9.9209552e+02
   2.0258777e-06   9.9447565e+02   9.9159308e+02   9.9382929e+02   9.9382929e+02   9.9175703e+02
   2.1215502e-06   9.9423246e+02   9.9120793e+02   9.9357460e+02   9.9357460e+02   9.9140256e+02
   2.2217408e-06   9.9397778e+02   9.9080459e+02   9.9330789e+02   9.9330789e+02   9.9103134e+02
   2.3266629e-06   9.9371108e+02   9.9038219e+02   9.9302858e+02   9.9302858e+02   9.9064260e+02
   2.4365400e-06   9.9343177e+02   9.8993986e+02   9.9273608e+02   9.9273608e+02   9.9023549e+02
   2.5516061e-06   9.9313928e+02   9.8947663e+02   9.9242977e+02   9.9242977e+02   9.8980917e+02
   2.6721062e-06   9.9283298e+02   9.8899309e+02   9.9210899e+02   9.9210899e+02   9.8936270e+02
   2.7982969e-06   9.9251221e+02   9.8857935e+02   9.9177307e+02   9.9177307e+02   9.8890692e+02
   2.9304470e-06   9.9217629e+02   9.8814608e+02   9.9142128e+02   9.9142128e+02   9.8847221e+02
   3.0688379e-06   9.9182451e+02   9.8769233e+02   9.9105287e+02   9.9105287e+02   9.8801698e+02
   3.2137643e-06   9.9145612e+02   9.8721717e+02   9.9066707e+02   9.9066707e+02   9.8754025e+02
   3.3655350e-06   9.9107032e+02   9.8671956e+02   9.9026305e+02   9.9026305e+02   9.8704100e+02
   3.5244730e-06   9.9066631e+02   9.8619845e+02   9.8983995e+02   9.8983995e+02   9.8651818e+02
   3.6909169e-06   9.9024322e+02   9.8565273e+02   9.8939687e+02   9.8939687e+02   9.8597067e+02
   3.8652212e-06   9.8980015e+02   9.8508124e+02   9.8893742e+02   9.8893742e+02   9.8539730e+02
   4.0477570e-06   9.8933615e+02   9.8448276e+02   9.8848447e+02   9.8848447e+02   9.8479685e+02
   4.2389131e-06   9.8883168e+02   9.8385602e+02   9.8801014e+02   9.8801014e+02   9.8416805e+02
   4.4390965e-06   9.8825972e+02   9.8319968e+02   9.8751341e+02   9.8751341e+02   9.8350955e+02
   4.6487337e-06   9.8766076e+02   9.8251235e+02   9.8699322e+02   9.8699322e+02   9.8281995e+02
   4.8682710e-06   9.8703351e+02   9.8179255e+02   9.8644846e+02   9.8644846e+02   9.8209779e+02
   5.0981761e-06   9.8637664e+02   9.8103877e+02   9.8587798e+02   9.8587798e+02   9.8134153e+02
   5.3389384e-06   9.8568875e+02   9.8024938e+02   9.8528055e+02   9.8528055e+02   9.8054954e+02
   5.5910708e-06   9.8496837e+02   9.7942272e+02   9.8465491e+02   9.8465491e+02   9.7972016e+02
   5.8551102e-06   9.8421397e+02   9.7858808e+02   9.8399973e+02   9.8399973e+02   9.7885859e+02
   6.1316188e-06   9.8342395e+02   9.7774506e+02   9.8331360e+02   9.8331360e+02   9.7799179e+02
   6.4211857e-06   9.8259661e+02   9.7686224e+02   9.8259507e+02   9.8259507e+02   9.7708406e+02
   6.7244274e-06   9.8173021e+02   9.7593772e+02   9.8184261e+02   9.8184261e+02   9.7613346e+02
   7.0419898e-06   9.8082289e+02   9.7496954e+02   9.8105462e+02   9.8105462e+02   9.7513796e+02
   7.3745491e-06   9.7987272e+02   9.7395564e+02   9.8022941e+02   9.8022941e+02   9.7409546e+02
   7.7228136e-06   9.7890929e+02   9.7289386e+02   9.7936523e+02   9.7936523e+02   9.7300372e+02
   8.0875249e-06   9.7813660e+02   9.7178194e+02   9.7847331e+02   9.7847331e+02   9.7186042e+02
   8.4694598e-06   9.7732742e+02   9.7061750e+02   9.7754852e+02   9.7754852e+02   9.7066314e+02
   8.8694317e-06   9.7648002e+02   9.6939807e+02   9.7658007e+02   9.7658007e+02   9.6940931e+02
   9.2882923e-06   9.7559260e+02   9.6789118e+02   9.7556588e+02   9.7556588e+02   9.6748267e+02
   9.7269336e-06   9.7466328e+02   9.6620410e+02   9.7450379e+02   9.7450379e+02   9.6517403e+02
   1.0186290e-05   9.7369006e+02   9.6443735e+02   9.7339155e+02   9.7339155e+02   9.6275637e+02
   1.0667339e-05   9.7267089e+02   9.6258716e+02   9.7222678e+02   9.7222678e+02   9.6022453e+02
   1.1171107e-05   9.7160359e+02   9.6064959e+02   9.7100701e+02   9.7100701e+02   9.5843519e+02
   1.1698664e-05   9.7048588e+02   9.5868173e+02   9.6972963e+02   9.6972963e+02   9.5733612e+02
   1.2251136e-05   9.6931539e+02   9.5689956e+02   9.6832125e+02   9.6832125e+02   9.5618513e+02
   1.2829698e-05   9.6780639e+02   9.5503323e+02   9.6675757e+02   9.6675757e+02   9.5497980e+02
   1.3435583e-05   9.6612338e+02   9.5307876e+02   9.6512005e+02   9.6512005e+02   9.5371754e+02
   1.4070081e-05   9.6436089e+02   9.5103200e+02   9.6340519e+02   9.6340519e+02   9.5239566e+02
   1.4734543e-05   9.6251516e+02   9.4893357e+02   9.6160934e+02   9.6160934e+02   9.5101137e+02
   1.5430385e-05   9.6058226e+02   9.4759541e+02   9.5972869e+02   9.5972869e+02   9.4956170e+02
   1.6159088e-05   9.5859208e+02   9.4619406e+02   9.5768832e+02   9.5768832e+02   9.4736040e+02
   1.6922204e-05   9.5663538e+02   9.4472653e+02   9.5550799e+02   9.5550799e+02   9.4463499e+02
   1.7721358e-05   9.5458626e+02   9.4318970e+02   9.5322469e+02   9.5322469e+02   9.4178087e+02
   1.8558252e-05   9.5244038e+02   9.4158028e+02   9.5083356e+02   9.5083356e+02   9.3872261e+02
   1.9434669e-05   9.5019316e+02   9.3989487e+02   9.4824300e+02   9.4824300e+02   9.3454919e+02
   2.0352475e-05   9.4811279e+02   9.3792268e+02   9.4528234e+02   9.4528234e+02   9.3017869e+02
   2.1313625e-05   9.4622819e+02   9.3563423e+02   9.4218186e+02   9.4218186e+02   9.2717019e+02
   2.2320165e-05   9.4425458e+02   9.3323770e+02   9.3894399e+02   9.3894399e+02   9.2458932e+02
   2.3374239e-05   9.4218777e+02   9.3072800e+02   9.3601600e+02   9.3601600e+02   9.2188657e+02
   2.4478092e-05   9.4002335e+02   9.2805477e+02   9.3294975e+02   9.3294975e+02   9.1905618e+02
   2.5634074e-05   9.3527015e+02   9.2516481e+02   9.2973868e+02   9.2973868e+02   9.1584979e+02
   2.6844648e-05   9.2867125e+02   9.2213838e+02   9.2675084e+02   9.2675084e+02   9.1248709e+02
   2.8112392e-05   9.2579002e+02   9.1896739e+02   9.2373240e+02   9.2373240e+02   9.0897118e+02
   2.9440005e-05   9.2277272e+02   9.1547367e+02   9.2057142e+02   9.2057142e+02   9.0588371e+02
   3.0830315e-05   9.1961292e+02   9.1181496e+02   9.1759555e+02   9.1759555e+02   9.0265043e+02
   3.2286282e-05   9.1647600e+02   9.0835620e+02   9.1479561e+02   9.1479561e+02   8.9926446e+02
   3.3811008e-05   9.1323190e+02   9.0581499e+02   9.1186345e+02   9.1186345e+02   8.9528682e+02
   3.5407739e-05   9.0983460e+02   9.0315377e+02   9.0877077e+02   9.0877077e+02   8.9108490e+02
   3.7079876e-05   9.0425972e+02   9.0036687e+02   9.0521303e+02   9.0521303e+02   8.8596594e+02
   3.8830980e-05   8.9781793e+02   8.9512091e+02   9.0148728e+02   9.0148728e+02   8.7992765e+02
   4.0664781e-05   8.9126864e+02   8.8748008e+02   8.9764330e+02   8.9764330e+02   8.7669885e+02
   4.2585183e-05   8.8662003e+02   8.7947840e+02   8.9372412e+02   8.9372412e+02   8.7387473e+02
   4.4596276e-05   8.8289578e+02   8.7504942e+02   8.8961984e+02   8.8961984e+02   8.7091724e+02
   4.6702344e-05   8.7899163e+02   8.7066178e+02   8.8278502e+02   8.8278502e+02   8.6517931e+02
   4.8907871e-05   8.7111475e+02   8.6473372e+02   8.7729558e+02   8.7729558e+02   8.5714720e+02
   5.1217554e-05   8.6448012e+02   8.5807210e+02   8.7374222e+02   8.7374222e+02   8.5243356e+02
   5.3636313e-05   8.5834056e+02   8.5269708e+02   8.7002106e+02   8.7002106e+02   8.4683437e+02
   5.6169298e-05   8.5337393e+02   8.4706823e+02   8.6315844e+02   8.6315844e+02   8.3938442e+02
   5.8821904e-05   8.4806244e+02   8.4117355e+02   8.5659654e+02   8.5659654e+02   8.3374603e+02
   6.1599780e-05   8.4188938e+02   8.3490959e+02   8.5154586e+02   8.5154586e+02   8.2748552e+02
   6.4508841e-05   8.3636256e+02   8.2829809e+02   8.4635291e+02   8.4635291e+02   8.1862469e+02
   6.7555283e-05   8.3136839e+02   8.2137436e+02   8.4100828e+02   8.4100828e+02   8.0863531e+02
   7.0745594e-05   8.2631447e+02   8.1548263e+02   8.3260752e+02   8.3260752e+02   8.0407772e+02
   7.4086568e-05   8.2117451e+02   8.1000563e+02   8.2502442e+02   8.2502442e+02   7.9930490e+02
   7.7585321e-05   8.1506543e+02   8.0286102e+02   8.1862936e+02   8.1862936e+02   7.9461957e+02
   8.1249302e-05   8.0839283e+02   7.9631985e+02   8.1130140e+02   8.1130140e+02   7.8973426e+02
   8.5086316e-05   8.0320768e+02   7.9075896e+02   8.0328443e+02   8.0328443e+02   7.8291423e+02
   8.9104533e-05   7.9698993e+02   7.8380642e+02   7.8717152e+02   7.8717152e+02   7.7646062e+02
   9.3312512e-05   7.8796184e+02   7.7198908e+02   7.7796184e+02   7.7796184e+02   7.7084998e+02
   9.7719213e-05   7.8049286e+02   7.6035067e+02   7.7049286e+02   7.7049286e+02   7.6229064e+02
   1.0233402e-04   7.7051359e+02   7.5376101e+02   7.6316559e+02   7.6316559e+02   7.5247079e+02
   1.0716676e-04   7.6066647e+02   7.4608309e+02   7.5466647e+02   7.5466647e+02   7.4266647e+02
   1.1222774e-04   7.4874696e+02   7.3581752e+02   7.4157421e+02   7.4157421e+02   7.3093066e+02
   1.1752771e-04   7.4285810e+02   7.2812048e+02   7.3145381e+02   7.3145381e+02   7.2253184e+02
   1.2307798e-04   7.3484404e+02   7.1887003e+02   7.2317431e+02   7.2317431e+02   7.1663232e+02
   1.2889036e-04   7.2418273e+02   7.0918273e+02   7.1610964e+02   7.1610964e+02   7.1216126e+02
   1.3497723e-04   7.1602277e+02   7.0152846e+02   7.1002277e+02   7.1002277e+02   7.0617538e+02
   1.4135156e-04   7.0964844e+02   6.9537370e+02   7.0454037e+02   7.0454037e+02   6.9731055e+02
   1.4802691e-04   7.0297309e+02   6.8981091e+02   6.9896155e+02   6.9896155e+02   6.8897010e+02
   1.5501751e-04   6.9522811e+02   6.8231388e+02   6.8895622e+02   6.8895622e+02   6.8120276e+02
   1.6233824e-04   6.8510293e+02   6.7032351e+02   6.7065439e+02   6.7065439e+02   6.7306862e+02
   1.7000470e-04   6.7327900e+02   6.6121700e+02   6.5756472e+02   6.5756472e+02   6.6232550e+02
   1.7803320e-04   6.6180971e+02   6.5145850e+02   6.4561133e+02   6.4561133e+02   6.5038114e+02
   1.8644085e-04   6.4719893e+02   6.4314468e+02   6.3159858e+02   6.3159858e+02   6.4223559e+02
   1.9524556e-04   6.3619305e+02   6.3192407e+02   6.1775444e+02   6.1775444e+02   6.3244305e+02
   2.0446607e-04   6.2514881e+02   6.1806787e+02   6.0861161e+02   6.0861161e+02   6.1833419e+02
   2.1412202e-04   6.1212997e+02   6.0334748e+02   6.0056499e+02   6.0056499e+02   6.0379664e+02
   2.2423397e-04   5.9453206e+02   5.9185115e+02   5.9076603e+02   5.9076603e+02   5.8995754e+02
   2.3482346e-04   5.8117654e+02   5.7622067e+02   5.7817654e+02   5.7817654e+02   5.8006958e+02
   2.4591304e-04   5.6909662e+02   5.6523913e+02   5.6740580e+02   5.6740580e+02   5.6769565e+02
   2.5752633e-04   5.5670333e+02   5.5374852e+02   5.5594733e+02   5.5594733e+02   5.5110524e+02
   2.6968806e-04   5.4438992e+02   5.4354764e+02   5.3800702e+02   5.3800702e+02   5.4009328e+02
   2.8242413e-04   5.3057587e+02   5.3603993e+02   5.3051522e+02   5.3051522e+02   5.2709770e+02
   2.9576167e-04   5.1995256e+02   5.2831310e+02   5.1631310e+02   5.1631310e+02   5.1968796e+02
   3.0972907e-04   5.0920841e+02   5.1880643e+02   5.0613149e+02   5.0613149e+02   5.0672578e+02
   3.2435608e-04   4.9881259e+02   5.0995686e+02   4.9565245e+02   4.9565245e+02   4.9413084e+02
   3.3967386e-04   4.9075060e+02   4.9766013e+02   4.8677435e+02   4.8677435e+02   4.8209010e+02
   3.5571502e-04   4.8193610e+02   4.8664249e+02   4.7913570e+02   4.7913570e+02   4.6998845e+02
   3.7251373e-04   4.7077591e+02   4.7410784e+02   4.7074313e+02   4.7074313e+02   4.6279451e+02
   3.9010576e-04   4.5892446e+02   4.6304960e+02   4.5678160e+02   4.5678160e+02   4.5588240e+02
   4.0852858e-04   4.4661654e+02   4.4819047e+02   4.4215584e+02   4.4215584e+02   4.4841269e+02
   4.2782142e-04   4.3699107e+02   4.3060885e+02   4.2473661e+02   4.2473661e+02   4.3467143e+02
   4.4802537e-04   4.2831642e+02   4.2098943e+02   4.1210915e+02   4.1210915e+02   4.2638027e+02
   4.6918345e-04   4.0886896e+02   4.1217356e+02   4.0164389e+02   4.0164389e+02   4.1718111e+02
   4.9134073e-04   3.9461014e+02   4.0032964e+02   3.9189534e+02   3.9189534e+02   4.0809710e+02
   5.1454439e-04   3.8569885e+02   3.8797041e+02   3.8413400e+02   3.8413400e+02   4.0182584e+02
   5.3884384e-04   3.7930425e+02   3.7735688e+02   3.7692611e+02   3.7692611e+02   3.9422626e+02
   5.6429085e-04   3.6965737e+02   3.7035458e+02   3.6921489e+02   3.6921489e+02   3.8578411e+02
   5.9093959e-04   3.5432965e+02   3.5873155e+02   3.5778776e+02   3.5778776e+02   3.7664781e+02
   6.1884682e-04   3.4376477e+02   3.5070799e+02   3.4438439e+02   3.4438439e+02   3.6476899e+02
   6.4807198e-04   3.3631734e+02   3.4071790e+02   3.3131060e+02   3.3131060e+02   3.5131060e+02
   6.7867731e-04   3.2951615e+02   3.3266387e+02   3.2290233e+02   3.2290233e+02   3.3884249e+02
   7.1072797e-04   3.1702119e+02   3.1870317e+02   3.1572712e+02   3.1572712e+02   3.3138884e+02
   7.4429223e-04   3.0720222e+02   3.0913381e+02   3.0776520e+02   3.0776520e+02   3.1518806e+02
   7.7944158e-04   2.9805271e+02   2.9512801e+02   2.9837734e+02   2.9837734e+02   3.0450205e+02
   8.1625085e-04   2.9263958e+02   2.8468729e+02   2.8906588e+02   2.8906588e+02   2.9424972e+02
   8.5479845e-04   2.8563452e+02   2.7250055e+02   2.8179274e+02   2.8179274e+02   2.8330039e+02
   8.9516647e-04   2.7593803e+02   2.6097178e+02   2.6963892e+02   2.6963892e+02   2.7596177e+02
   9.3744088e-04   2.6517204e+02   2.5380663e+02   2.6259319e+02   2.6259319e+02   2.7030611e+02
   9.8171170e-04   2.5222523e+02   2.4638792e+02   2.5108237e+02   2.5108237e+02   2.6338880e+02
   1.0280732e-03   2.4061064e+02   2.3818042e+02   2.4386958e+02   2.4386958e+02   2.5584999e+02
   1.0766242e-03   2.3401304e+02   2.2871656e+02   2.3658805e+02   2.3658805e+02   2.4843964e+02
   1.1274680e-03   2.2752479e+02   2.2001866e+02   2.2874738e+02   2.2874738e+02   2.4180032e+02
   1.1807128e-03   2.1954499e+02   2.1271584e+02   2.1979082e+02   2.1979082e+02   2.3704865e+02
   1.2364722e-03   2.1274522e+02   2.0133342e+02   2.1238320e+02   2.1238320e+02   2.3102067e+02
   1.2948649e-03   2.0805425e+02   1.9473062e+02   2.0594678e+02   2.0594678e+02   2.2008571e+02
   1.3560151e-03   1.9809124e+02   1.8775117e+02   1.9935180e+02   1.9935180e+02   2.1154638e+02
   1.4200532e-03   1.8577111e+02   1.8018850e+02   1.9190846e+02   1.9190846e+02   2.0494501e+02
   1.4871155e-03   1.7958735e+02   1.7276025e+02   1.8317636e+02   1.8317636e+02   1.9938401e+02
   1.5573448e-03   1.7404702e+02   1.6524760e+02   1.7569729e+02   1.7569729e+02   1.9280833e+02
   1.6308907e-03   1.6889689e+02   1.5700599e+02   1.6920770e+02   1.6920770e+02   1.7997552e+02
   1.7079098e-03   1.6224840e+02   1.4901618e+02   1.6313531e+02   1.6313531e+02   1.6824577e+02
   1.7885662e-03   1.5484977e+02   1.4303676e+02   1.5136859e+02   1.5136859e+02   1.6262689e+02
   1.8730315e-03   1.4772886e+02   1.3691526e+02   1.4306961e+02   1.4306961e+02   1.5826078e+02
   1.9614858e-03   1.4391434e+02   1.3079288e+02   1.3824535e+02   1.3824535e+02   1.5368848e+02
   2.0541173e-03   1.4033291e+02   1.2755354e+02   1.3279435e+02   1.3279435e+02   1.4813158e+02
   2.1511234e-03   1.3625572e+02   1.2416122e+02   1.2625905e+02   1.2625905e+02   1.4227073e+02
   2.2527106e-03   1.2925640e+02   1.2069327e+02   1.2173098e+02   1.2173098e+02   1.3674465e+02
   2.3590953e-03   1.2510912e+02   1.1777703e+02   1.1753582e+02   1.1753582e+02   1.3252459e+02
   2.4705041e-03   1.2088678e+02   1.1472307e+02   1.1269760e+02   1.1269760e+02   1.2881347e+02
   2.5871741e-03   1.1549569e+02   1.1070343e+02   1.0699475e+02   1.0699475e+02   1.2572317e+02
   2.7093539e-03   1.0909442e+02   1.0548909e+02   1.0247317e+02   1.0247317e+02   1.2321625e+02
   2.8373036e-03   1.0587348e+02   1.0237239e+02   9.8499925e+01   9.8499925e+01   1.2059095e+02
   2.9712958e-03   1.0251291e+02   9.9349979e+01   9.4709390e+01   9.4709390e+01   1.1703258e+02
   3.1116158e-03   9.8727075e+01   9.6184835e+01   9.2793545e+01   9.2793545e+01   1.1214243e+02
   3.2585625e-03   9.4764046e+01   9.3107418e+01   9.0787223e+01   9.0787223e+01   1.0645071e+02
   3.4124487e-03   9.0639990e+01   9.0022861e+01   8.8434084e+01   8.8434084e+01   9.9541153e+01
   3.5736022e-03   8.6321176e+01   8.6811106e+01   8.4466603e+01   8.4466603e+01   9.2496661e+01
   3.7423663e-03   8.3622986e+01   8.3729643e+01   8.0311756e+01   8.0311756e+01   8.6321407e+01
   3.9191002e-03   8.1585865e+01   8.0293094e+01   7.7231854e+01   7.7231854e+01   8.2543083e+01
   4.1041805e-03   7.9565507e+01   7.5489766e+01   7.4581040e+01   7.4581040e+01   7.9266014e+01
   4.2980012e-03   7.7494526e+01   7.3067847e+01   7.2395391e+01   7.2395391e+01   7.6456350e+01
   4.5009751e-03   7.5325743e+01   7.0826187e+01   7.0924499e+01   7.0924499e+01   7.4780421e+01
   4.7135345e-03   6.8045818e+01   6.8478664e+01   6.9384144e+01   6.9384144e+01   7.3025347e+01
   4.9361321e-03   6.4843746e+01   6.5601476e+01   6.7965291e+01   6.7965291e+01   7.1187389e+01
   5.1692419e-03   6.2268938e+01   6.1926478e+01   6.6543016e+01   6.6543016e+01   6.9495328e+01
   5.4133603e-03   5.9832894e+01   5.8584722e+01   6.5053574e+01   6.5053574e+01   6.7749642e+01
   5.6690073e-03   5.7524181e+01   5.6769578e+01   6.4278384e+01   6.4278384e+01   6.5570851e+01
   5.9367272e-03   5.5106438e+01   5.4868713e+01   6.3495811e+01   6.3495811e+01   6.3033913e+01
   6.2170903e-03   5.2869629e+01   5.2895066e+01   6.2598906e+01   6.2598906e+01   5.9302748e+01
   6.5106936e-03   5.2057193e+01   5.1100847e+01   6.1535542e+01   6.1535542e+01   5.6535913e+01
   6.8181623e-03   5.1206390e+01   4.9221896e+01   6.0421961e+01   6.0421961e+01   5.5358725e+01
   7.1401513e-03   5.0315408e+01   4.7254211e+01   5.9255790e+01   5.9255790e+01   5.4125945e+01
   7.4773463e-03   4.9382349e+01   4.4872164e+01   5.7660204e+01   5.7660204e+01   5.3079078e+01
   7.8304654e-03   4.8313185e+01   4.3115833e+01   5.5885404e+01   5.5885404e+01   5.3726808e+01
   8.2002606e-03   4.7131567e+01   4.3576219e+01   5.4026788e+01   5.4026788e+01   5.4405128e+01
   8.5875195e-03   4.5894148e+01   4.4058347e+01   5.3000000e+01   5.3000000e+01   5.4577206e+01
   8.9930667e-03   4.4516972e+01   4.4563243e+01   5.3000000e+01   5.3000000e+01   5.1853691e+01
   9.4177660e-03   4.2885209e+01   4.5236461e+01   5.2266863e+01   5.2266863e+01   4.9001558e+01
   9.8625218e-03   4.1176385e+01   4.6659876e+01   5.0031046e+01   5.0031046e+01   4.9752295e+01
   1.0328281e-02   3.9386862e+01   4.6027692e+01   4.7689642e+01   4.7689642e+01   5.0540528e+01
   1.0816036e-02   3.7218759e+01   4.4353999e+01   4.5061457e+01   4.5061457e+01   4.9996004e+01
   1.1326826e-02   3.5000000e+01   4.1292856e+01   4.2236946e+01   4.2236946e+01   4.7624612e+01
   1.1861737e-02   3.5000000e+01   3.8066107e+01   4.2226529e+01   4.2226529e+01   4.5676002e+01
   1.2421910e-02   3.5000000e+01   3.4631620e+01   4.4434189e+01   4.4434189e+01   4.3823555e+01
   1.3008537e-02   3.5000000e+01   3.3394256e+01   4.2358670e+01   4.2358670e+01   4.3440400e+01
   1.3622868e-02   3.5000000e+01   3.4149948e+01   3.9102355e+01   3.9102355e+01   4.4241827e+01
   1.4266210e-02   3.4606641e+01   3.4941327e+01   4.0394894e+01   4.0394894e+01   4.4772972e+01
   1.4939935e-02   3.3823060e+01   3.3152237e+01   4.0159849e+01   4.0159849e+01   4.2312645e+01
   1.5645476e-02   3.3002474e+01   3.1069781e+01   3.8742437e+01   3.8742437e+01   3.8200122e+01
   1.6384336e-02   2.9610331e+01   3.1786797e+01   3.7747327e+01   3.7747327e+01   3.5255543e+01
   1.7158090e-02   2.9963873e+01   3.2637987e+01   3.7000000e+01   3.7000000e+01   3.5831514e+01
   1.7968384e-02   3.1182124e+01   3.1699073e+01   3.7000000e+01   3.7000000e+01   3.6434686e+01
   1.8816944e-02   3.2457907e+01   2.9405056e+01   3.5412021e+01   3.5412021e+01   3.7000000e+01
   1.9705578e-02   3.4545465e+01   2.9000000e+01   3.2898275e+01   3.2898275e+01   3.7000000e+01
   2.0636178e-02   3.7000000e+01   2.9000000e+01   3.1823408e+01   3.1823408e+01   3.7000000e+01
   2.1610725e-02   3.7000000e+01   3.0115619e+01   3.0665813e+01   3.0665813e+01   3.7000000e+01
   2.2631296e-02   3.6322874e+01   3.0678407e+01   2.9362343e+01   2.9362343e+01   3.6196425e+01
   2.3700063e-02   3.4716556e+01   2.9466402e+01   2.8299413e+01   2.8299413e+01   3.3575764e+01
   2.4819303e-02   3.3162126e+01   2.9653240e+01   2.7300611e+01   2.7300611e+01   3.1943724e+01
   2.5991399e-02   3.1390574e+01   3.0734744e+01   2.9516042e+01   2.9516042e+01   3.1629513e+01
   2.7218848e-02   3.2395804e+01   3.2137248e+01   3.1000000e+01   3.1000000e+01   3.2274094e+01
   2.8504263e-02   3.3000000e+01   3.1817808e+01   3.2971587e+01   3.2971587e+01   3.2655435e+01
   2.9850382e-02   3.0758847e+01   2.9037256e+01   3.3871506e+01   3.3871506e+01   3.4113629e+01
   3.1260072e-02   2.9754092e+01   2.6783431e+01   3.1410668e+01   3.1410668e+01   3.2010346e+01
   3.2736335e-02   3.0615245e+01   2.5000000e+01   3.2683186e+01   3.2683186e+01   2.9996998e+01
   3.4282315e-02   2.9377811e+01   2.5000000e+01   2.9661740e+01   2.9661740e+01   2.9000000e+01
   3.5901304e-02   2.9000000e+01   2.6276464e+01   2.7447311e+01   2.7447311e+01   2.8318607e+01
   3.7596750e-02   2.9000000e+01   2.8421019e+01   2.8762632e+01   2.8762632e+01   2.7634399e+01
   3.9372263e-02   2.7510145e+01   3.2697025e+01   3.6814925e+01   3.6814925e+01   2.8630907e+01
   4.1231626e-02   3.0112417e+01   3.8493758e+01   3.5000000e+01   3.5000000e+01   2.7562497e+01
   4.3178797e-02   3.6221605e+01   3.6951238e+01   3.1739734e+01   3.1739734e+01   2.8520921e+01
   4.5217924e-02   3.0095423e+01   3.2988327e+01   3.0100412e+01   3.0100412e+01   2.7575894e+01
   4.7353349e-02   2.7538842e+01   3.1000000e+01   3.4124305e+01   3.4124305e+01   2.9000000e+01
   4.9589620e-02   2.9000000e+01   2.9981412e+01   3.7000000e+01   3.7000000e+01   2.8386008e+01
   5.1931499e-02   2.9000000e+01   2.6679125e+01   3.7000000e+01   3.7000000e+01   2.8694402e+01
   5.4383974e-02   3.1000000e+01   2.5574477e+01   3.1652879e+01   3.1652879e+01   2.5593153e+01
   5.6952268e-02   3.2892134e+01   2.5984582e+01   3.3000000e+01   3.3000000e+01   2.8108607e+01
   5.9641849e-02   3.6760978e+01   2.7552667e+01   3.6522433e+01   3.6522433e+01   2.3788551e+01
   6.2458447e-02   3.4261979e+01   2.4433296e+01   3.5703758e+01   3.5703758e+01   2.5130304e+01
   6.5408059e-02   3.3277622e+01   2.4799826e+01   2.5508661e+01   2.5508661e+01   2.7762313e+01
   6.8496967e-02   3.1473313e+01   2.3883741e+01   2.9555893e+01   2.9555893e+01   3.1000000e+01
   7.1731749e-02   2.7263324e+01   2.9027848e+01   2.6067594e+01   2.6067594e+01   3.1000000e+01
   7.5119295e-02   2.7000000e+01   3.7000000e+01   2.5318265e+01   2.5318265e+01   3.0283070e+01
   7.8666818e-02   2.5120245e+01   3.3193907e+01   2.8106176e+01   2.8106176e+01   2.8890834e+01
   8.2381873e-02   2.6457563e+01   2.7288826e+01   3.5000000e+01   3.5000000e+01   2.7000000e+01
   8.6272373e-02   2.5000000e+01   3.7287108e+01   3.5050338e+01   3.5050338e+01   2.3681706e+01
   9.0346602e-02   2.6586995e+01   2.9944848e+01   3.4220225e+01   3.4220225e+01   2.9087010e+01
   9.4613238e-02   2.9568109e+01   2.8357339e+01   3.1000000e+01   3.1000000e+01   2.8627080e+01
   9.9081366e-02   3.3000000e+01   2.9338029e+01   2.9000000e+01   2.9000000e+01   2.7000000e+01
   1.0376050e-01   3.1000000e+01   3.0825521e+01   3.3000000e+01   3.3000000e+01   2.6055590e+01
   1.0866061e-01   3.3204194e+01   3.7278493e+01   2.7769857e+01   2.7769857e+01   2.7603902e+01
   1.1379213e-01   3.3120811e+01   4.0435137e+01   3.1000000e+01   3.1000000e+01   2.7780099e+01
   1.1916598e-01   2.8219024e+01   3.2682884e+01   3.2807023e+01   3.2807023e+01   3.0923393e+01
   1.2479362e-01   2.8721368e+01   3.2176901e+01   3.1000000e+01   3.1000000e+01   2.9000000e+01
   1.3068702e-01   2.4352610e+01   2.9000000e+01   3.8380299e+01   3.8380299e+01   2.9637643e+01
   1.3685874e-01   2.3000000e+01   2.7952726e+01   2.9000000e+01   2.9000000e+01   2.7000000e+01
   1.4332192e-01   2.7634931e+01   2.3436687e+01   3.5000000e+01   3.5000000e+01   2.5583724e+01
   1.5009033e-01   3.0183735e+01   2.3981186e+01   2.8798410e+01   2.8798410e+01   2.8859939e+01
   1.5717837e-01   2.6922520e+01   2.9399703e+01   2.8563514e+01   2.8563514e+01   3.5796106e+01
   1.6460115e-01   2.7000000e+01   3.3000000e+01   2.9008190e+01   2.9008190e+01   2.4413153e+01
   1.7237447e-01   2.8623036e+01   3.3614593e+01   3.6947108e+01   3.6947108e+01   3.0549892e+01
   1.8051489e-01   2.9796653e+01   3.0517011e+01   3.9000000e+01   3.9000000e+01   3.2279550e+01
   1.8903974e-01   3.0191363e+01   2.7000000e+01   2.6666558e+01   2.6666558e+01   2.8405390e+01
   1.9796718e-01   2.9000000e+01   3.5612931e+01   2.9649352e+01   2.9649352e+01   3.1958755e+01
   2.0731621e-01   2.3857396e+01   2.7142579e+01   3.7877475e+01   3.7877475e+01   3.0099704e+01
   2.1710676e-01   2.9000000e+01   2.9000000e+01   3.0937683e+01   3.0937683e+01   3.1540691e+01
   2.2735967e-01   2.7527903e+01   3.1682882e+01   2.7000000e+01   2.7000000e+01   2.9452732e+01
   2.3809677e-01   2.7114073e+01   2.8363466e+01   2.7780306e+01   2.7780306e+01   3.0312984e+01
   2.4934094e-01   3.1000000e+01   2.8098655e+01   2.7199971e+01   2.7199971e+01   3.4933981e+01
   2.6111611e-01   3.5000000e+01   2.6613548e+01   3.5180986e+01   3.5180986e+01   3.4599564e+01
   2.7344737e-01   3.5513969e+01   3.2403420e+01   2.5000000e+01   2.5000000e+01   3.6729711e+01
   2.8636097e-01   3.3397650e+01   2.8685660e+01   3.2546739e+01   3.2546739e+01   3.4041159e+01
   2.9988442e-01   3.0150321e+01   2.6971469e+01   3.3539246e+01   3.3539246e+01   3.1096042e+01
   3.1404652e-01   3.2512674e+01   2.9827253e+01   2.9000000e+01   2.9000000e+01   3.1656434e+01
   3.2887743e-01   3.1000000e+01   2.7809553e+01   2.8233259e+01   2.8233259e+01   3.1000000e+01
   3.4440873e-01   2.6724409e+01   2.5184280e+01   3.4844601e+01   3.4844601e+01   3.3000000e+01
   3.6067350e-01   3.8944982e+01   2.2983488e+01   3.8622279e+01   3.8622279e+01   2.5940537e+01
   3.7770637e-01   2.1338059e+01   3.1000000e+01   3.3146991e+01   3.3146991e+01   3.4285641e+01
   3.9554362e-01   2.5000000e+01   3.5000000e+01   3.6524373e+01   3.6524373e+01   2.6832626e+01
   4.1422325e-01   2.7008430e+01   2.5000000e+01   4.1975740e+01   4.1975740e+01   3.4648327e+01
   4.3378502e-01   2.9103696e+01   2.9000000e+01   2.7000000e+01   2.7000000e+01   2.7268741e+01
   4.5427060e-01   2.9184269e+01   3.5000000e+01   3.7026364e+01   3.7026364e+01   3.1000000e+01
   4.7572361e-01   2.7956046e+01   2.7330051e+01   3.4633874e+01   3.4633874e+01   3.1099810e+01
   4.9818975e-01   2.9961030e+01   3.0551223e+01   3.2589944e+01   3.2589944e+01   2.9044221e+01
   5.2171686e-01   2.9000000e+01   2.9980889e+01   2.2232824e+01   2.2232824e+01   3.3000000e+01
   5.4635504e-01   3.1939186e+01   2.0685447e+01   2.6822736e+01   2.6822736e+01   2.9597132e+01
   5.7215676e-01   3.7000000e+01   2.9704835e+01   3.3663966e+01   3.3663966e+01   3.0485807e+01
   5.9917697e-01   2.7000000e+01   3.3689577e+01   3.4833709e+01   3.4833709e+01   3.1862804e+01
   6.2747321e-01   2.9594039e+01   2.7818044e+01   3.2527871e+01   3.2527871e+01   3.7939859e+01
   6.5710575e-01   3.1355013e+01   3.0259650e+01   2.7874050e+01   2.7874050e+01   3.4814605e+01
   6.8813770e-01   2.8561879e+01   3.4612042e+01   3.0652575e+01   3.0652575e+01   3.0357356e+01
   7.2063513e-01   2.9478100e+01   3.5807194e+01   3.1851925e+01   3.1851925e+01   3.1246231e+01
   7.5466726e-01   2.3670532e+01   2.6695839e+01   3.2228903e+01   3.2228903e+01   3.5000000e+01
   7.9030657e-01   2.9339559e+01   2.7512235e+01   3.3000000e+01   3.3000000e+01   3.0092149e+01
   8.2762895e-01   2.5061700e+01   3.5380030e+01   3.1000000e+01   3.1000000e+01   3.5570822e+01
   8.6671388e-01   3.7000000e+01   3.5863349e+01   3.3653180e+01   3.3653180e+01   2.7000000e+01
   9.0764461e-01   2.7410296e+01   2.9983240e+01   3.4351198e+01   3.4351198e+01   2.9009731e+01
   9.5050830e-01   3.1000000e+01   3.3344590e+01   3.3036270e+01   3.3036270e+01   3.1892732e+01
   9.9539623e-01   3.0745433e+01   3.4315642e+01   2.8119571e+01   2.8119571e+01   2.7632112e+01
   1.0424040e+00             NaN             NaN             NaN             NaN             NaN
   1.0916317e+00             NaN             NaN             NaN             NaN             NaN
   1.1431843e+00             NaN             NaN             NaN             NaN             NaN
   1.1971713e+00             NaN             NaN             NaN             NaN             NaN
   1.2537080e+00             NaN             NaN             NaN             NaN             NaN
   1.3129146e+00             NaN             NaN             NaN             NaN             NaN
   1.3749172e+00             NaN             NaN             NaN             NaN             NaN
   1.4398480e+00             NaN             NaN             NaN             NaN             NaN
   1.5078450e+00             NaN             NaN             NaN             NaN             NaN
   1.5790533e+00             NaN             NaN             NaN             NaN             NaN
   1.6536244e+00             NaN             NaN             NaN             NaN             NaN
   1.7317171e+00             NaN             NaN             NaN             NaN             NaN
   1.8134978e+00             NaN             NaN             NaN             NaN             NaN
   1.8991406e+00             NaN             NaN             NaN             NaN             NaN
   1.9888279e+00             NaN             NaN             NaN             NaN             NaN
   2.0827506e+00             NaN             NaN             NaN             NaN             NaN
   2.1811089e+00             NaN             NaN             NaN             NaN             NaN
   2.2841122e+00             NaN             NaN             NaN             NaN             NaN
   2.3919798e+00             NaN             NaN             NaN             NaN             NaN
   2.5049415e+00             NaN             NaN             NaN             NaN             NaN
   2.6232379e+00             NaN             NaN             NaN             NaN             NaN
   2.7471208e+00             NaN             NaN             NaN             NaN             NaN
   2.8768541e+00             NaN             NaN             NaN             NaN             NaN
   3.0127141e+00             NaN             NaN             NaN             NaN             NaN
   3.1549901e+00             NaN             NaN             NaN             NaN             NaN
   3.3039851e+00             NaN             NaN             NaN             NaN             NaN
   3.4600164e+00             NaN             NaN             NaN             NaN             NaN
   3.6234163e+00             NaN             NaN             NaN             NaN             NaN
   3.7945328e+00             NaN             NaN             NaN             NaN             NaN
   3.9737304e+00             NaN             NaN             NaN             NaN             NaN
   4.1613906e+00             NaN             NaN             NaN             NaN             NaN
   4.3579130e+00             NaN             NaN             NaN             NaN             NaN
   4.5637163e+00             NaN             NaN             NaN             NaN             NaN
   4.7792386e+00             NaN             NaN             NaN             NaN             NaN
   5.0049391e+00             NaN             NaN             NaN             NaN             NaN
   5.2412983e+00             NaN             NaN             NaN             NaN             NaN
   5.4888196e+00             NaN             NaN             NaN             NaN             NaN
   5.7480302e+00             NaN             NaN             NaN             NaN             NaN
   6.0194820e+00             NaN             NaN             NaN             NaN             NaN
   6.3037532e+00             NaN             NaN             NaN             NaN             NaN
   6.6014491e+00             NaN             NaN             NaN             NaN             NaN
   6.9132038e+00             NaN             NaN             NaN             NaN             NaN
   7.2396811e+00             NaN             NaN             NaN             NaN             NaN
   7.5815765e+00             NaN             NaN             NaN             NaN             NaN
   7.9396178e+00             NaN             NaN             NaN             NaN             NaN
   8.3145678e+00             NaN             NaN             NaN             NaN             NaN
   8.7072248e+00             NaN             NaN             NaN             NaN             NaN
   9.1184252e+00             NaN             NaN             NaN             NaN             NaN
   9.5490446e+00             NaN             NaN             NaN             NaN             NaN
   1.0000000e+01             NaN             NaN             NaN             NaN             NaN
