0 0
0.1 5
0.2 12
0.3 64
0.4 127
0.5 193
0.6 234
0.7 303
0.8 378
0.9 532
1 687
1.1 760
1.2 870
1.3 938
1.4 965
1.5 949
1.6 1007
1.7 1074
1.8 1116
1.9 1204
2 1301
2.1 1346
2.2 1412
2.3 1465
2.4 1494
2.5 1478
2.6 1496
2.7 1502
2.8 1556
2.9 1642
3 1682
3.1 1685
3.2 1665
3.3 1603
3.4 1588
3.5 1592
3.6 1556
3.7 1538
3.8 1463
3.9 1437
4 1470
4.1 1457
4.2 1398
4.3 1458
4.4 1468
4.5 1474
4.6 1469
4.7 1470
4.8 1409
4.9 1353
5 1399
5.1 1398
5.2 1422
5.3 1377
5.4 1266
5.5 1201
5.6 1145
5.7 1081
5.8 1040
5.9 949
6 869
6.1 809
6.2 755
6.3 706
6.4 676
6.5 621
6.6 648
6.7 597
6.8 572
6.9 538
7 511
7.1 473
7.2 413
7.3 420
7.4 418
7.5 376
7.6 367
7.7 342
7.8 291
7.9 253
8 152
8.1 97
8.2 77
8.3 34
8.4 8
8.5 10
8.6 1
8.7 0
8.8 1
8.9 4
9 1
9.1 2
9.2 0
9.3 4
9.4 0
9.5 4
9.6 1
9.7 0
9.8 0
9.9 2
10 2
10.1 1
10.2 2
10.3 2
10.4 2
10.5 3
10.6 1
10.7 0
10.8 3
10.9 0
11 2
11.1 0
11.2 2
11.3 0
11.4 2
11.5 2
11.6 4
11.7 0
11.8 5
11.9 2
12 0
12.1 2
12.2 3
12.3 2
12.4 2
12.5 3
12.6 1
12.7 3
12.8 4
12.9 4
13 1
13.1 0
13.2 2
13.3 3
13.4 1
13.5 2
13.6 4
13.7 2
13.8 2
13.9 3
14 1
14.1 4
14.2 3
14.3 3
14.4 0
14.5 2
14.6 8
14.7 3
14.8 4
14.9 4
15 2
15.1 6
15.2 0
15.3 2
15.4 3
15.5 1
15.6 3
15.7 4
15.8 1
15.9 4
16 1
16.1 3
16.2 7
16.3 2
16.4 1
16.5 1
16.6 4
16.7 3
16.8 4
16.9 5
17 2
17.1 4
17.2 1
17.3 4
17.4 6
17.5 3
17.6 2
17.7 2
17.8 12
17.9 9
18 4
18.1 1
18.2 3
18.3 3
18.4 5
18.5 4
18.6 0
18.7 2
18.8 4
18.9 1
19 23
19.1 17
19.2 14
19.3 18
19.4 12
19.5 5
19.6 14
19.7 6
19.8 7
19.9 7
20 4
20.1 0
20.2 6
20.3 6
20.4 4
20.5 5
20.6 14
20.7 13
20.8 6
20.9 13
21 4
21.1 9
21.2 8
21.3 13
21.4 7
21.5 7
21.6 12
21.7 6
21.8 10
21.9 7
22 11
22.1 20
22.2 15
22.3 8
22.4 6
22.5 4
22.6 8
22.7 6
22.8 4
22.9 3
23 1
23.1 14
23.2 8
23.3 9
23.4 5
23.5 17
23.6 9
23.7 6
23.8 6
23.9 5
24 7
24.1 3
24.2 14
24.3 21
24.4 23
24.5 11
24.6 16
24.7 6
24.8 3
24.9 11
25 8
25.1 13
25.2 17
25.3 9
25.4 9
25.5 11
25.6 15
25.7 6
25.8 10
25.9 31
26 64
26.1 108
26.2 156
26.3 215
26.4 301
26.5 364
26.6 460
26.7 554
26.8 664
26.9 778
27 920
27.1 968
27.2 1040
27.3 1107
27.4 1217
27.5 1298
27.6 1383
27.7 1368
27.8 1371
27.9 1351
28 1362
28.1 1371
28.2 1390
28.3 1377
28.4 1332
28.5 1262
28.6 1238
28.7 1201
28.8 1148
28.9 1159
29 1181
29.1 1160
29.2 1186
29.3 1148
29.4 1112
29.5 1113
29.6 1114
29.7 1121
29.8 1156
29.9 1174
30 1123
30.1 1078
30.2 1048
30.3 1045
30.4 982
30.5 926
30.6 863
30.7 806
30.8 737
30.9 677
31 648
31.1 592
31.2 519
31.3 473
31.4 371
31.5 278
31.6 196
31.7 163
31.8 104
31.9 26
32 41
32.1 26
32.2 8
32.3 5
32.4 2
32.5 3
32.6 3
32.7 4
32.8 2
32.9 2
33 0
33.1 1
33.2 1
33.3 0
33.4 0
33.5 1
33.6 1
33.7 0
33.8 2
33.9 1
34 0
34.1 1
34.2 2
34.3 2
34.4 0
34.5 1
34.6 1
34.7 0
34.8 0
34.9 1
35 2
35.1 0
35.2 1
35.3 1
35.4 0
35.5 2
35.6 0
35.7 1
35.8 1
35.9 3
36 1
36.1 2
36.2 1
36.3 1
36.4 3
36.5 0
36.6 1
36.7 2
36.8 1
36.9 1
37 1
37.1 4
37.2 2
37.3 4
37.4 1
37.5 0
37.6 1
37.7 1
37.8 1
37.9 1
38 2
38.1 3
38.2 1
38.3 2
38.4 3
38.5 6
38.6 3
38.7 3
38.8 4
38.9 3
39 5
39.1 4
39.2 3
39.3 1
39.4 5
39.5 5
39.6 11
39.7 5
39.8 8
39.9 12
40 5
40.1 6
40.2 2
40.3 8
40.4 4
40.5 1
40.6 6
40.7 7
40.8 2
40.9 4
41 3
41.1 3
41.2 7
41.3 8
41.4 4
41.5 5
41.6 5
41.7 0
41.8 2
41.9 8
42 21
42.1 40
42.2 29
42.3 9
42.4 18
42.5 4
42.6 6
42.7 3
42.8 6
42.9 10
43 10
43.1 7
43.2 3
43.3 3
43.4 9
43.5 3
43.6 5
43.7 3
43.8 1
43.9 5
44 8
44.1 3
44.2 4
44.3 4
44.4 5
44.5 5
44.6 5
44.7 17
44.8 17
44.9 5
45 4
45.1 3
45.2 5
45.3 10
45.4 6
45.5 14
45.6 7
45.7 15
45.8 16
45.9 13
46 13
46.1 10
46.2 8
46.3 13
46.4 7
46.5 9
46.6 7
46.7 1
46.8 6
46.9 2
47 13
47.1 13
47.2 7
47.3 10
47.4 2
47.5 5
47.6 5
47.7 9
47.8 7
47.9 4
48 5
48.1 5
48.2 7
48.3 9
48.4 4
48.5 1
48.6 4
48.7 5
48.8 8
48.9 15
49 35
49.1 20
49.2 12
49.3 14
49.4 19
49.5 28
49.6 29
49.7 51
49.8 40
49.9 33
50 30
50.1 39
50.2 50
50.3 40
50.4 50
50.5 55
50.6 77
50.7 123
50.8 192
50.9 237
51 269
51.1 262
51.2 245
51.3 279
51.4 328
51.5 404
51.6 525
51.7 599
51.8 613
51.9 685
52 724
52.1 803
52.2 913
52.3 999
52.4 1098
52.5 1126
52.6 1116
52.7 1141
52.8 1188
52.9 1234
53 1272
53.1 1285
53.2 1298
53.3 1350
53.4 1376
53.5 1383
53.6 1447
53.7 1403
53.8 1374
53.9 1318
54 1302
54.1 1253
54.2 1214
54.3 1155
54.4 1063
54.5 982
54.6 938
54.7 878
54.8 923
54.9 955
55 934
55.1 922
55.2 963
55.3 932
55.4 869
55.5 883
55.6 830
55.7 703
55.8 564
55.9 518
56 496
56.1 470
56.2 425
56.3 367
56.4 314
56.5 189
56.6 102
56.7 39
56.8 33
56.9 38
57 19
57.1 2
57.2 4
57.3 6
57.4 3
57.5 8
57.6 0
57.7 2
57.8 3
57.9 2
58 0
58.1 2
58.2 5
58.3 0
58.4 0
58.5 0
58.6 1
58.7 2
58.8 1
58.9 1
59 4
59.1 0
59.2 4
59.3 4
59.4 2
59.5 2
59.6 0
59.7 4
59.8 3
59.9 1
60 1
60.1 0
60.2 3
60.3 1
60.4 0
60.5 1
60.6 0
60.7 1
60.8 0
60.9 2
61 1
61.1 2
61.2 1
61.3 1
61.4 1
61.5 2
61.6 9
61.7 5
61.8 4
61.9 3
62 6
62.1 4
62.2 1
62.3 2
62.4 4
62.5 3
62.6 1
62.7 2
62.8 2
62.9 1
63 0
63.1 0
63.2 0
63.3 3
63.4 5
63.5 0
63.6 0
63.7 1
63.8 4
63.9 0
64 5
64.1 1
64.2 0
64.3 3
64.4 1
64.5 2
64.6 0
64.7 1
64.8 7
64.9 4
65 2
65.1 3
65.2 0
65.3 4
65.4 7
65.5 4
65.6 4
65.7 4
65.8 6
65.9 1
66 3
66.1 6
66.2 8
66.3 1
66.4 4
66.5 6
66.6 4
66.7 4
66.8 8
66.9 2
67 5
67.1 23
67.2 31
67.3 31
67.4 3
67.5 7
67.6 6
67.7 13
67.8 2
67.9 14
68 8
68.1 7
68.2 14
68.3 4
68.4 24
68.5 13
68.6 36
68.7 41
68.8 19
68.9 15
69 10
69.1 14
69.2 12
69.3 9
69.4 16
69.5 22
69.6 86
69.7 80
69.8 126
69.9 158
70 186
70.1 219
70.2 212
70.3 196
70.4 155
70.5 163
70.6 210
70.7 289
70.8 353
70.9 407
71 387
71.1 424
71.2 465
71.3 537
71.4 545
71.5 578
71.6 663
71.7 740
71.8 796
71.9 819
72 830
72.1 873
72.2 854
72.3 873
72.4 896
72.5 915
72.6 929
72.7 937
72.8 1007
72.9 1056
73 1097
73.1 1070
73.2 1063
73.3 1024
73.4 985
73.5 952
73.6 999
73.7 983
73.8 981
73.9 1044
74 1053
74.1 1096
74.2 1120
74.3 1080
74.4 1066
74.5 1035
74.6 978
74.7 875
74.8 777
74.9 703
75 621
75.1 592
75.2 541
75.3 516
75.4 432
75.5 406
75.6 313
75.7 275
75.8 222
75.9 239
76 235
76.1 193
76.2 88
76.3 20
76.4 7
76.5 8
76.6 2
76.7 2
76.8 2
76.9 2
77 0
77.1 3
77.2 1
77.3 2
77.4 6
77.5 4
77.6 2
77.7 1
77.8 0
77.9 0
78 2
78.1 0
78.2 1
78.3 1
78.4 2
78.5 2
78.6 1
78.7 1
78.8 1
78.9 1
79 1
79.1 3
79.2 0
79.3 1
79.4 0
79.5 1
79.6 2
79.7 1
79.8 2
79.9 0
80 0
80.1 1
80.2 0
80.3 1
80.4 0
80.5 0
80.6 0
80.7 2
80.8 1
80.9 4
81 2
81.1 2
81.2 0
81.3 4
81.4 0
81.5 1
81.6 2
81.7 1
81.8 0
81.9 3
82 1
82.1 2
82.2 5
82.3 7
82.4 2
82.5 1
82.6 3
82.7 2
82.8 1
82.9 2
83 2
83.1 3
83.2 0
83.3 9
83.4 0
83.5 4
83.6 3
83.7 2
83.8 2
83.9 2
84 4
84.1 2
84.2 2
84.3 2
84.4 3
84.5 5
84.6 5
84.7 4
84.8 3
84.9 2
85 3
85.1 4
85.2 3
85.3 5
85.4 3
85.5 3
85.6 7
85.7 5
85.8 2
85.9 7
86 6
86.1 8
86.2 2
86.3 1
86.4 1
86.5 10
86.6 12
86.7 3
86.8 12
86.9 7
87 31
87.1 44
87.2 42
87.3 35
87.4 31
87.5 13
87.6 9
87.7 13
87.8 5
87.9 51
88 111
88.1 188
88.2 339
88.3 425
88.4 459
88.5 459
88.6 511
88.7 560
88.8 603
88.9 629
89 656
89.1 659
89.2 696
89.3 696
89.4 732
89.5 737
89.6 799
89.7 894
89.8 944
89.9 972
90 974
90.1 990
90.2 983
90.3 934
90.4 959
90.5 941
90.6 912
90.7 905
90.8 892
90.9 901
91 893
91.1 886
91.2 873
91.3 852
91.4 844
91.5 832
91.6 913
91.7 910
91.8 896
91.9 831
92 826
92.1 837
92.2 833
92.3 837
92.4 826
92.5 839
92.6 789
92.7 734
92.8 680
92.9 701
93 662
93.1 692
93.2 641
93.3 592
93.4 496
93.5 472
93.6 381
93.7 308
93.8 240
93.9 152
94 50
94.1 22
94.2 1
94.3 2
94.4 0
94.5 2
94.6 1
94.7 1
94.8 1
94.9 1
95 3
95.1 1
95.2 1
95.3 0
95.4 0
95.5 0
95.6 5
95.7 0
95.8 0
95.9 0
96 0
96.1 3
96.2 3
96.3 0
96.4 0
96.5 0
96.6 1
96.7 3
96.8 2
96.9 1
97 0
97.1 0
97.2 0
97.3 0
97.4 1
97.5 4
97.6 0
97.7 7
97.8 6
97.9 3
98 5
98.1 3
98.2 3
98.3 3
98.4 3
98.5 2
98.6 1
98.7 0
98.8 5
98.9 1
99 0
99.1 1
99.2 6
99.3 4
99.4 2
99.5 0
99.6 2
99.7 4
99.8 0
99.9 0
100 0
100.1 3
100.2 2
100.3 0
100.4 0
100.5 1
100.6 4
100.7 2
100.8 3
100.9 0
101 0
101.1 3
101.2 0
101.3 1
101.4 4
101.5 2
101.6 7
101.7 6
101.8 1
101.9 0
102 0
102.1 3
102.2 2
102.3 3
102.4 6
102.5 7
102.6 9
102.7 1
102.8 0
102.9 3
103 2
103.1 6
103.2 4
103.3 4
103.4 2
103.5 2
103.6 5
103.7 8
103.8 6
103.9 9
104 2
104.1 5
104.2 9
104.3 16
104.4 12
104.5 5
104.6 4
104.7 6
104.8 10
104.9 6
105 2
105.1 3
105.2 4
105.3 7
105.4 8
105.5 11
105.6 1
105.7 4
105.8 2
105.9 2
106 6
106.1 5
106.2 10
106.3 1
106.4 3
106.5 4
106.6 5
106.7 8
106.8 7
106.9 4
107 2
107.1 7
107.2 6
107.3 7
107.4 11
107.5 6
107.6 10
107.7 1
107.8 6
107.9 8
108 3
108.1 2
108.2 6
108.3 4
108.4 2
108.5 9
108.6 8
108.7 5
108.8 5
108.9 5
109 9
109.1 6
109.2 9
109.3 22
109.4 12
109.5 10
109.6 10
109.7 8
109.8 16
109.9 36
110 37
110.1 32
110.2 36
110.3 34
110.4 21
110.5 19
110.6 17
110.7 25
110.8 21
110.9 29
111 25
111.1 18
111.2 5
111.3 4
111.4 6
111.5 6
111.6 11
111.7 10
111.8 11
111.9 11
112 10
112.1 8
112.2 10
112.3 6
112.4 7
112.5 10
112.6 14
112.7 21
112.8 20
112.9 58
113 66
113.1 65
113.2 58
113.3 83
113.4 181
113.5 281
113.6 365
113.7 442
113.8 533
113.9 546
114 542
114.1 579
114.2 605
114.3 601
114.4 660
114.5 709
114.6 805
114.7 895
114.8 990
114.9 1053
115 1098
115.1 1079
115.2 1107
115.3 1128
115.4 1195
115.5 1210
115.6 1228
115.7 1221
115.8 1132
115.9 1082
116 1093
116.1 1075
116.2 1091
116.3 1097
116.4 1039
116.5 1050
116.6 1007
116.7 974
116.8 1008
116.9 950
117 937
117.1 869
117.2 810
117.3 794
117.4 760
117.5 749
117.6 700
117.7 638
117.8 597
117.9 538
118 486
118.1 484
118.2 415
118.3 274
118.4 148
118.5 86
118.6 96
118.7 65
118.8 89
118.9 54
119 16
119.1 3
119.2 2
119.3 9
119.4 3
119.5 5
119.6 3
119.7 2
119.8 6
119.9 3
120 5
120.1 0
120.2 0
120.3 2
120.4 0
120.5 3
120.6 0
120.7 1
120.8 1
120.9 5
121 2
121.1 0
121.2 1
121.3 1
121.4 0
121.5 0
121.6 2
121.7 1
121.8 3
121.9 1
122 1
122.1 4
122.2 1
122.3 0
122.4 1
122.5 0
122.6 0
122.7 2
122.8 0
122.9 1
123 0
123.1 3
123.2 1
123.3 1
123.4 0
123.5 2
123.6 2
123.7 1
123.8 0
123.9 0
124 2
124.1 2
124.2 1
124.3 0
124.4 1
124.5 0
124.6 0
124.7 0
124.8 4
124.9 4
125 5
125.1 1
125.2 3
125.3 2
125.4 1
125.5 2
125.6 2
125.7 1
125.8 1
125.9 2
126 1
126.1 2
126.2 3
126.3 1
126.4 10
126.5 5
126.6 12
126.7 5
126.8 5
126.9 5
127 8
127.1 4
127.2 2
127.3 1
127.4 0
127.5 2
127.6 7
127.7 2
127.8 5
127.9 0
128 2
128.1 0
128.2 5
128.3 3
128.4 4
128.5 3
128.6 3
128.7 3
128.8 7
128.9 4
129 2
129.1 0
129.2 5
129.3 4
129.4 6
129.5 6
129.6 5
129.7 2
129.8 2
129.9 5
130 5
130.1 6
130.2 0
130.3 3
130.4 2
130.5 3
130.6 9
130.7 5
130.8 8
130.9 15
131 7
131.1 11
131.2 14
131.3 18
131.4 24
131.5 24
131.6 26
131.7 25
131.8 28
131.9 73
132 94
132.1 79
132.2 93
132.3 83
132.4 63
132.5 51
132.6 23
132.7 29
132.8 44
132.9 36
133 28
133.1 23
133.2 15
133.3 14
133.4 19
133.5 10
133.6 46
133.7 82
133.8 68
133.9 50
134 26
134.1 30
134.2 48
134.3 44
134.4 49
134.5 36
134.6 75
134.7 75
134.8 85
134.9 109
135 84
135.1 57
135.2 45
135.3 52
135.4 19
135.5 3
135.6 3
135.7 7
135.8 5
135.9 1
136 7
136.1 4
136.2 6
136.3 13
136.4 12
136.5 5
136.6 1
136.7 5
136.8 4
136.9 9
137 1
137.1 12
137.2 3
137.3 8
137.4 8
137.5 3
137.6 2
137.7 9
137.8 7
137.9 11
138 11
138.1 6
138.2 4
138.3 6
138.4 6
138.5 3
138.6 7
138.7 6
138.8 4
138.9 3
139 4
139.1 0
139.2 7
139.3 7
139.4 4
139.5 4
139.6 4
139.7 7
139.8 12
139.9 15
140 28
140.1 20
140.2 26
140.3 26
140.4 22
140.5 12
140.6 12
140.7 9
140.8 11
140.9 8
141 12
141.1 10
141.2 12
141.3 17
141.4 16
141.5 42
141.6 34
141.7 22
141.8 10
141.9 8
142 2
142.1 4
142.2 32
142.3 47
142.4 55
142.5 63
142.6 47
142.7 42
142.8 32
142.9 17
143 20
143.1 17
143.2 17
143.3 18
143.4 23
143.5 18
143.6 14
143.7 15
143.8 2
143.9 7
144 6
144.1 6
144.2 2
144.3 6
144.4 12
144.5 16
144.6 57
144.7 68
144.8 133
144.9 121
145 141
145.1 119
145.2 70
145.3 76
145.4 62
145.5 80
145.6 136
145.7 217
145.8 239
145.9 290
146 300
146.1 364
146.2 396
146.3 413
146.4 477
146.5 550
146.6 556
146.7 621
146.8 652
146.9 670
147 728
147.1 804
147.2 851
147.3 866
147.4 862
147.5 866
147.6 899
147.7 933
147.8 910
147.9 917
148 974
148.1 964
148.2 952
148.3 962
148.4 944
148.5 952
148.6 947
148.7 929
148.8 919
148.9 860
149 797
149.1 816
149.2 786
149.3 789
149.4 765
149.5 711
149.6 582
149.7 542
149.8 508
149.9 465
150 416
150.1 331
150.2 238
150.3 145
150.4 57
150.5 44
150.6 10
150.7 19
150.8 5
150.9 3
151 3
151.1 2
151.2 2
151.3 6
151.4 3
151.5 0
151.6 1
151.7 1
151.8 2
151.9 2
152 0
152.1 6
152.2 1
152.3 1
152.4 2
152.5 1
152.6 0
152.7 0
152.8 1
152.9 1
153 6
153.1 1
153.2 1
153.3 1
153.4 1
153.5 1
153.6 3
153.7 0
153.8 1
153.9 0
154 0
154.1 0
154.2 2
154.3 1
154.4 2
154.5 2
154.6 2
154.7 1
154.8 1
154.9 3
155 2
155.1 0
155.2 0
155.3 2
155.4 2
155.5 2
155.6 4
155.7 3
155.8 1
155.9 0
156 6
156.1 2
156.2 1
156.3 0
156.4 1
156.5 3
156.6 5
156.7 3
156.8 2
156.9 0
157 0
157.1 4
157.2 0
157.3 0
157.4 2
157.5 1
157.6 2
157.7 1
157.8 0
157.9 2
158 5
158.1 2
158.2 0
158.3 7
158.4 7
158.5 9
158.6 8
158.7 2
158.8 0
158.9 3
159 2
159.1 2
159.2 0
159.3 2
159.4 0
159.5 2
159.6 7
159.7 5
159.8 6
159.9 6
160 5
160.1 5
160.2 8
160.3 7
160.4 10
160.5 14
160.6 17
160.7 10
160.8 11
160.9 13
161 4
161.1 4
161.2 2
161.3 6
161.4 9
161.5 6
161.6 3
161.7 15
161.8 7
161.9 5
162 9
162.1 1
162.2 2
162.3 4
162.4 6
162.5 7
162.6 7
162.7 0
162.8 3
162.9 3
163 1
163.1 2
163.2 3
163.3 5
163.4 9
163.5 2
163.6 4
163.7 6
163.8 6
163.9 1
164 1
164.1 2
164.2 11
164.3 12
164.4 15
164.5 10
164.6 16
164.7 6
164.8 9
164.9 10
165 6
165.1 5
165.2 7
165.3 5
165.4 7
165.5 8
165.6 18
165.7 10
165.8 15
165.9 29
166 56
166.1 48
166.2 50
166.3 98
166.4 174
166.5 201
166.6 237
166.7 286
166.8 371
166.9 468
167 554
167.1 654
167.2 737
167.3 784
167.4 859
167.5 899
167.6 948
167.7 952
167.8 918
167.9 946
168 954
168.1 971
168.2 979
168.3 966
168.4 934
168.5 983
168.6 950
168.7 897
168.8 852
168.9 834
169 852
169.1 906
169.2 923
169.3 913
169.4 944
169.5 1009
169.6 1050
169.7 1120
169.8 1099
169.9 1129
170 1188
170.1 1184
170.2 1188
170.3 1195
170.4 1198
170.5 1154
170.6 1115
170.7 1085
170.8 1081
170.9 1050
171 1017
171.1 1016
171.2 1001
171.3 965
171.4 948
171.5 980
171.6 962
171.7 921
171.8 904
171.9 913
172 845
172.1 781
172.2 732
172.3 690
172.4 638
172.5 616
172.6 563
172.7 505
172.8 460
172.9 434
173 419
173.1 397
173.2 355
173.3 318
173.4 308
173.5 279
173.6 290
173.7 272
173.8 201
173.9 145
174 53
174.1 14
174.2 10
174.3 5
174.4 1
174.5 6
174.6 0
174.7 2
174.8 2
174.9 1
175 0
175.1 3
175.2 0
175.3 1
175.4 1
175.5 2
175.6 2
175.7 0
175.8 0
175.9 0
176 0
176.1 3
176.2 0
176.3 2
176.4 1
176.5 1
176.6 2
176.7 2
176.8 2
176.9 1
177 1
177.1 1
177.2 0
177.3 3
177.4 0
177.5 3
177.6 2
177.7 4
177.8 2
177.9 2
178 4
178.1 0
178.2 4
178.3 1
178.4 2
178.5 0
178.6 3
178.7 1
178.8 9
178.9 3
179 0
179.1 0
179.2 1
179.3 1
179.4 2
179.5 0
179.6 1
179.7 1
179.8 0
179.9 3
180 1
180.1 1
180.2 2
180.3 1
180.4 0
180.5 1
180.6 0
180.7 4
180.8 0
180.9 0
181 1
181.1 5
181.2 6
181.3 1
181.4 1
181.5 4
181.6 1
181.7 3
181.8 3
181.9 2
182 4
182.1 1
182.2 9
182.3 2
182.4 1
182.5 3
182.6 8
182.7 7
182.8 5
182.9 2
183 4
183.1 1
183.2 0
183.3 1
183.4 2
183.5 4
183.6 8
183.7 3
183.8 6
183.9 15
184 19
184.1 8
184.2 3
184.3 8
184.4 4
184.5 0
184.6 1
184.7 3
184.8 7
184.9 10
185 5
185.1 3
185.2 7
185.3 5
185.4 8
185.5 13
185.6 1
185.7 5
185.8 11
185.9 11
186 7
186.1 6
186.2 4
186.3 5
186.4 3
186.5 1
186.6 1
186.7 7
186.8 6
186.9 6
187 4
187.1 13
187.2 14
187.3 32
187.4 22
187.5 24
187.6 28
187.7 21
187.8 18
187.9 10
188 9
188.1 22
188.2 16
188.3 21
188.4 37
188.5 30
188.6 20
188.7 58
188.8 84
188.9 127
189 196
189.1 317
189.2 445
189.3 568
189.4 685
189.5 733
189.6 847
189.7 954
189.8 1034
189.9 1082
190 1070
190.1 1095
190.2 1132
190.3 1149
190.4 1145
190.5 1214
190.6 1304
190.7 1373
190.8 1413
190.9 1424
191 1413
191.1 1385
191.2 1368
191.3 1349
191.4 1348
191.5 1364
191.6 1367
191.7 1390
191.8 1358
191.9 1278
192 1254
192.1 1245
192.2 1300
192.3 1286
192.4 1268
192.5 1237
192.6 1204
192.7 1190
192.8 1200
192.9 1125
193 1050
193.1 1024
193.2 1030
193.3 992
193.4 924
193.5 902
193.6 902
193.7 874
193.8 777
193.9 700
194 626
194.1 645
194.2 692
194.3 719
194.4 655
194.5 585
194.6 467
194.7 347
194.8 275
194.9 198
195 171
195.1 108
195.2 75
195.3 51
195.4 23
195.5 14
195.6 10
195.7 1
195.8 9
195.9 9
196 5
196.1 1
196.2 0
196.3 3
196.4 1
196.5 2
196.6 3
196.7 1
196.8 0
196.9 0
197 0
197.1 0
197.2 0
197.3 2
197.4 0
197.5 1
197.6 1
197.7 1
197.8 1
197.9 2
198 5
198.1 8
198.2 2
198.3 2
198.4 3
198.5 1
198.6 0
198.7 2
198.8 0
198.9 0
199 1
199.1 0
199.2 0
199.3 0
199.4 0
199.5 1
199.6 1
199.7 0
199.8 2
199.9 1
200 1
