0 0
0.1 0
0.2 0
0.3 1
0.4 1
0.5 2
0.6 6
0.7 7
0.8 7
0.9 8
1 9
1.1 11
1.2 12
1.3 14
1.4 17
1.5 20
1.6 23
1.7 24
1.8 24
1.9 24
2 25
2.1 25
2.2 26
2.3 26
2.4 29
2.5 35
2.6 40
2.7 44
2.8 46
2.9 46
3 48
3.1 51
3.2 53
3.3 56
3.4 54
3.5 59
3.6 62
3.7 64
3.8 64
3.9 64
4 62
4.1 62
4.2 59
4.3 59
4.4 58
4.5 59
4.6 61
4.7 64
4.8 71
4.9 75
5 74
5.1 75
5.2 72
5.3 77
5.4 76
5.5 75
5.6 75
5.7 78
5.8 79
5.9 74
6 77
6.1 78
6.2 73
6.3 72
6.4 68
6.5 68
6.6 64
6.7 63
6.8 65
6.9 63
7 66
7.1 61
7.2 61
7.3 58
7.4 60
7.5 58
7.6 55
7.7 55
7.8 56
7.9 55
8 55
8.1 52
8.2 51
8.3 50
8.4 45
8.5 42
8.6 39
8.7 36
8.8 33
8.9 32
9 30
9.1 30
9.2 30
9.3 27
9.4 24
9.5 24
9.6 23
9.7 22
9.8 21
9.9 21
10 21
10.1 21
10.2 21
10.3 18
10.4 17
10.5 17
10.6 15
10.7 11
10.8 9
10.9 9
11 8
11.1 8
11.2 8
11.3 8
11.4 7
11.5 7
11.6 7
11.7 7
11.8 6
11.9 6
12 6
12.1 6
12.2 6
12.3 6
12.4 3
12.5 3
12.6 2
12.7 2
12.8 2
12.9 2
13 2
13.1 2
13.2 2
13.3 2
13.4 2
13.5 2
13.6 2
13.7 1
13.8 1
13.9 1
14 1
14.1 1
14.2 1
14.3 1
14.4 1
14.5 0
14.6 0
14.7 0
14.8 0
14.9 0
15 0
15.1 0
15.2 0
15.3 0
15.4 0
15.5 0
15.6 0
15.7 0
15.8 0
15.9 0
16 0
16.1 0
16.2 0
16.3 0
16.4 0
16.5 0
16.6 0
16.7 0
16.8 2
16.9 2
17 2
17.1 2
17.2 2
17.3 2
17.4 2
17.5 2
17.6 2
17.7 2
17.8 2
17.9 2
18 1
18.1 1
18.2 1
18.3 1
18.4 1
18.5 1
18.6 1
18.7 1
18.8 1
18.9 1
19 1
19.1 1
19.2 2
19.3 1
19.4 1
19.5 1
19.6 1
19.7 1
19.8 1
19.9 1
20 1
20.1 1
20.2 1
20.3 1
20.4 0
20.5 0
20.6 0
20.7 0
20.8 0
20.9 0
21 0
21.1 0
21.2 0
21.3 0
21.4 0
21.5 0
21.6 0
21.7 0
21.8 0
21.9 0
22 0
22.1 0
22.2 0
22.3 0
22.4 0
22.5 0
22.6 0
22.7 0
22.8 1
22.9 1
23 1
23.1 1
23.2 1
23.3 0
23.4 0
23.5 0
23.6 0
23.7 0
23.8 0
23.9 0
24 0
24.1 0
24.2 0
24.3 3
24.4 3
24.5 3
24.6 3
24.7 3
24.8 3
24.9 3
25 3
25.1 3
25.2 3
25.3 3
25.4 3
25.5 3
25.6 3
25.7 3
25.8 3
25.9 3
26 3
26.1 5
26.2 5
26.3 6
26.4 6
26.5 9
26.6 7
26.7 7
26.8 9
26.9 12
27 16
27.1 19
27.2 22
27.3 26
27.4 28
27.5 28
27.6 27
27.7 27
27.8 32
27.9 32
28 31
28.1 30
28.2 34
28.3 37
28.4 40
28.5 41
28.6 42
28.7 44
28.8 46
28.9 47
29 49
29.1 53
29.2 55
29.3 57
29.4 56
29.5 60
29.6 60
29.7 61
29.8 63
29.9 61
30 59
30.1 63
30.2 65
30.3 65
30.4 66
30.5 68
30.6 66
30.7 67
30.8 67
30.9 64
31 64
31.1 65
31.2 64
31.3 66
31.4 69
31.5 72
31.6 70
31.7 66
31.8 67
31.9 64
32 64
32.1 61
32.2 56
32.3 53
32.4 48
32.5 46
32.6 44
32.7 44
32.8 40
32.9 39
33 35
33.1 31
33.2 31
33.3 30
33.4 30
33.5 28
33.6 26
33.7 24
33.8 24
33.9 21
34 21
34.1 20
34.2 19
34.3 18
34.4 16
34.5 15
34.6 15
34.7 14
34.8 13
34.9 11
35 10
35.1 9
35.2 8
35.3 8
35.4 7
35.5 7
35.6 6
35.7 5
35.8 5
35.9 4
36 4
36.1 4
36.2 4
36.3 3
36.4 3
36.5 3
36.6 3
36.7 3
36.8 3
36.9 3
37 3
37.1 3
37.2 2
37.3 2
37.4 2
37.5 2
37.6 2
37.7 2
37.8 2
37.9 2
38 2
38.1 2
38.2 2
38.3 6
38.4 6
38.5 6
38.6 6
38.7 6
38.8 6
38.9 6
39 6
39.1 6
39.2 6
39.3 5
39.4 4
39.5 4
39.6 4
39.7 4
39.8 4
39.9 4
40 3
40.1 3
40.2 3
40.3 3
40.4 3
40.5 3
40.6 3
40.7 2
40.8 2
40.9 2
41 2
41.1 2
41.2 2
41.3 2
41.4 2
41.5 2
41.6 2
41.7 1
41.8 1
41.9 1
42 1
42.1 1
42.2 2
42.3 2
42.4 2
42.5 2
42.6 2
42.7 1
42.8 1
42.9 1
43 1
43.1 1
43.2 1
43.3 1
43.4 1
43.5 1
43.6 1
43.7 1
43.8 0
43.9 0
44 0
44.1 0
44.2 0
44.3 0
44.4 0
44.5 0
44.6 0
44.7 0
44.8 0
44.9 0
45 0
45.1 0
45.2 0
45.3 0
45.4 0
45.5 0
45.6 0
45.7 0
45.8 0
45.9 0
46 0
46.1 0
46.2 0
46.3 0
46.4 0
46.5 0
46.6 0
46.7 0
46.8 0
46.9 0
47 0
47.1 2
47.2 3
47.3 2
47.4 2
47.5 2
47.6 2
47.7 2
47.8 2
47.9 2
48 2
48.1 2
48.2 2
48.3 2
48.4 2
48.5 2
48.6 1
48.7 1
48.8 1
48.9 1
49 1
49.1 1
49.2 1
49.3 1
49.4 1
49.5 3
49.6 3
49.7 4
49.8 5
49.9 7
50 7
50.1 6
50.2 6
50.3 6
50.4 6
50.5 6
50.6 6
50.7 6
50.8 6
50.9 7
51 7
51.1 9
51.2 11
51.3 14
51.4 18
51.5 18
51.6 20
51.7 21
51.8 21
51.9 24
52 23
52.1 26
52.2 27
52.3 28
52.4 26
52.5 31
52.6 32
52.7 34
52.8 38
52.9 35
53 38
53.1 40
53.2 44
53.3 44
53.4 43
53.5 45
53.6 51
53.7 51
53.8 50
53.9 52
54 58
54.1 57
54.2 59
54.3 63
54.4 64
54.5 65
54.6 66
54.7 66
54.8 70
54.9 67
55 65
55.1 62
55.2 64
55.3 67
55.4 68
55.5 68
55.6 68
55.7 66
55.8 67
55.9 66
56 67
56.1 67
56.2 67
56.3 66
56.4 65
56.5 63
56.6 67
56.7 67
56.8 65
56.9 61
57 58
57.1 52
57.2 50
57.3 46
57.4 45
57.5 42
57.6 41
57.7 41
57.8 39
57.9 37
58 37
58.1 34
58.2 33
58.3 30
58.4 28
58.5 27
58.6 25
58.7 24
58.8 24
58.9 23
59 21
59.1 19
59.2 18
59.3 18
59.4 17
59.5 17
59.6 16
59.7 14
59.8 14
59.9 14
60 14
60.1 14
60.2 12
60.3 12
60.4 12
60.5 12
60.6 10
60.7 10
60.8 10
60.9 9
61 9
61.1 9
61.2 8
61.3 7
61.4 7
61.5 7
61.6 6
61.7 6
61.8 6
61.9 6
62 5
62.1 5
62.2 5
62.3 5
62.4 5
62.5 5
62.6 5
62.7 5
62.8 5
62.9 5
63 4
63.1 4
63.2 3
63.3 3
63.4 2
63.5 2
63.6 2
63.7 2
63.8 1
63.9 1
64 1
64.1 1
64.2 3
64.3 3
64.4 3
64.5 3
64.6 3
64.7 3
64.8 2
64.9 2
65 1
65.1 0
65.2 0
65.3 0
65.4 0
65.5 0
65.6 0
65.7 0
65.8 0
65.9 0
66 0
66.1 0
66.2 0
66.3 0
66.4 0
66.5 0
66.6 0
66.7 0
66.8 0
66.9 0
67 0
67.1 0
67.2 0
67.3 0
67.4 0
67.5 0
67.6 0
67.7 0
67.8 0
67.9 0
68 0
68.1 0
68.2 0
68.3 0
68.4 0
68.5 0
68.6 0
68.7 3
68.8 3
68.9 3
69 3
69.1 3
69.2 3
69.3 2
69.4 4
69.5 4
69.6 4
69.7 6
69.8 7
69.9 7
70 8
70.1 9
70.2 8
70.3 8
70.4 10
70.5 10
70.6 11
70.7 11
70.8 12
70.9 14
71 18
71.1 19
71.2 22
71.3 21
71.4 21
71.5 21
71.6 25
71.7 28
71.8 29
71.9 35
72 38
72.1 37
72.2 41
72.3 44
72.4 43
72.5 41
72.6 35
72.7 35
72.8 35
72.9 35
73 45
73.1 46
73.2 46
73.3 46
73.4 41
73.5 42
73.6 43
73.7 49
73.8 49
73.9 45
74 54
74.1 56
74.2 56
74.3 59
74.4 58
74.5 55
74.6 55
74.7 56
74.8 56
74.9 58
75 57
75.1 60
75.2 58
75.3 53
75.4 55
75.5 54
75.6 51
75.7 48
75.8 49
75.9 48
76 47
76.1 44
76.2 45
76.3 42
76.4 39
76.5 37
76.6 35
76.7 35
76.8 33
76.9 32
77 31
77.1 30
77.2 28
77.3 26
77.4 26
77.5 25
77.6 25
77.7 24
77.8 23
77.9 22
78 20
78.1 18
78.2 18
78.3 18
78.4 17
78.5 16
78.6 17
78.7 18
78.8 16
78.9 15
79 15
79.1 15
79.2 15
79.3 15
79.4 14
79.5 14
79.6 14
79.7 14
79.8 14
79.9 13
80 13
80.1 12
80.2 11
80.3 10
80.4 10
80.5 10
80.6 10
80.7 7
80.8 7
80.9 6
81 6
81.1 5
81.2 5
81.3 4
81.4 4
81.5 6
81.6 6
81.7 6
81.8 6
81.9 5
82 5
82.1 5
82.2 4
82.3 4
82.4 4
82.5 3
82.6 3
82.7 3
82.8 3
82.9 2
83 2
83.1 2
83.2 2
83.3 2
83.4 2
83.5 2
83.6 2
83.7 2
83.8 2
83.9 2
84 2
84.1 2
84.2 2
84.3 2
84.4 2
84.5 2
84.6 2
84.7 2
84.8 2
84.9 2
85 2
85.1 2
85.2 1
85.3 1
85.4 1
85.5 1
85.6 1
85.7 1
85.8 1
85.9 0
86 0
86.1 0
86.2 0
86.3 0
86.4 0
86.5 0
86.6 0
86.7 0
86.8 0
86.9 0
87 0
87.1 1
87.2 1
87.3 2
87.4 2
87.5 2
87.6 2
87.7 2
87.8 1
87.9 1
88 1
88.1 2
88.2 10
88.3 10
88.4 13
88.5 13
88.6 15
88.7 18
88.8 21
88.9 21
89 20
89.1 20
89.2 19
89.3 21
89.4 24
89.5 27
89.6 25
89.7 23
89.8 23
89.9 29
90 32
90.1 33
90.2 34
90.3 39
90.4 42
90.5 39
90.6 43
90.7 43
90.8 41
90.9 44
91 45
91.1 50
91.2 49
91.3 48
91.4 48
91.5 48
91.6 44
91.7 46
91.8 48
91.9 56
92 54
92.1 54
92.2 56
92.3 58
92.4 62
92.5 60
92.6 59
92.7 62
92.8 63
92.9 66
93 67
93.1 68
93.2 66
93.3 65
93.4 65
93.5 70
93.6 67
93.7 64
93.8 61
93.9 61
94 60
94.1 59
94.2 58
94.3 53
94.4 51
94.5 49
94.6 45
94.7 40
94.8 38
94.9 36
95 34
95.1 34
95.2 32
95.3 31
95.4 30
95.5 30
95.6 28
95.7 27
95.8 24
95.9 23
96 21
96.1 21
96.2 20
96.3 19
96.4 19
96.5 17
96.6 17
96.7 17
96.8 17
96.9 13
97 13
97.1 12
97.2 12
97.3 11
97.4 10
97.5 9
97.6 7
97.7 7
97.8 6
97.9 6
98 6
98.1 6
98.2 6
98.3 6
98.4 5
98.5 5
98.6 5
98.7 3
98.8 3
98.9 2
99 2
99.1 2
99.2 2
99.3 2
99.4 2
99.5 2
99.6 2
99.7 2
99.8 2
99.9 2
100 2
100.1 2
100.2 2
100.3 2
100.4 2
100.5 2
100.6 2
100.7 2
100.8 2
100.9 2
101 2
101.1 2
101.2 2
101.3 2
101.4 2
101.5 2
101.6 2
101.7 2
101.8 2
101.9 1
102 1
102.1 1
102.2 1
102.3 1
102.4 1
102.5 1
102.6 1
102.7 1
102.8 1
102.9 1
103 1
103.1 1
103.2 1
103.3 1
103.4 1
103.5 1
103.6 1
103.7 1
103.8 1
103.9 1
104 1
104.1 1
104.2 0
104.3 0
104.4 0
104.5 0
104.6 0
104.7 0
104.8 0
104.9 0
105 0
105.1 0
105.2 0
105.3 0
105.4 0
105.5 0
105.6 0
105.7 0
105.8 0
105.9 0
106 0
106.1 0
106.2 0
106.3 0
106.4 0
106.5 0
106.6 0
106.7 0
106.8 0
106.9 0
107 0
107.1 0
107.2 0
107.3 0
107.4 0
107.5 0
107.6 0
107.7 1
107.8 1
107.9 1
108 1
108.1 1
108.2 1
108.3 1
108.4 0
108.5 0
108.6 0
108.7 0
108.8 0
108.9 0
109 0
109.1 3
109.2 3
109.3 3
109.4 2
109.5 2
109.6 2
109.7 2
109.8 2
109.9 2
110 1
110.1 1
110.2 1
110.3 1
110.4 1
110.5 1
110.6 1
110.7 1
110.8 1
110.9 1
111 1
111.1 1
111.2 1
111.3 1
111.4 1
111.5 1
111.6 1
111.7 2
111.8 2
111.9 2
112 1
112.1 1
112.2 1
112.3 1
112.4 1
112.5 1
112.6 1
112.7 1
112.8 1
112.9 2
113 3
113.1 3
113.2 2
113.3 4
113.4 4
113.5 6
113.6 9
113.7 10
113.8 16
113.9 21
114 20
114.1 21
114.2 24
114.3 25
114.4 27
114.5 27
114.6 28
114.7 32
114.8 35
114.9 40
115 46
115.1 47
115.2 42
115.3 42
115.4 45
115.5 51
115.6 55
115.7 58
115.8 54
115.9 57
116 56
116.1 55
116.2 59
116.3 60
116.4 61
116.5 60
116.6 64
116.7 65
116.8 68
116.9 67
117 67
117.1 65
117.2 63
117.3 66
117.4 61
117.5 66
117.6 67
117.7 72
117.8 75
117.9 71
118 73
118.1 68
118.2 66
118.3 65
118.4 62
118.5 60
118.6 59
118.7 57
118.8 55
118.9 54
119 52
119.1 49
119.2 46
119.3 46
119.4 44
119.5 42
119.6 41
119.7 37
119.8 36
119.9 35
120 32
120.1 31
120.2 31
120.3 30
120.4 27
120.5 25
120.6 25
120.7 24
120.8 21
120.9 19
121 17
121.1 16
121.2 15
121.3 15
121.4 15
121.5 15
121.6 15
121.7 14
121.8 14
121.9 14
122 14
122.1 13
122.2 13
122.3 10
122.4 10
122.5 10
122.6 10
122.7 10
122.8 8
122.9 8
123 8
123.1 7
123.2 7
123.3 7
123.4 7
123.5 6
123.6 6
123.7 5
123.8 5
123.9 4
124 4
124.1 3
124.2 2
124.3 2
124.4 2
124.5 2
124.6 2
124.7 2
124.8 2
124.9 2
125 2
125.1 2
125.2 2
125.3 2
125.4 2
125.5 2
125.6 2
125.7 2
125.8 2
125.9 2
126 2
126.1 2
126.2 1
126.3 1
126.4 1
126.5 1
126.6 1
126.7 1
126.8 1
126.9 2
127 1
127.1 1
127.2 1
127.3 1
127.4 1
127.5 1
127.6 1
127.7 1
127.8 1
127.9 1
128 1
128.1 1
128.2 1
128.3 1
128.4 1
128.5 1
128.6 1
128.7 1
128.8 1
128.9 1
129 1
129.1 1
129.2 1
129.3 1
129.4 1
129.5 1
129.6 1
129.7 1
129.8 1
129.9 1
130 1
130.1 1
130.2 1
130.3 1
130.4 1
130.5 1
130.6 1
130.7 1
130.8 1
130.9 1
131 1
131.1 1
131.2 1
131.3 1
131.4 1
131.5 1
131.6 1
131.7 1
131.8 1
131.9 2
132 2
132.1 2
132.2 2
132.3 2
132.4 3
132.5 3
132.6 6
132.7 7
132.8 8
132.9 8
133 7
133.1 6
133.2 5
133.3 5
133.4 5
133.5 4
133.6 8
133.7 8
133.8 7
133.9 7
134 7
134.1 7
134.2 7
134.3 7
134.4 7
134.5 7
134.6 8
134.7 8
134.8 8
134.9 7
135 7
135.1 6
135.2 7
135.3 7
135.4 7
135.5 7
135.6 7
135.7 7
135.8 7
135.9 7
136 6
136.1 6
136.2 6
136.3 6
136.4 5
136.5 4
136.6 4
136.7 4
136.8 4
136.9 3
137 3
137.1 3
137.2 3
137.3 3
137.4 6
137.5 6
137.6 6
137.7 5
137.8 5
137.9 5
138 5
138.1 6
138.2 6
138.3 5
138.4 4
138.5 4
138.6 4
138.7 3
138.8 3
138.9 2
139 2
139.1 2
139.2 2
139.3 2
139.4 2
139.5 2
139.6 2
139.7 2
139.8 2
139.9 2
140 2
140.1 2
140.2 3
140.3 3
140.4 3
140.5 3
140.6 3
140.7 3
140.8 3
140.9 3
141 4
141.1 4
141.2 4
141.3 3
141.4 3
141.5 8
141.6 8
141.7 7
141.8 7
141.9 11
142 9
142.1 9
142.2 9
142.3 10
142.4 15
142.5 15
142.6 17
142.7 16
142.8 15
142.9 17
143 17
143.1 17
143.2 17
143.3 17
143.4 17
143.5 15
143.6 15
143.7 13
143.8 13
143.9 12
144 11
144.1 11
144.2 10
144.3 10
144.4 10
144.5 9
144.6 8
144.7 6
144.8 6
144.9 9
145 9
145.1 11
145.2 12
145.3 11
145.4 10
145.5 9
145.6 9
145.7 9
145.8 12
145.9 12
146 11
146.1 12
146.2 12
146.3 13
146.4 16
146.5 18
146.6 21
146.7 27
146.8 25
146.9 23
147 25
147.1 28
147.2 32
147.3 32
147.4 34
147.5 34
147.6 36
147.7 36
147.8 37
147.9 38
148 39
148.1 40
148.2 38
148.3 37
148.4 42
148.5 45
148.6 47
148.7 47
148.8 51
148.9 52
149 56
149.1 54
149.2 53
149.3 56
149.4 60
149.5 55
149.6 55
149.7 55
149.8 56
149.9 56
150 56
150.1 57
150.2 54
150.3 50
150.4 48
150.5 45
150.6 43
150.7 39
150.8 39
150.9 37
151 35
151.1 35
151.2 33
151.3 32
151.4 31
151.5 30
151.6 29
151.7 28
151.8 26
151.9 26
152 26
152.1 25
152.2 23
152.3 22
152.4 21
152.5 19
152.6 18
152.7 18
152.8 18
152.9 17
153 17
153.1 17
153.2 15
153.3 13
153.4 13
153.5 13
153.6 13
153.7 13
153.8 12
153.9 12
154 12
154.1 11
154.2 10
154.3 10
154.4 9
154.5 8
154.6 8
154.7 8
154.8 7
154.9 5
155 5
155.1 4
155.2 4
155.3 3
155.4 3
155.5 3
155.6 3
155.7 3
155.8 3
155.9 3
156 3
156.1 3
156.2 3
156.3 2
156.4 2
156.5 2
156.6 2
156.7 2
156.8 2
156.9 1
157 2
157.1 2
157.2 2
157.3 2
157.4 2
157.5 2
157.6 2
157.7 2
157.8 2
157.9 2
158 2
158.1 2
158.2 2
158.3 1
158.4 1
158.5 1
158.6 1
158.7 1
158.8 1
158.9 1
159 1
159.1 1
159.2 1
159.3 1
159.4 1
159.5 1
159.6 1
159.7 0
159.8 0
159.9 0
160 0
160.1 3
160.2 2
160.3 2
160.4 2
160.5 2
160.6 2
160.7 2
160.8 2
160.9 1
161 1
161.1 1
161.2 1
161.3 1
161.4 1
161.5 1
161.6 1
161.7 1
161.8 1
161.9 1
162 1
162.1 1
162.2 1
162.3 0
162.4 0
162.5 0
162.6 0
162.7 1
162.8 1
162.9 1
163 0
163.1 0
163.2 0
163.3 0
163.4 0
163.5 0
163.6 0
163.7 0
163.8 0
163.9 0
164 0
164.1 0
164.2 0
164.3 0
164.4 0
164.5 0
164.6 0
164.7 0
164.8 0
164.9 0
165 0
165.1 0
165.2 0
165.3 0
165.4 0
165.5 3
165.6 3
165.7 3
165.8 3
165.9 3
166 3
166.1 3
166.2 3
166.3 3
166.4 3
166.5 3
166.6 3
166.7 2
166.8 8
166.9 10
167 11
167.1 13
167.2 15
167.3 16
167.4 21
167.5 21
167.6 23
167.7 22
167.8 26
167.9 28
168 26
168.1 27
168.2 33
168.3 35
168.4 39
168.5 40
168.6 43
168.7 43
168.8 40
168.9 39
169 36
169.1 40
169.2 42
169.3 45
169.4 42
169.5 43
169.6 45
169.7 46
169.8 49
169.9 47
170 46
170.1 43
170.2 44
170.3 45
170.4 48
170.5 51
170.6 53
170.7 48
170.8 49
170.9 52
171 51
171.1 51
171.2 48
171.3 49
171.4 47
171.5 47
171.6 47
171.7 50
171.8 52
171.9 56
172 53
172.1 54
172.2 52
172.3 53
172.4 54
172.5 55
172.6 57
172.7 57
172.8 56
172.9 52
173 51
173.1 49
173.2 49
173.3 49
173.4 48
173.5 46
173.6 53
173.7 53
173.8 56
173.9 53
174 50
174.1 44
174.2 39
174.3 35
174.4 32
174.5 30
174.6 28
174.7 28
174.8 26
174.9 25
175 23
175.1 22
175.2 22
175.3 22
175.4 20
175.5 18
175.6 18
175.7 16
175.8 16
175.9 16
176 16
176.1 15
176.2 14
176.3 12
176.4 12
176.5 10
176.6 10
176.7 7
176.8 7
176.9 7
177 7
177.1 5
177.2 5
177.3 5
177.4 4
177.5 4
177.6 4
177.7 4
177.8 2
177.9 2
178 2
178.1 2
178.2 2
178.3 2
178.4 2
178.5 2
178.6 1
178.7 1
178.8 1
178.9 1
179 1
179.1 1
179.2 1
179.3 1
179.4 1
179.5 1
179.6 1
179.7 1
179.8 1
179.9 1
180 1
180.1 1
180.2 1
180.3 0
180.4 0
180.5 0
180.6 0
180.7 0
180.8 0
180.9 0
181 0
181.1 0
181.2 0
181.3 0
181.4 0
181.5 0
181.6 0
181.7 0
181.8 0
181.9 0
182 0
182.1 0
182.2 0
182.3 0
182.4 0
182.5 0
182.6 0
182.7 0
182.8 0
182.9 0
183 0
183.1 0
183.2 0
183.3 0
183.4 0
183.5 0
183.6 0
183.7 0
183.8 0
183.9 0
184 0
184.1 0
184.2 0
184.3 0
184.4 0
184.5 0
184.6 0
184.7 0
184.8 0
184.9 0
185 0
185.1 0
185.2 0
185.3 0
185.4 0
185.5 0
185.6 0
185.7 0
185.8 0
185.9 0
186 0
186.1 0
186.2 0
186.3 0
186.4 0
186.5 0
186.6 0
186.7 0
186.8 0
186.9 0
187 0
187.1 0
187.2 0
187.3 0
187.4 0
187.5 0
187.6 0
187.7 0
187.8 0
187.9 0
188 1
188.1 1
188.2 1
188.3 1
188.4 1
188.5 1
188.6 1
188.7 1
188.8 2
188.9 3
189 6
189.1 5
189.2 5
189.3 3
189.4 6
189.5 5
189.6 9
189.7 14
189.8 17
189.9 21
190 23
190.1 24
190.2 29
190.3 33
190.4 33
190.5 36
190.6 37
190.7 39
190.8 40
190.9 47
191 47
191.1 46
191.2 48
191.3 50
191.4 47
191.5 49
191.6 48
191.7 48
191.8 48
191.9 46
192 48
192.1 48
192.2 49
192.3 52
192.4 50
192.5 51
192.6 53
192.7 53
192.8 53
192.9 55
193 54
193.1 50
193.2 55
193.3 56
193.4 55
193.5 52
193.6 54
193.7 58
193.8 61
193.9 62
194 62
194.1 61
194.2 61
194.3 55
194.4 52
194.5 50
194.6 46
194.7 44
194.8 44
194.9 44
195 41
195.1 40
195.2 37
195.3 38
195.4 38
195.5 37
195.6 37
195.7 35
195.8 32
195.9 31
196 28
196.1 25
196.2 24
196.3 21
196.4 21
196.5 20
196.6 19
196.7 18
196.8 15
196.9 15
197 14
197.1 14
197.2 13
197.3 12
197.4 11
197.5 10
197.6 10
197.7 9
197.8 8
197.9 8
198 8
198.1 8
198.2 7
198.3 7
198.4 5
198.5 5
198.6 4
198.7 4
198.8 4
198.9 4
199 3
199.1 3
199.2 3
199.3 3
199.4 3
199.5 3
199.6 2
199.7 2
199.8 2
199.9 1
200 1
