0 1
0.1 1
0.2 1
0.3 1
0.4 1
0.5 0
0.6 1
0.7 0
0.8 0
0.9 0
1 0
1.1 0
1.2 0
1.3 0
1.4 0
1.5 0
1.6 0
1.7 0
1.8 0
1.9 0
2 1
2.1 0
2.2 0
2.3 0
2.4 0
2.5 0
2.6 1
2.7 0
2.8 0
2.9 0
3 0
3.1 0
3.2 1
3.3 0
3.4 0
3.5 0
3.6 0
3.7 0
3.8 0
3.9 0
4 0
4.1 0
4.2 1
4.3 0
4.4 0
4.5 0
4.6 0
4.7 0
4.8 0
4.9 0
5 0
5.1 0
5.2 0
5.3 0
5.4 1
5.5 0
5.6 0
5.7 1
5.8 1
5.9 0
6 0
6.1 1
6.2 0
6.3 0
6.4 0
6.5 0
6.6 1
6.7 0
6.8 0
6.9 0
7 0
7.1 0
7.2 0
7.3 1
7.4 1
7.5 0
7.6 0
7.7 0
7.8 0
7.9 0
8 0
8.1 1
8.2 1
8.3 1
8.4 1
8.5 1
8.6 1
8.7 1
8.8 1
8.9 1
9 1
9.1 1
9.2 1
9.3 1
9.4 1
9.5 1
9.6 1
9.7 1
9.8 1
9.9 1
10 1
10.1 1
10.2 1
10.3 1
10.4 1
10.5 1
10.6 1
10.7 1
10.8 1
10.9 1
11 1
11.1 1
11.2 1
11.3 1
11.4 1
11.5 1
11.6 1
11.7 1
11.8 1
11.9 1
12 1
12.1 1
12.2 1
12.3 1
12.4 1
12.5 1
12.6 0
12.7 1
12.8 1
12.9 1
13 1
13.1 1
13.2 1
13.3 1
13.4 1
13.5 1
13.6 1
13.7 1
13.8 1
13.9 1
14 1
14.1 1
14.2 1
14.3 1
14.4 1
14.5 1
14.6 1
14.7 1
14.8 1
14.9 1
15 1
15.1 1
15.2 1
15.3 0
15.4 1
15.5 1
15.6 1
15.7 1
15.8 1
15.9 1
16 1
16.1 1
16.2 1
16.3 1
16.4 1
16.5 1
16.6 1
16.7 1
16.8 1
16.9 1
17 1
17.1 1
17.2 1
17.3 1
17.4 1
17.5 1
17.6 1
17.7 1
17.8 0
17.9 1
18 1
18.1 1
18.2 1
18.3 1
18.4 1
18.5 1
18.6 1
18.7 1
18.8 1
18.9 1
19 0
19.1 1
19.2 1
19.3 1
19.4 1
19.5 1
19.6 1
19.7 1
19.8 1
19.9 1
20 1
20.1 1
20.2 1
20.3 1
20.4 1
20.5 1
20.6 1
20.7 1
20.8 1
20.9 1
21 1
21.1 1
21.2 1
21.3 1
21.4 1
21.5 1
21.6 1
21.7 1
21.8 1
21.9 1
22 1
22.1 1
22.2 1
22.3 1
22.4 1
22.5 1
22.6 1
22.7 1
22.8 1
22.9 1
23 1
23.1 1
23.2 1
23.3 1
23.4 1
23.5 1
23.6 1
23.7 1
23.8 1
23.9 1
24 1
24.1 1
24.2 0
24.3 1
24.4 1
24.5 1
24.6 1
24.7 1
24.8 1
24.9 1
25 1
25.1 1
25.2 1
25.3 1
25.4 1
25.5 1
25.6 1
25.7 1
25.8 1
25.9 0
26 1
26.1 1
26.2 0
26.3 1
26.4 0
26.5 1
26.6 1
26.7 0
26.8 1
26.9 1
27 1
27.1 0
27.2 1
27.3 0
27.4 0
27.5 0
27.6 1
27.7 0
27.8 0
27.9 0
28 0
28.1 0
28.2 0
28.3 1
28.4 0
28.5 0
28.6 0
28.7 0
28.8 0
28.9 0
29 0
29.1 0
29.2 0
29.3 0
29.4 0
29.5 0
29.6 0
29.7 0
29.8 0
29.9 0
30 0
30.1 0
30.2 0
30.3 0
30.4 0
30.5 0
30.6 1
30.7 1
30.8 0
30.9 0
31 0
31.1 1
31.2 1
31.3 1
31.4 0
31.5 1
31.6 0
31.7 1
31.8 1
31.9 0
32 1
32.1 1
32.2 1
32.3 1
32.4 1
32.5 1
32.6 1
32.7 1
32.8 1
32.9 1
33 1
33.1 0
33.2 1
33.3 1
33.4 1
33.5 1
33.6 1
33.7 1
33.8 1
33.9 1
34 1
34.1 1
34.2 1
34.3 1
34.4 1
34.5 1
34.6 1
34.7 1
34.8 1
34.9 1
35 1
35.1 1
35.2 1
35.3 1
35.4 1
35.5 1
35.6 1
35.7 1
35.8 1
35.9 1
36 1
36.1 1
36.2 1
36.3 1
36.4 1
36.5 1
36.6 1
36.7 1
36.8 1
36.9 1
37 1
37.1 1
37.2 1
37.3 1
37.4 1
37.5 1
37.6 1
37.7 1
37.8 1
37.9 1
38 1
38.1 1
38.2 1
38.3 1
38.4 1
38.5 1
38.6 1
38.7 1
38.8 1
38.9 1
39 1
39.1 1
39.2 1
39.3 1
39.4 1
39.5 1
39.6 1
39.7 1
39.8 1
39.9 1
40 1
40.1 1
40.2 1
40.3 1
40.4 1
40.5 1
40.6 1
40.7 1
40.8 1
40.9 1
41 1
41.1 1
41.2 1
41.3 1
41.4 1
41.5 1
41.6 1
41.7 1
41.8 1
41.9 0
42 0
42.1 1
42.2 1
42.3 1
42.4 1
42.5 1
42.6 1
42.7 1
42.8 1
42.9 1
43 1
43.1 1
43.2 1
43.3 1
43.4 1
43.5 1
43.6 1
43.7 1
43.8 1
43.9 1
44 1
44.1 1
44.2 1
44.3 1
44.4 1
44.5 1
44.6 1
44.7 1
44.8 1
44.9 1
45 1
45.1 1
45.2 1
45.3 1
45.4 1
45.5 1
45.6 1
45.7 1
45.8 1
45.9 1
46 1
46.1 1
46.2 1
46.3 1
46.4 1
46.5 1
46.6 1
46.7 1
46.8 1
46.9 1
47 1
47.1 1
47.2 1
47.3 1
47.4 1
47.5 1
47.6 1
47.7 1
47.8 1
47.9 1
48 1
48.1 1
48.2 1
48.3 1
48.4 1
48.5 1
48.6 1
48.7 1
48.8 1
48.9 1
49 1
49.1 1
49.2 1
49.3 1
49.4 1
49.5 1
49.6 1
49.7 1
49.8 1
49.9 1
50 1
50.1 1
50.2 1
50.3 1
50.4 1
50.5 1
50.6 0
50.7 1
50.8 0
50.9 1
51 1
51.1 0
51.2 0
51.3 1
51.4 0
51.5 0
51.6 0
51.7 0
51.8 0
51.9 0
52 0
52.1 1
52.2 0
52.3 0
52.4 0
52.5 0
52.6 0
52.7 1
52.8 0
52.9 0
53 0
53.1 0
53.2 0
53.3 0
53.4 0
53.5 0
53.6 0
53.7 0
53.8 0
53.9 0
54 0
54.1 0
54.2 0
54.3 1
54.4 0
54.5 0
54.6 0
54.7 0
54.8 0
54.9 1
55 0
55.1 0
55.2 0
55.3 0
55.4 0
55.5 1
55.6 0
55.7 0
55.8 1
55.9 0
56 0
56.1 0
56.2 0
56.3 0
56.4 1
56.5 1
56.6 1
56.7 1
56.8 1
56.9 1
57 1
57.1 1
57.2 1
57.3 1
57.4 1
57.5 1
57.6 1
57.7 1
57.8 1
57.9 1
58 1
58.1 1
58.2 1
58.3 1
58.4 1
58.5 1
58.6 1
58.7 1
58.8 1
58.9 1
59 1
59.1 1
59.2 1
59.3 1
59.4 1
59.5 1
59.6 1
59.7 1
59.8 1
59.9 1
60 1
60.1 1
60.2 1
60.3 1
60.4 1
60.5 1
60.6 1
60.7 1
60.8 1
60.9 1
61 1
61.1 1
61.2 1
61.3 1
61.4 1
61.5 1
61.6 0
61.7 1
61.8 1
61.9 1
62 1
62.1 1
62.2 1
62.3 1
62.4 1
62.5 1
62.6 1
62.7 1
62.8 1
62.9 1
63 1
63.1 1
63.2 1
63.3 1
63.4 1
63.5 1
63.6 1
63.7 1
63.8 1
63.9 1
64 1
64.1 1
64.2 1
64.3 1
64.4 1
64.5 1
64.6 1
64.7 1
64.8 1
64.9 1
65 1
65.1 1
65.2 1
65.3 1
65.4 1
65.5 1
65.6 1
65.7 1
65.8 1
65.9 1
66 1
66.1 1
66.2 1
66.3 1
66.4 1
66.5 1
66.6 1
66.7 1
66.8 1
66.9 1
67 1
67.1 0
67.2 1
67.3 1
67.4 1
67.5 1
67.6 1
67.7 1
67.8 1
67.9 1
68 1
68.1 1
68.2 1
68.3 1
68.4 1
68.5 1
68.6 1
68.7 1
68.8 1
68.9 1
69 1
69.1 1
69.2 1
69.3 1
69.4 1
69.5 0
69.6 1
69.7 1
69.8 1
69.9 1
70 1
70.1 0
70.2 1
70.3 1
70.4 1
70.5 0
70.6 1
70.7 0
70.8 1
70.9 1
71 0
71.1 1
71.2 1
71.3 1
71.4 1
71.5 0
71.6 0
71.7 0
71.8 0
71.9 1
72 0
72.1 0
72.2 0
72.3 0
72.4 0
72.5 0
72.6 1
72.7 0
72.8 0
72.9 0
73 0
73.1 0
73.2 1
73.3 0
73.4 0
73.5 1
73.6 0
73.7 0
73.8 0
73.9 0
74 0
74.1 0
74.2 0
74.3 0
74.4 0
74.5 0
74.6 0
74.7 0
74.8 1
74.9 0
75 0
75.1 1
75.2 0
75.3 1
75.4 0
75.5 1
75.6 0
75.7 1
75.8 0
75.9 0
76 1
76.1 1
76.2 1
76.3 1
76.4 1
76.5 1
76.6 1
76.7 1
76.8 1
76.9 1
77 1
77.1 1
77.2 1
77.3 1
77.4 0
77.5 1
77.6 1
77.7 1
77.8 1
77.9 1
78 1
78.1 1
78.2 0
78.3 1
78.4 1
78.5 1
78.6 1
78.7 1
78.8 1
78.9 1
79 1
79.1 1
79.2 1
79.3 1
79.4 1
79.5 1
79.6 1
79.7 1
79.8 1
79.9 1
80 1
80.1 1
80.2 1
80.3 1
80.4 1
80.5 1
80.6 1
80.7 1
80.8 1
80.9 1
81 1
81.1 1
81.2 1
81.3 1
81.4 1
81.5 1
81.6 1
81.7 1
81.8 1
81.9 1
82 1
82.1 1
82.2 1
82.3 1
82.4 1
82.5 1
82.6 1
82.7 1
82.8 1
82.9 1
83 1
83.1 1
83.2 1
83.3 1
83.4 1
83.5 1
83.6 1
83.7 1
83.8 1
83.9 1
84 1
84.1 1
84.2 1
84.3 1
84.4 1
84.5 1
84.6 1
84.7 1
84.8 1
84.9 1
85 1
85.1 1
85.2 1
85.3 1
85.4 1
85.5 1
85.6 1
85.7 1
85.8 1
85.9 1
86 1
86.1 1
86.2 1
86.3 1
86.4 1
86.5 1
86.6 1
86.7 1
86.8 1
86.9 1
87 0
87.1 1
87.2 1
87.3 1
87.4 1
87.5 1
87.6 1
87.7 1
87.8 1
87.9 0
88 0
88.1 0
88.2 0
88.3 1
88.4 1
88.5 0
88.6 0
88.7 1
88.8 0
88.9 1
89 1
89.1 1
89.2 1
89.3 0
89.4 1
89.5 0
89.6 1
89.7 0
89.8 0
89.9 0
90 0
90.1 1
90.2 1
90.3 0
90.4 0
90.5 0
90.6 0
90.7 0
90.8 0
90.9 1
91 0
91.1 0
91.2 1
91.3 0
91.4 0
91.5 0
91.6 1
91.7 0
91.8 0
91.9 0
92 0
92.1 0
92.2 0
92.3 1
92.4 0
92.5 1
92.6 1
92.7 1
92.8 0
92.9 0
93 0
93.1 0
93.2 0
93.3 0
93.4 0
93.5 1
93.6 0
93.7 1
93.8 0
93.9 1
94 0
94.1 1
94.2 1
94.3 1
94.4 1
94.5 1
94.6 1
94.7 1
94.8 1
94.9 1
95 1
95.1 1
95.2 1
95.3 1
95.4 1
95.5 1
95.6 1
95.7 1
95.8 1
95.9 1
96 1
96.1 1
96.2 1
96.3 1
96.4 1
96.5 1
96.6 1
96.7 1
96.8 1
96.9 1
97 1
97.1 1
97.2 1
97.3 1
97.4 1
97.5 1
97.6 1
97.7 1
97.8 1
97.9 1
98 1
98.1 1
98.2 1
98.3 1
98.4 1
98.5 1
98.6 1
98.7 1
98.8 1
98.9 1
99 1
99.1 1
99.2 1
99.3 1
99.4 1
99.5 1
99.6 1
99.7 1
99.8 1
99.9 1
100 1
100.1 1
100.2 1
100.3 1
100.4 1
100.5 1
100.6 1
100.7 1
100.8 1
100.9 1
101 1
101.1 1
101.2 1
101.3 1
101.4 1
101.5 1
101.6 1
101.7 1
101.8 1
101.9 1
102 1
102.1 1
102.2 1
102.3 1
102.4 1
102.5 1
102.6 1
102.7 1
102.8 1
102.9 1
103 1
103.1 1
103.2 1
103.3 1
103.4 1
103.5 1
103.6 1
103.7 1
103.8 1
103.9 1
104 1
104.1 1
104.2 1
104.3 1
104.4 1
104.5 1
104.6 1
104.7 1
104.8 1
104.9 1
105 1
105.1 1
105.2 1
105.3 1
105.4 1
105.5 1
105.6 1
105.7 1
105.8 1
105.9 1
106 1
106.1 1
106.2 1
106.3 1
106.4 1
106.5 1
106.6 1
106.7 1
106.8 1
106.9 1
107 1
107.1 1
107.2 1
107.3 1
107.4 1
107.5 1
107.6 1
107.7 1
107.8 1
107.9 1
108 1
108.1 1
108.2 1
108.3 1
108.4 1
108.5 1
108.6 1
108.7 1
108.8 1
108.9 1
109 1
109.1 1
109.2 1
109.3 1
109.4 1
109.5 1
109.6 1
109.7 1
109.8 1
109.9 1
110 0
110.1 1
110.2 1
110.3 1
110.4 1
110.5 1
110.6 1
110.7 1
110.8 1
110.9 1
111 1
111.1 1
111.2 1
111.3 1
111.4 1
111.5 1
111.6 1
111.7 1
111.8 1
111.9 1
112 1
112.1 1
112.2 1
112.3 1
112.4 1
112.5 1
112.6 1
112.7 1
112.8 0
112.9 1
113 1
113.1 1
113.2 1
113.3 0
113.4 0
113.5 0
113.6 1
113.7 0
113.8 1
113.9 0
114 0
114.1 1
114.2 0
114.3 0
114.4 0
114.5 0
114.6 0
114.7 0
114.8 1
114.9 0
115 1
115.1 0
115.2 0
115.3 0
115.4 0
115.5 0
115.6 0
115.7 0
115.8 0
115.9 0
116 0
116.1 0
116.2 1
116.3 0
116.4 1
116.5 0
116.6 0
116.7 0
116.8 1
116.9 0
117 0
117.1 1
117.2 0
117.3 0
117.4 0
117.5 0
117.6 0
117.7 0
117.8 0
117.9 0
118 0
118.1 0
118.2 1
118.3 1
118.4 1
118.5 0
118.6 0
118.7 0
118.8 1
118.9 1
119 1
119.1 1
119.2 1
119.3 1
119.4 1
119.5 1
119.6 1
119.7 1
119.8 1
119.9 1
120 1
120.1 1
120.2 1
120.3 1
120.4 1
120.5 1
120.6 1
120.7 1
120.8 1
120.9 1
121 1
121.1 1
121.2 1
121.3 1
121.4 1
121.5 1
121.6 1
121.7 1
121.8 1
121.9 1
122 1
122.1 1
122.2 1
122.3 1
122.4 1
122.5 1
122.6 1
122.7 1
122.8 1
122.9 1
123 1
123.1 1
123.2 1
123.3 1
123.4 1
123.5 1
123.6 1
123.7 1
123.8 1
123.9 1
124 1
124.1 1
124.2 1
124.3 1
124.4 1
124.5 1
124.6 1
124.7 1
124.8 1
124.9 1
125 1
125.1 1
125.2 1
125.3 1
125.4 1
125.5 1
125.6 1
125.7 1
125.8 1
125.9 1
126 1
126.1 1
126.2 1
126.3 1
126.4 1
126.5 1
126.6 1
126.7 1
126.8 1
126.9 1
127 1
127.1 1
127.2 1
127.3 1
127.4 1
127.5 1
127.6 1
127.7 1
127.8 1
127.9 1
128 1
128.1 1
128.2 1
128.3 1
128.4 1
128.5 1
128.6 1
128.7 1
128.8 1
128.9 1
129 1
129.1 1
129.2 1
129.3 1
129.4 1
129.5 1
129.6 1
129.7 1
129.8 1
129.9 1
130 1
130.1 1
130.2 1
130.3 1
130.4 1
130.5 1
130.6 1
130.7 1
130.8 1
130.9 1
131 1
131.1 1
131.2 1
131.3 1
131.4 1
131.5 1
131.6 1
131.7 1
131.8 0
131.9 0
132 1
132.1 0
132.2 1
132.3 1
132.4 1
132.5 1
132.6 1
132.7 1
132.8 1
132.9 1
133 1
133.1 1
133.2 1
133.3 1
133.4 1
133.5 0
133.6 1
133.7 1
133.8 1
133.9 1
134 1
134.1 0
134.2 1
134.3 1
134.4 1
134.5 0
134.6 1
134.7 1
134.8 1
134.9 1
135 1
135.1 1
135.2 1
135.3 1
135.4 1
135.5 1
135.6 1
135.7 1
135.8 1
135.9 1
136 1
136.1 1
136.2 1
136.3 1
136.4 1
136.5 1
136.6 1
136.7 1
136.8 1
136.9 1
137 1
137.1 1
137.2 1
137.3 1
137.4 1
137.5 1
137.6 1
137.7 1
137.8 1
137.9 1
138 1
138.1 1
138.2 1
138.3 1
138.4 1
138.5 1
138.6 1
138.7 1
138.8 1
138.9 1
139 1
139.1 1
139.2 1
139.3 1
139.4 1
139.5 1
139.6 1
139.7 1
139.8 1
139.9 1
140 1
140.1 1
140.2 1
140.3 1
140.4 1
140.5 1
140.6 1
140.7 1
140.8 1
140.9 1
141 1
141.1 1
141.2 1
141.3 1
141.4 0
141.5 1
141.6 1
141.7 1
141.8 1
141.9 1
142 1
142.1 1
142.2 0
142.3 1
142.4 0
142.5 1
142.6 1
142.7 1
142.8 1
142.9 1
143 1
143.1 1
143.2 1
143.3 1
143.4 1
143.5 1
143.6 1
143.7 1
143.8 1
143.9 1
144 1
144.1 1
144.2 1
144.3 1
144.4 1
144.5 0
144.6 1
144.7 0
144.8 1
144.9 0
145 0
145.1 1
145.2 1
145.3 1
145.4 1
145.5 1
145.6 0
145.7 1
145.8 0
145.9 1
146 0
146.1 0
146.2 0
146.3 0
146.4 0
146.5 1
146.6 0
146.7 0
146.8 0
146.9 0
147 0
147.1 0
147.2 1
147.3 0
147.4 0
147.5 0
147.6 0
147.7 1
147.8 0
147.9 0
148 0
148.1 0
148.2 0
148.3 0
148.4 1
148.5 0
148.6 0
148.7 0
148.8 0
148.9 0
149 0
149.1 0
149.2 0
149.3 0
149.4 0
149.5 1
149.6 0
149.7 0
149.8 1
149.9 0
150 0
150.1 0
150.2 1
150.3 1
150.4 1
150.5 1
150.6 1
150.7 1
150.8 1
150.9 1
151 1
151.1 1
151.2 1
151.3 1
151.4 1
151.5 1
151.6 1
151.7 1
151.8 1
151.9 1
152 1
152.1 1
152.2 1
152.3 1
152.4 1
152.5 1
152.6 1
152.7 1
152.8 1
152.9 1
153 1
153.1 1
153.2 1
153.3 1
153.4 1
153.5 1
153.6 1
153.7 1
153.8 1
153.9 1
154 1
154.1 1
154.2 1
154.3 1
154.4 1
154.5 1
154.6 1
154.7 1
154.8 1
154.9 1
155 1
155.1 0
155.2 1
155.3 1
155.4 1
155.5 1
155.6 1
155.7 1
155.8 1
155.9 1
156 1
156.1 1
156.2 1
156.3 1
156.4 1
156.5 1
156.6 1
156.7 1
156.8 1
156.9 1
157 1
157.1 1
157.2 1
157.3 1
157.4 1
157.5 1
157.6 1
157.7 1
157.8 1
157.9 1
158 1
158.1 1
158.2 1
158.3 1
158.4 1
158.5 1
158.6 1
158.7 1
158.8 1
158.9 1
159 1
159.1 1
159.2 1
159.3 1
159.4 1
159.5 1
159.6 1
159.7 1
159.8 1
159.9 1
160 1
160.1 1
160.2 1
160.3 1
160.4 1
160.5 1
160.6 1
160.7 1
160.8 1
160.9 1
161 1
161.1 1
161.2 1
161.3 1
161.4 1
161.5 1
161.6 1
161.7 1
161.8 1
161.9 1
162 1
162.1 1
162.2 1
162.3 1
162.4 1
162.5 1
162.6 1
162.7 1
162.8 1
162.9 1
163 1
163.1 1
163.2 1
163.3 1
163.4 1
163.5 1
163.6 1
163.7 1
163.8 1
163.9 1
164 1
164.1 1
164.2 1
164.3 1
164.4 1
164.5 1
164.6 1
164.7 1
164.8 1
164.9 1
165 1
165.1 1
165.2 1
165.3 1
165.4 1
165.5 1
165.6 1
165.7 1
165.8 1
165.9 1
166 1
166.1 1
166.2 1
166.3 1
166.4 1
166.5 1
166.6 1
166.7 1
166.8 0
166.9 0
167 0
167.1 0
167.2 0
167.3 0
167.4 0
167.5 0
167.6 0
167.7 1
167.8 0
167.9 1
168 0
168.1 1
168.2 0
168.3 1
168.4 1
168.5 0
168.6 0
168.7 0
168.8 0
168.9 0
169 0
169.1 0
169.2 1
169.3 0
169.4 0
169.5 0
169.6 0
169.7 0
169.8 1
169.9 0
170 0
170.1 0
170.2 0
170.3 0
170.4 0
170.5 0
170.6 0
170.7 0
170.8 0
170.9 0
171 0
171.1 0
171.2 0
171.3 0
171.4 0
171.5 0
171.6 0
171.7 0
171.8 0
171.9 0
172 0
172.1 1
172.2 0
172.3 0
172.4 0
172.5 0
172.6 1
172.7 0
172.8 0
172.9 0
173 0
173.1 0
173.2 0
173.3 0
173.4 0
173.5 0
173.6 1
173.7 0
173.8 1
173.9 1
174 1
174.1 1
174.2 1
174.3 1
174.4 1
174.5 1
174.6 1
174.7 1
174.8 1
174.9 1
175 1
175.1 1
175.2 1
175.3 1
175.4 1
175.5 1
175.6 1
175.7 1
175.8 1
175.9 1
176 1
176.1 1
176.2 1
176.3 1
176.4 1
176.5 1
176.6 1
176.7 1
176.8 1
176.9 1
177 1
177.1 0
177.2 1
177.3 1
177.4 1
177.5 1
177.6 1
177.7 0
177.8 1
177.9 1
178 1
178.1 1
178.2 1
178.3 1
178.4 1
178.5 1
178.6 1
178.7 1
178.8 1
178.9 1
179 1
179.1 1
179.2 1
179.3 1
179.4 1
179.5 1
179.6 1
179.7 1
179.8 1
179.9 1
180 1
180.1 1
180.2 1
180.3 1
180.4 1
180.5 1
180.6 1
180.7 1
180.8 1
180.9 1
181 0
181.1 1
181.2 1
181.3 1
181.4 1
181.5 1
181.6 1
181.7 1
181.8 1
181.9 1
182 1
182.1 1
182.2 1
182.3 1
182.4 1
182.5 1
182.6 1
182.7 1
182.8 1
182.9 1
183 1
183.1 1
183.2 1
183.3 1
183.4 1
183.5 1
183.6 1
183.7 1
183.8 1
183.9 0
184 1
184.1 1
184.2 1
184.3 1
184.4 1
184.5 1
184.6 1
184.7 1
184.8 1
184.9 1
185 1
185.1 1
185.2 1
185.3 1
185.4 1
185.5 1
185.6 1
185.7 1
185.8 0
185.9 1
186 1
186.1 1
186.2 1
186.3 1
186.4 1
186.5 1
186.6 1
186.7 1
186.8 1
186.9 1
187 1
187.1 0
187.2 1
187.3 1
187.4 1
187.5 0
187.6 1
187.7 1
187.8 1
187.9 1
188 1
188.1 1
188.2 1
188.3 1
188.4 1
188.5 1
188.6 1
188.7 1
188.8 0
188.9 0
189 0
189.1 1
189.2 1
189.3 0
189.4 1
189.5 0
189.6 0
189.7 0
189.8 1
189.9 1
190 0
190.1 0
190.2 1
190.3 0
190.4 0
190.5 0
190.6 0
190.7 0
190.8 0
190.9 0
191 0
191.1 0
191.2 0
191.3 0
191.4 0
191.5 0
191.6 1
191.7 1
191.8 0
191.9 0
192 0
192.1 0
192.2 0
192.3 0
192.4 0
192.5 0
192.6 1
192.7 0
192.8 0
192.9 0
193 0
193.1 0
193.2 1
193.3 0
193.4 0
193.5 0
193.6 0
193.7 0
193.8 0
193.9 0
194 0
194.1 0
194.2 0
194.3 0
194.4 0
194.5 0
194.6 1
194.7 0
194.8 1
194.9 1
195 0
195.1 0
195.2 0
195.3 1
195.4 1
195.5 1
195.6 1
195.7 1
195.8 0
195.9 1
196 1
196.1 1
196.2 1
196.3 1
196.4 1
196.5 1
196.6 1
196.7 1
196.8 1
196.9 1
197 1
197.1 1
197.2 1
197.3 1
197.4 1
197.5 1
197.6 1
197.7 1
197.8 1
197.9 1
198 1
198.1 1
198.2 1
198.3 1
198.4 1
198.5 1
198.6 1
198.7 1
198.8 1
198.9 1
199 1
199.1 1
199.2 1
199.3 1
199.4 1
199.5 1
199.6 1
199.7 1
199.8 1
199.9 1
200 1
