0 0
0.1 0
0.2 0
0.3 0
0.4 0
0.5 1
0.6 0
0.7 0
0.8 0
0.9 1
1 0
1.1 0
1.2 1
1.3 0
1.4 0
1.5 1
1.6 0
1.7 0
1.8 1
1.9 1
2 2
2.1 1
2.2 2
2.3 4
2.4 1
2.5 0
2.6 1
2.7 1
2.8 0
2.9 2
3 1
3.1 5
3.2 2
3.3 2
3.4 4
3.5 4
3.6 2
3.7 2
3.8 4
3.9 1
4 3
4.1 5
4.2 5
4.3 5
4.4 10
4.5 4
4.6 3
4.7 3
4.8 4
4.9 7
5 0
5.1 2
5.2 7
5.3 9
5.4 13
5.5 10
5.6 9
5.7 6
5.8 8
5.9 14
6 6
6.1 9
6.2 11
6.3 11
6.4 10
6.5 17
6.6 17
6.7 14
6.8 22
6.9 24
7 22
7.1 24
7.2 24
7.3 29
7.4 38
7.5 33
7.6 23
7.7 36
7.8 37
7.9 44
8 75
8.1 123
8.2 164
8.3 203
8.4 315
8.5 440
8.6 566
8.7 716
8.8 816
8.9 888
9 934
9.1 988
9.2 1044
9.3 1099
9.4 1127
9.5 1178
9.6 1195
9.7 1203
9.8 1244
9.9 1268
10 1257
10.1 1263
10.2 1262
10.3 1274
10.4 1281
10.5 1275
10.6 1258
10.7 1251
10.8 1238
10.9 1231
11 1229
11.1 1232
11.2 1242
11.3 1239
11.4 1202
11.5 1191
11.6 1172
11.7 1165
11.8 1143
11.9 1125
12 1106
12.1 1050
12.2 1014
12.3 1005
12.4 1017
12.5 998
12.6 984
12.7 924
12.8 876
12.9 846
13 856
13.1 837
13.2 834
13.3 829
13.4 819
13.5 808
13.6 798
13.7 784
13.8 785
13.9 771
14 770
14.1 746
14.2 731
14.3 707
14.4 695
14.5 696
14.6 674
14.7 631
14.8 633
14.9 622
15 601
15.1 579
15.2 575
15.3 587
15.4 584
15.5 601
15.6 593
15.7 575
15.8 566
15.9 577
16 562
16.1 550
16.2 554
16.3 542
16.4 528
16.5 532
16.6 512
16.7 499
16.8 473
16.9 463
17 452
17.1 453
17.2 446
17.3 433
17.4 430
17.5 421
17.6 409
17.7 408
17.8 412
17.9 346
18 319
18.1 333
18.2 339
18.3 326
18.4 342
18.5 340
18.6 337
18.7 338
18.8 325
18.9 331
19 304
19.1 210
19.2 199
19.3 184
19.4 175
19.5 181
19.6 199
19.7 211
19.8 216
19.9 218
20 227
20.1 248
20.2 249
20.3 252
20.4 257
20.5 259
20.6 241
20.7 229
20.8 218
20.9 207
21 196
21.1 201
21.2 198
21.3 190
21.4 191
21.5 196
21.6 189
21.7 173
21.8 177
21.9 186
22 182
22.1 160
22.2 138
22.3 139
22.4 150
22.5 163
22.6 156
22.7 156
22.8 173
22.9 186
23 191
23.1 197
23.2 190
23.3 180
23.4 178
23.5 173
23.6 152
23.7 158
23.8 165
23.9 170
24 174
24.1 160
24.2 163
24.3 132
24.4 127
24.5 128
24.6 132
24.7 125
24.8 134
24.9 146
25 141
25.1 131
25.2 116
25.3 118
25.4 122
25.5 120
25.6 128
25.7 119
25.8 135
25.9 127
26 61
26.1 36
26.2 21
26.3 10
26.4 11
26.5 5
26.6 3
26.7 8
26.8 3
26.9 3
27 6
27.1 4
27.2 2
27.3 1
27.4 5
27.5 2
27.6 5
27.7 1
27.8 2
27.9 0
28 2
28.1 4
28.2 5
28.3 3
28.4 2
28.5 6
28.6 3
28.7 7
28.8 7
28.9 3
29 5
29.1 9
29.2 3
29.3 8
29.4 7
29.5 6
29.6 9
29.7 7
29.8 3
29.9 5
30 8
30.1 11
30.2 10
30.3 16
30.4 6
30.5 10
30.6 15
30.7 15
30.8 13
30.9 11
31 20
31.1 23
31.2 20
31.3 21
31.4 31
31.5 40
31.6 45
31.7 50
31.8 89
31.9 155
32 240
32.1 273
32.2 328
32.3 431
32.4 532
32.5 643
32.6 729
32.7 805
32.8 867
32.9 897
33 927
33.1 974
33.2 1022
33.3 1092
33.4 1136
33.5 1157
33.6 1185
33.7 1207
33.8 1222
33.9 1218
34 1215
34.1 1211
34.2 1200
34.3 1196
34.4 1201
34.5 1204
34.6 1204
34.7 1201
34.8 1196
34.9 1185
35 1184
35.1 1193
35.2 1178
35.3 1158
35.4 1136
35.5 1122
35.6 1115
35.7 1102
35.8 1079
35.9 1095
36 1067
36.1 1049
36.2 1007
36.3 1000
36.4 992
36.5 938
36.6 916
36.7 919
36.8 916
36.9 893
37 876
37.1 856
37.2 828
37.3 803
37.4 788
37.5 754
37.6 753
37.7 747
37.8 750
37.9 738
38 722
38.1 697
38.2 686
38.3 665
38.4 635
38.5 619
38.6 592
38.7 564
38.8 552
38.9 529
39 534
39.1 517
39.2 519
39.3 532
39.4 524
39.5 524
39.6 490
39.7 472
39.8 459
39.9 434
40 417
40.1 402
40.2 399
40.3 406
40.4 409
40.5 421
40.6 414
40.7 405
40.8 405
40.9 410
41 393
41.1 398
41.2 387
41.3 400
41.4 385
41.5 390
41.6 378
41.7 382
41.8 377
41.9 383
42 321
42.1 198
42.2 156
42.3 162
42.4 176
42.5 182
42.6 210
42.7 229
42.8 237
42.9 230
43 221
43.1 217
43.2 239
43.3 240
43.4 269
43.5 279
43.6 285
43.7 283
43.8 291
43.9 302
44 302
44.1 300
44.2 287
44.3 280
44.4 271
44.5 263
44.6 265
44.7 245
44.8 216
44.9 201
45 208
45.1 225
45.2 231
45.3 224
45.4 221
45.5 217
45.6 216
45.7 207
45.8 189
45.9 168
46 161
46.1 168
46.2 170
46.3 161
46.4 179
46.5 190
46.6 189
46.7 189
46.8 197
46.9 186
47 191
47.1 176
47.2 172
47.3 168
47.4 168
47.5 176
47.6 182
47.7 184
47.8 191
47.9 196
48 193
48.1 199
48.2 192
48.3 190
48.4 179
48.5 185
48.6 207
48.7 210
48.8 202
48.9 180
49 155
49.1 120
49.2 118
49.3 118
49.4 113
49.5 108
49.6 106
49.7 75
49.8 57
49.9 65
50 56
50.1 66
50.2 66
50.3 47
50.4 41
50.5 45
50.6 50
50.7 22
50.8 22
50.9 14
51 13
51.1 11
51.2 17
51.3 18
51.4 10
51.5 13
51.6 5
51.7 8
51.8 3
51.9 7
52 4
52.1 4
52.2 5
52.3 4
52.4 3
52.5 4
52.6 2
52.7 3
52.8 5
52.9 5
53 3
53.1 4
53.2 5
53.3 4
53.4 5
53.5 7
53.6 4
53.7 5
53.8 4
53.9 5
54 5
54.1 5
54.2 1
54.3 7
54.4 9
54.5 7
54.6 10
54.7 5
54.8 7
54.9 10
55 10
55.1 10
55.2 10
55.3 7
55.4 11
55.5 10
55.6 19
55.7 17
55.8 20
55.9 10
56 35
56.1 28
56.2 24
56.3 31
56.4 43
56.5 65
56.6 85
56.7 130
56.8 219
56.9 265
57 296
57.1 403
57.2 547
57.3 605
57.4 663
57.5 764
57.6 825
57.7 919
57.8 984
57.9 1044
58 1103
58.1 1153
58.2 1146
58.3 1181
58.4 1213
58.5 1246
58.6 1252
58.7 1251
58.8 1261
58.9 1266
59 1273
59.1 1265
59.2 1269
59.3 1266
59.4 1280
59.5 1283
59.6 1269
59.7 1272
59.8 1266
59.9 1245
60 1239
60.1 1225
60.2 1220
60.3 1216
60.4 1200
60.5 1193
60.6 1187
60.7 1170
60.8 1164
60.9 1137
61 1128
61.1 1112
61.2 1110
61.3 1093
61.4 1073
61.5 1052
61.6 990
61.7 911
61.8 884
61.9 861
62 853
62.1 842
62.2 838
62.3 841
62.4 819
62.5 812
62.6 811
62.7 816
62.8 804
62.9 807
63 791
63.1 782
63.2 779
63.3 792
63.4 773
63.5 770
63.6 772
63.7 759
63.8 743
63.9 739
64 725
64.1 698
64.2 681
64.3 662
64.4 653
64.5 634
64.6 635
64.7 633
64.8 624
64.9 604
65 587
65.1 580
65.2 561
65.3 556
65.4 542
65.5 531
65.6 528
65.7 505
65.8 482
65.9 469
66 474
66.1 480
66.2 449
66.3 448
66.4 454
66.5 441
66.6 409
66.7 395
66.8 395
66.9 387
67 379
67.1 341
67.2 240
67.3 162
67.4 155
67.5 177
67.6 190
67.7 203
67.8 211
67.9 224
68 222
68.1 223
68.2 235
68.3 242
68.4 223
68.5 184
68.6 172
68.7 159
68.8 149
68.9 157
69 161
69.1 160
69.2 166
69.3 172
69.4 173
69.5 157
69.6 88
69.7 51
69.8 38
69.9 21
70 22
70.1 20
70.2 21
70.3 20
70.4 11
70.5 21
70.6 15
70.7 15
70.8 7
70.9 16
71 15
71.1 12
71.2 6
71.3 9
71.4 6
71.5 7
71.6 4
71.7 4
71.8 3
71.9 6
72 7
72.1 7
72.2 7
72.3 6
72.4 9
72.5 5
72.6 7
72.7 4
72.8 4
72.9 3
73 4
73.1 5
73.2 5
73.3 11
73.4 5
73.5 5
73.6 10
73.7 7
73.8 9
73.9 12
74 6
74.1 5
74.2 8
74.3 11
74.4 8
74.5 12
74.6 7
74.7 6
74.8 6
74.9 22
75 15
75.1 19
75.2 23
75.3 22
75.4 30
75.5 34
75.6 39
75.7 32
75.8 44
75.9 50
76 28
76.1 54
76.2 91
76.3 161
76.4 278
76.5 407
76.6 516
76.7 635
76.8 706
76.9 788
77 878
77.1 927
77.2 972
77.3 1021
77.4 1040
77.5 961
77.6 979
77.7 1008
77.8 1046
77.9 1074
78 1112
78.1 1108
78.2 1115
78.3 1104
78.4 1095
78.5 1100
78.6 1091
78.7 1069
78.8 1075
78.9 1088
79 1100
79.1 1077
79.2 1069
79.3 1076
79.4 1075
79.5 1067
79.6 1075
79.7 1068
79.8 1070
79.9 1050
80 1041
80.1 1049
80.2 1044
80.3 1041
80.4 1029
80.5 1029
80.6 1018
80.7 1007
80.8 993
80.9 978
81 942
81.1 904
81.2 869
81.3 852
81.4 841
81.5 822
81.6 829
81.7 814
81.8 814
81.9 809
82 802
82.1 781
82.2 763
82.3 725
82.4 692
82.5 688
82.6 687
82.7 660
82.8 661
82.9 639
83 630
83.1 606
83.2 604
83.3 575
83.4 551
83.5 534
83.6 529
83.7 520
83.8 514
83.9 527
84 524
84.1 516
84.2 513
84.3 500
84.4 493
84.5 467
84.6 459
84.7 455
84.8 462
84.9 452
85 449
85.1 444
85.2 416
85.3 399
85.4 400
85.5 396
85.6 379
85.7 359
85.8 347
85.9 357
86 341
86.1 323
86.2 315
86.3 308
86.4 310
86.5 303
86.6 284
86.7 282
86.8 263
86.9 248
87 205
87.1 129
87.2 80
87.3 63
87.4 73
87.5 84
87.6 116
87.7 140
87.8 154
87.9 146
88 50
88.1 17
88.2 8
88.3 8
88.4 12
88.5 9
88.6 0
88.7 9
88.8 3
88.9 8
89 6
89.1 4
89.2 5
89.3 10
89.4 5
89.5 9
89.6 6
89.7 10
89.8 5
89.9 6
90 3
90.1 5
90.2 5
90.3 6
90.4 8
90.5 8
90.6 5
90.7 4
90.8 6
90.9 3
91 7
91.1 6
91.2 11
91.3 5
91.4 5
91.5 6
91.6 14
91.7 10
91.8 6
91.9 9
92 11
92.1 11
92.2 13
92.3 8
92.4 7
92.5 14
92.6 11
92.7 21
92.8 8
92.9 14
93 20
93.1 18
93.2 20
93.3 18
93.4 22
93.5 24
93.6 22
93.7 47
93.8 44
93.9 64
94 121
94.1 199
94.2 347
94.3 470
94.4 609
94.5 727
94.6 826
94.7 903
94.8 981
94.9 1038
95 1070
95.1 1102
95.2 1170
95.3 1212
95.4 1243
95.5 1245
95.6 1262
95.7 1268
95.8 1286
95.9 1321
96 1325
96.1 1305
96.2 1309
96.3 1298
96.4 1286
96.5 1283
96.6 1270
96.7 1258
96.8 1234
96.9 1240
97 1245
97.1 1247
97.2 1254
97.3 1252
97.4 1240
97.5 1207
97.6 1180
97.7 1148
97.8 1113
97.9 1080
98 1038
98.1 994
98.2 986
98.3 972
98.4 955
98.5 932
98.6 930
98.7 941
98.8 934
98.9 930
99 933
99.1 930
99.2 904
99.3 838
99.4 796
99.5 787
99.6 782
99.7 779
99.8 781
99.9 767
100 784
100.1 779
100.2 766
100.3 771
100.4 778
100.5 767
100.6 764
100.7 750
100.8 710
100.9 701
101 692
101.1 683
101.2 685
101.3 658
101.4 631
101.5 612
101.6 589
101.7 570
101.8 541
101.9 538
102 528
102.1 521
102.2 508
102.3 480
102.4 447
102.5 410
102.6 389
102.7 397
102.8 410
102.9 416
103 407
103.1 408
103.2 403
103.3 402
103.4 396
103.5 397
103.6 373
103.7 352
103.8 336
103.9 341
104 334
104.1 338
104.2 335
104.3 305
104.4 279
104.5 269
104.6 289
104.7 303
104.8 306
104.9 294
105 295
105.1 309
105.2 321
105.3 310
105.4 304
105.5 306
105.6 313
105.7 305
105.8 311
105.9 315
106 318
106.1 297
106.2 296
106.3 288
106.4 289
106.5 269
106.6 272
106.7 276
106.8 270
106.9 275
107 267
107.1 278
107.2 280
107.3 267
107.4 259
107.5 226
107.6 219
107.7 217
107.8 229
107.9 228
108 221
108.1 224
108.2 235
108.3 236
108.4 235
108.5 235
108.6 223
108.7 218
108.8 199
108.9 194
109 196
109.1 190
109.2 194
109.3 173
109.4 137
109.5 133
109.6 139
109.7 143
109.8 147
109.9 105
110 79
110.1 64
110.2 64
110.3 65
110.4 65
110.5 81
110.6 87
110.7 90
110.8 90
110.9 80
111 76
111.1 78
111.2 95
111.3 108
111.4 134
111.5 144
111.6 148
111.7 141
111.8 141
111.9 136
112 142
112.1 129
112.2 123
112.3 134
112.4 130
112.5 135
112.6 110
112.7 117
112.8 107
112.9 71
113 44
113.1 40
113.2 39
113.3 24
113.4 17
113.5 8
113.6 14
113.7 4
113.8 9
113.9 5
114 3
114.1 6
114.2 1
114.3 4
114.4 6
114.5 4
114.6 9
114.7 3
114.8 2
114.9 2
115 3
115.1 5
115.2 2
115.3 8
115.4 5
115.5 5
115.6 9
115.7 4
115.8 8
115.9 7
116 7
116.1 6
116.2 5
116.3 6
116.4 4
116.5 8
116.6 13
116.7 13
116.8 14
116.9 13
117 14
117.1 17
117.2 11
117.3 10
117.4 11
117.5 16
117.6 9
117.7 22
117.8 22
117.9 16
118 17
118.1 20
118.2 27
118.3 40
118.4 57
118.5 90
118.6 101
118.7 130
118.8 143
118.9 161
119 243
119.1 347
119.2 458
119.3 569
119.4 622
119.5 707
119.6 800
119.7 885
119.8 932
119.9 961
120 1001
120.1 1058
120.2 1110
120.3 1121
120.4 1145
120.5 1156
120.6 1171
120.7 1181
120.8 1187
120.9 1166
121 1145
121.1 1146
121.2 1162
121.3 1190
121.4 1190
121.5 1191
121.6 1196
121.7 1205
121.8 1220
121.9 1211
122 1237
122.1 1239
122.2 1204
122.3 1189
122.4 1184
122.5 1165
122.6 1155
122.7 1136
122.8 1119
122.9 1106
123 1101
123.1 1091
123.2 1052
123.3 1030
123.4 1011
123.5 1001
123.6 993
123.7 972
123.8 970
123.9 980
124 965
124.1 938
124.2 913
124.3 902
124.4 895
124.5 894
124.6 875
124.7 871
124.8 844
124.9 813
125 786
125.1 750
125.2 740
125.3 739
125.4 728
125.5 730
125.6 732
125.7 731
125.8 725
125.9 706
126 705
126.1 700
126.2 691
126.3 671
126.4 635
126.5 581
126.6 523
126.7 477
126.8 461
126.9 439
127 424
127.1 408
127.2 417
127.3 415
127.4 424
127.5 436
127.6 422
127.7 417
127.8 417
127.9 410
128 421
128.1 415
128.2 407
128.3 397
128.4 385
128.5 374
128.6 386
128.7 386
128.8 388
128.9 359
129 363
129.1 358
129.2 377
129.3 350
129.4 340
129.5 328
129.6 339
129.7 336
129.8 348
129.9 352
130 342
130.1 334
130.2 332
130.3 335
130.4 332
130.5 324
130.6 316
130.7 296
130.8 282
130.9 264
131 243
131.1 240
131.2 221
131.3 191
131.4 147
131.5 124
131.6 127
131.7 98
131.8 98
131.9 88
132 53
132.1 43
132.2 37
132.3 33
132.4 36
132.5 54
132.6 48
132.7 64
132.8 73
132.9 72
133 82
133.1 92
133.2 105
133.3 115
133.4 121
133.5 128
133.6 92
133.7 64
133.8 44
133.9 50
134 56
134.1 82
134.2 68
134.3 64
134.4 70
134.5 65
134.6 59
134.7 51
134.8 46
134.9 36
135 31
135.1 29
135.2 52
135.3 73
135.4 81
135.5 107
135.6 145
135.7 187
135.8 196
135.9 209
136 237
136.1 257
136.2 255
136.3 258
136.4 272
136.5 273
136.6 269
136.7 274
136.8 270
136.9 271
137 268
137.1 281
137.2 262
137.3 250
137.4 238
137.5 240
137.6 258
137.7 256
137.8 245
137.9 237
138 220
138.1 203
138.2 217
138.3 229
138.4 234
138.5 233
138.6 252
138.7 260
138.8 267
138.9 280
139 281
139.1 274
139.2 269
139.3 257
139.4 247
139.5 243
139.6 250
139.7 247
139.8 228
139.9 196
140 173
140.1 138
140.2 117
140.3 113
140.4 102
140.5 95
140.6 107
140.7 119
140.8 129
140.9 126
141 137
141.1 142
141.2 150
141.3 139
141.4 129
141.5 102
141.6 84
141.7 92
141.8 101
141.9 117
142 135
142.1 151
142.2 137
142.3 91
142.4 60
142.5 44
142.6 51
142.7 60
142.8 76
142.9 88
143 112
143.1 128
143.2 121
143.3 139
143.4 155
143.5 147
143.6 147
143.7 146
143.8 164
143.9 181
144 194
144.1 207
144.2 224
144.3 227
144.4 232
144.5 215
144.6 139
144.7 85
144.8 48
144.9 30
145 26
145.1 27
145.2 31
145.3 36
145.4 57
145.5 54
145.6 37
145.7 18
145.8 12
145.9 20
146 13
146.1 10
146.2 13
146.3 9
146.4 11
146.5 10
146.6 7
146.7 4
146.8 7
146.9 5
147 10
147.1 6
147.2 7
147.3 3
147.4 7
147.5 2
147.6 6
147.7 8
147.8 4
147.9 5
148 6
148.1 6
148.2 8
148.3 8
148.4 7
148.5 11
148.6 10
148.7 3
148.8 9
148.9 10
149 6
149.1 12
149.2 8
149.3 10
149.4 15
149.5 14
149.6 18
149.7 20
149.8 24
149.9 21
150 16
150.1 36
150.2 39
150.3 52
150.4 111
150.5 174
150.6 231
150.7 328
150.8 399
150.9 490
151 546
151.1 630
151.2 664
151.3 717
151.4 745
151.5 789
151.6 847
151.7 865
151.8 922
151.9 942
152 978
152.1 1002
152.2 1015
152.3 1052
152.4 1057
152.5 1051
152.6 1064
152.7 1064
152.8 1059
152.9 1050
153 1041
153.1 1039
153.2 1048
153.3 1043
153.4 1043
153.5 1037
153.6 1035
153.7 1028
153.8 1039
153.9 1042
154 1027
154.1 1021
154.2 1012
154.3 1011
154.4 1003
154.5 993
154.6 978
154.7 968
154.8 954
154.9 936
155 921
155.1 896
155.2 866
155.3 859
155.4 842
155.5 825
155.6 806
155.7 777
155.8 760
155.9 739
156 735
156.1 717
156.2 680
156.3 681
156.4 670
156.5 661
156.6 635
156.7 620
156.8 622
156.9 606
157 602
157.1 599
157.2 601
157.3 595
157.4 598
157.5 558
157.6 546
157.7 553
157.8 551
157.9 549
158 531
158.1 523
158.2 508
158.3 499
158.4 492
158.5 466
158.6 440
158.7 418
158.8 416
158.9 431
159 441
159.1 444
159.2 438
159.3 432
159.4 437
159.5 442
159.6 424
159.7 412
159.8 386
159.9 378
160 354
160.1 335
160.2 323
160.3 314
160.4 300
160.5 276
160.6 243
160.7 231
160.8 225
160.9 229
161 216
161.1 234
161.2 251
161.3 257
161.4 261
161.5 255
161.6 259
161.7 270
161.8 256
161.9 266
162 262
162.1 260
162.2 258
162.3 277
162.4 290
162.5 275
162.6 267
162.7 271
162.8 286
162.9 297
163 303
163.1 314
163.2 309
163.3 289
163.4 281
163.5 280
163.6 282
163.7 278
163.8 261
163.9 264
164 273
164.1 267
164.2 266
164.3 236
164.4 222
164.5 214
164.6 185
164.7 170
164.8 171
164.9 177
165 172
165.1 175
165.2 169
165.3 175
165.4 178
165.5 161
165.6 147
165.7 144
165.8 127
165.9 110
166 66
166.1 53
166.2 51
166.3 35
166.4 16
166.5 13
166.6 8
166.7 11
166.8 10
166.9 5
167 3
167.1 2
167.2 8
167.3 3
167.4 7
167.5 6
167.6 2
167.7 6
167.8 6
167.9 3
168 1
168.1 4
168.2 4
168.3 5
168.4 2
168.5 9
168.6 8
168.7 10
168.8 5
168.9 7
169 6
169.1 6
169.2 8
169.3 9
169.4 2
169.5 9
169.6 6
169.7 5
169.8 6
169.9 6
170 5
170.1 3
170.2 4
170.3 4
170.4 4
170.5 3
170.6 6
170.7 7
170.8 3
170.9 3
171 8
171.1 9
171.2 8
171.3 4
171.4 10
171.5 16
171.6 6
171.7 7
171.8 11
171.9 14
172 12
172.1 14
172.2 15
172.3 11
172.4 14
172.5 18
172.6 20
172.7 15
172.8 25
172.9 31
173 37
173.1 25
173.2 35
173.3 27
173.4 35
173.5 53
173.6 46
173.7 40
173.8 53
173.9 76
174 121
174.1 209
174.2 322
174.3 496
174.4 604
174.5 706
174.6 811
174.7 914
174.8 998
174.9 1069
175 1137
175.1 1176
175.2 1203
175.3 1224
175.4 1230
175.5 1239
175.6 1265
175.7 1278
175.8 1294
175.9 1308
176 1327
176.1 1325
176.2 1318
176.3 1319
176.4 1304
176.5 1289
176.6 1310
176.7 1305
176.8 1284
176.9 1259
177 1262
177.1 1237
177.2 1176
177.3 1159
177.4 1155
177.5 1165
177.6 1158
177.7 1126
177.8 1072
177.9 1049
178 1022
178.1 1001
178.2 980
178.3 971
178.4 952
178.5 931
178.6 928
178.7 915
178.8 898
178.9 864
179 867
179.1 869
179.2 866
179.3 867
179.4 864
179.5 851
179.6 857
179.7 854
179.8 836
179.9 816
180 811
180.1 797
180.2 774
180.3 765
180.4 764
180.5 752
180.6 733
180.7 702
180.8 683
180.9 677
181 661
181.1 609
181.2 583
181.3 567
181.4 563
181.5 571
181.6 568
181.7 568
181.8 580
181.9 598
182 589
182.1 578
182.2 554
182.3 538
182.4 542
182.5 554
182.6 536
182.7 515
182.8 498
182.9 489
183 481
183.1 487
183.2 489
183.3 495
183.4 498
183.5 488
183.6 473
183.7 449
183.8 449
183.9 403
184 340
184.1 313
184.2 310
184.3 309
184.4 310
184.5 313
184.6 320
184.7 333
184.8 335
184.9 317
185 302
185.1 310
185.2 310
185.3 313
185.4 310
185.5 290
185.6 278
185.7 287
185.8 269
185.9 244
186 238
186.1 239
186.2 229
186.3 240
186.4 248
186.5 258
186.6 274
186.7 283
186.8 282
186.9 270
187 266
187.1 265
187.2 228
187.3 186
187.4 133
187.5 116
187.6 107
187.7 88
187.8 90
187.9 98
188 116
188.1 116
188.2 113
188.3 108
188.4 96
188.5 78
188.6 72
188.7 71
188.8 40
188.9 22
189 17
189.1 8
189.2 5
189.3 5
189.4 4
189.5 2
189.6 2
189.7 2
189.8 2
189.9 4
190 1
190.1 4
190.2 4
190.3 4
190.4 3
190.5 0
190.6 2
190.7 4
190.8 2
190.9 7
191 3
191.1 2
191.2 2
191.3 5
191.4 3
191.5 7
191.6 2
191.7 1
191.8 5
191.9 2
192 6
192.1 7
192.2 9
192.3 4
192.4 7
192.5 5
192.6 6
192.7 4
192.8 8
192.9 3
193 9
193.1 9
193.2 13
193.3 8
193.4 11
193.5 7
193.6 5
193.7 6
193.8 19
193.9 18
194 19
194.1 14
194.2 13
194.3 14
194.4 13
194.5 23
194.6 24
194.7 28
194.8 42
194.9 52
195 69
195.1 79
195.2 113
195.3 145
195.4 245
195.5 308
195.6 401
195.7 476
195.8 560
195.9 608
196 648
196.1 722
196.2 789
196.3 867
196.4 932
196.5 981
196.6 1033
196.7 1056
196.8 1095
196.9 1099
197 1148
197.1 1178
197.2 1224
197.3 1226
197.4 1223
197.5 1210
197.6 1198
197.7 1191
197.8 1187
197.9 1176
198 1137
198.1 1095
198.2 1069
198.3 1041
198.4 1022
198.5 1026
198.6 1037
198.7 1032
198.8 1035
198.9 1036
199 1032
199.1 1039
199.2 1042
199.3 1035
199.4 1029
199.5 1019
199.6 999
199.7 1000
199.8 992
199.9 961
200 933
