0 0
0.1 14
0.2 74
0.3 149
0.4 252
0.5 350
0.6 501
0.7 637
0.8 723
0.9 803
1 888
1.1 1009
1.2 1172
1.3 1326
1.4 1398
1.5 1433
1.6 1477
1.7 1514
1.8 1565
1.9 1611
2 1592
2.1 1630
2.2 1611
2.3 1686
2.4 1720
2.5 1756
2.6 1811
2.7 1815
2.8 1848
2.9 1905
3 1909
3.1 1842
3.2 1842
3.3 1838
3.4 1817
3.5 1816
3.6 1755
3.7 1755
3.8 1724
3.9 1648
4 1577
4.1 1500
4.2 1416
4.3 1346
4.4 1335
4.5 1330
4.6 1254
4.7 1193
4.8 1131
4.9 1116
5 1066
5.1 1029
5.2 932
5.3 949
5.4 964
5.5 955
5.6 967
5.7 961
5.8 914
5.9 818
6 768
6.1 673
6.2 592
6.3 567
6.4 538
6.5 467
6.6 428
6.7 418
6.8 465
6.9 511
7 551
7.1 581
7.2 527
7.3 539
7.4 569
7.5 496
7.6 402
7.7 442
7.8 393
7.9 282
8 207
8.1 80
8.2 24
8.3 6
8.4 6
8.5 2
8.6 5
8.7 1
8.8 1
8.9 2
9 0
9.1 2
9.2 1
9.3 0
9.4 0
9.5 1
9.6 2
9.7 1
9.8 2
9.9 0
10 0
10.1 0
10.2 0
10.3 0
10.4 4
10.5 2
10.6 0
10.7 1
10.8 0
10.9 0
11 0
11.1 1
11.2 1
11.3 2
11.4 1
11.5 1
11.6 1
11.7 1
11.8 2
11.9 1
12 2
12.1 1
12.2 1
12.3 5
12.4 3
12.5 1
12.6 1
12.7 1
12.8 1
12.9 1
13 0
13.1 0
13.2 0
13.3 0
13.4 0
13.5 1
13.6 0
13.7 1
13.8 0
13.9 1
14 3
14.1 0
14.2 3
14.3 1
14.4 1
14.5 1
14.6 1
14.7 2
14.8 0
14.9 17
15 10
15.1 11
15.2 3
15.3 5
15.4 3
15.5 2
15.6 0
15.7 1
15.8 3
15.9 1
16 9
16.1 4
16.2 4
16.3 1
16.4 3
16.5 1
16.6 3
16.7 7
16.8 4
16.9 0
17 6
17.1 5
17.2 5
17.3 3
17.4 2
17.5 2
17.6 4
17.7 5
17.8 2
17.9 0
18 3
18.1 6
18.2 3
18.3 8
18.4 2
18.5 1
18.6 5
18.7 6
18.8 1
18.9 3
19 8
19.1 1
19.2 6
19.3 11
19.4 10
19.5 11
19.6 7
19.7 32
19.8 14
19.9 7
20 18
20.1 6
20.2 12
20.3 16
20.4 18
20.5 7
20.6 11
20.7 8
20.8 6
20.9 17
21 22
21.1 18
21.2 12
21.3 9
21.4 4
21.5 9
21.6 8
21.7 2
21.8 9
21.9 8
22 9
22.1 1
22.2 13
22.3 16
22.4 53
22.5 64
22.6 54
22.7 55
22.8 58
22.9 32
23 16
23.1 16
23.2 20
23.3 41
23.4 75
23.5 69
23.6 68
23.7 79
23.8 83
23.9 99
24 98
24.1 117
24.2 173
24.3 180
24.4 204
24.5 194
24.6 238
24.7 280
24.8 255
24.9 272
25 344
25.1 463
25.2 560
25.3 562
25.4 560
25.5 526
25.6 558
25.7 599
25.8 623
25.9 659
26 711
26.1 738
26.2 801
26.3 851
26.4 929
26.5 968
26.6 957
26.7 926
26.8 907
26.9 852
27 875
27.1 924
27.2 913
27.3 898
27.4 884
27.5 883
27.6 910
27.7 922
27.8 938
27.9 948
28 872
28.1 771
28.2 689
28.3 655
28.4 615
28.5 505
28.6 444
28.7 448
28.8 410
28.9 367
29 316
29.1 283
29.2 201
29.3 84
29.4 27
29.5 9
29.6 3
29.7 3
29.8 1
29.9 1
30 6
30.1 2
30.2 0
30.3 3
30.4 1
30.5 0
30.6 2
30.7 0
30.8 1
30.9 3
31 1
31.1 0
31.2 1
31.3 0
31.4 0
31.5 2
31.6 2
31.7 1
31.8 3
31.9 1
32 1
32.1 0
32.2 1
32.3 1
32.4 2
32.5 2
32.6 0
32.7 3
32.8 0
32.9 2
33 0
33.1 3
33.2 1
33.3 1
33.4 0
33.5 0
33.6 1
33.7 2
33.8 2
33.9 4
34 0
34.1 0
34.2 0
34.3 2
34.4 3
34.5 3
34.6 3
34.7 1
34.8 4
34.9 1
35 4
35.1 3
35.2 1
35.3 1
35.4 3
35.5 1
35.6 0
35.7 0
35.8 3
35.9 3
36 1
36.1 1
36.2 0
36.3 4
36.4 1
36.5 1
36.6 4
36.7 1
36.8 4
36.9 5
37 3
37.1 5
37.2 1
37.3 1
37.4 3
37.5 0
37.6 1
37.7 1
37.8 4
37.9 3
38 0
38.1 1
38.2 2
38.3 0
38.4 1
38.5 4
38.6 1
38.7 0
38.8 5
38.9 3
39 3
39.1 1
39.2 8
39.3 15
39.4 3
39.5 0
39.6 2
39.7 6
39.8 5
39.9 2
40 3
40.1 1
40.2 2
40.3 7
40.4 4
40.5 12
40.6 11
40.7 44
40.8 33
40.9 23
41 25
41.1 12
41.2 13
41.3 8
41.4 2
41.5 9
41.6 6
41.7 8
41.8 7
41.9 9
42 7
42.1 7
42.2 3
42.3 3
42.4 10
42.5 6
42.6 3
42.7 8
42.8 3
42.9 2
43 7
43.1 11
43.2 11
43.3 6
43.4 15
43.5 20
43.6 62
43.7 46
43.8 26
43.9 30
44 19
44.1 18
44.2 22
44.3 19
44.4 23
44.5 17
44.6 15
44.7 9
44.8 19
44.9 32
45 34
45.1 49
45.2 95
45.3 66
45.4 40
45.5 74
45.6 99
45.7 178
45.8 215
45.9 288
46 356
46.1 405
46.2 492
46.3 517
46.4 639
46.5 750
46.6 832
46.7 856
46.8 892
46.9 933
47 999
47.1 1071
47.2 1093
47.3 1093
47.4 1084
47.5 1082
47.6 1109
47.7 1114
47.8 1099
47.9 1135
48 1204
48.1 1177
48.2 1197
48.3 1209
48.4 1237
48.5 1305
48.6 1234
48.7 1163
48.8 1123
48.9 1129
49 1082
49.1 1098
49.2 1136
49.3 1137
49.4 1104
49.5 1136
49.6 1144
49.7 1133
49.8 1106
49.9 1030
50 978
50.1 956
50.2 916
50.3 880
50.4 855
50.5 808
50.6 734
50.7 665
50.8 602
50.9 521
51 430
51.1 348
51.2 301
51.3 217
51.4 120
51.5 37
51.6 9
51.7 8
51.8 7
51.9 2
52 2
52.1 1
52.2 4
52.3 2
52.4 1
52.5 0
52.6 1
52.7 0
52.8 0
52.9 0
53 1
53.1 0
53.2 0
53.3 3
53.4 2
53.5 1
53.6 0
53.7 3
53.8 0
53.9 0
54 1
54.1 0
54.2 2
54.3 0
54.4 1
54.5 0
54.6 0
54.7 0
54.8 1
54.9 0
55 1
55.1 1
55.2 0
55.3 2
55.4 0
55.5 2
55.6 1
55.7 2
55.8 4
55.9 3
56 3
56.1 4
56.2 1
56.3 2
56.4 0
56.5 2
56.6 1
56.7 2
56.8 0
56.9 0
57 1
57.1 0
57.2 0
57.3 0
57.4 1
57.5 3
57.6 3
57.7 2
57.8 2
57.9 2
58 1
58.1 1
58.2 0
58.3 0
58.4 1
58.5 1
58.6 0
58.7 2
58.8 1
58.9 1
59 4
59.1 1
59.2 2
59.3 2
59.4 0
59.5 0
59.6 3
59.7 2
59.8 4
59.9 2
60 2
60.1 2
60.2 10
60.3 1
60.4 1
60.5 0
60.6 2
60.7 1
60.8 1
60.9 6
61 4
61.1 8
61.2 2
61.3 4
61.4 22
61.5 6
61.6 13
61.7 4
61.8 7
61.9 12
62 34
62.1 31
62.2 34
62.3 34
62.4 21
62.5 12
62.6 16
62.7 17
62.8 17
62.9 14
63 6
63.1 3
63.2 0
63.3 2
63.4 4
63.5 6
63.6 7
63.7 7
63.8 23
63.9 17
64 4
64.1 2
64.2 3
64.3 10
64.4 7
64.5 10
64.6 6
64.7 8
64.8 16
64.9 12
65 4
65.1 11
65.2 7
65.3 11
65.4 6
65.5 12
65.6 8
65.7 7
65.8 10
65.9 11
66 3
66.1 10
66.2 10
66.3 12
66.4 12
66.5 9
66.6 7
66.7 8
66.8 12
66.9 4
67 6
67.1 13
67.2 2
67.3 10
67.4 8
67.5 10
67.6 7
67.7 15
67.8 12
67.9 9
68 14
68.1 16
68.2 13
68.3 14
68.4 24
68.5 69
68.6 106
68.7 190
68.8 375
68.9 554
69 700
69.1 778
69.2 849
69.3 911
69.4 973
69.5 1004
69.6 1076
69.7 1179
69.8 1275
69.9 1298
70 1254
70.1 1256
70.2 1274
70.3 1260
70.4 1263
70.5 1275
70.6 1228
70.7 1218
70.8 1221
70.9 1223
71 1197
71.1 1180
71.2 1162
71.3 1155
71.4 1182
71.5 1177
71.6 1186
71.7 1155
71.8 1149
71.9 1159
72 1187
72.1 1097
72.2 1025
72.3 950
72.4 876
72.5 811
72.6 771
72.7 683
72.8 660
72.9 677
73 674
73.1 663
73.2 673
73.3 656
73.4 572
73.5 491
73.6 430
73.7 360
73.8 294
73.9 271
74 164
74.1 139
74.2 106
74.3 33
74.4 16
74.5 6
74.6 1
74.7 3
74.8 1
74.9 1
75 1
75.1 0
75.2 0
75.3 1
75.4 3
75.5 3
75.6 2
75.7 0
75.8 1
75.9 1
76 2
76.1 1
76.2 2
76.3 0
76.4 3
76.5 0
76.6 1
76.7 1
76.8 3
76.9 1
77 1
77.1 0
77.2 0
77.3 0
77.4 0
77.5 2
77.6 1
77.7 1
77.8 0
77.9 1
78 0
78.1 0
78.2 0
78.3 2
78.4 2
78.5 3
78.6 2
78.7 0
78.8 4
78.9 3
79 5
79.1 7
79.2 3
79.3 0
79.4 5
79.5 4
79.6 8
79.7 2
79.8 1
79.9 5
80 3
80.1 2
80.2 0
80.3 3
80.4 1
80.5 0
80.6 3
80.7 1
80.8 1
80.9 4
81 1
81.1 0
81.2 2
81.3 4
81.4 2
81.5 4
81.6 3
81.7 5
81.8 2
81.9 6
82 4
82.1 2
82.2 2
82.3 0
82.4 4
82.5 3
82.6 5
82.7 4
82.8 7
82.9 6
83 7
83.1 6
83.2 2
83.3 3
83.4 3
83.5 3
83.6 6
83.7 1
83.8 2
83.9 0
84 1
84.1 2
84.2 3
84.3 1
84.4 2
84.5 5
84.6 5
84.7 1
84.8 2
84.9 2
85 0
85.1 8
85.2 3
85.3 3
85.4 3
85.5 18
85.6 4
85.7 10
85.8 3
85.9 1
86 13
86.1 13
86.2 7
86.3 14
86.4 6
86.5 19
86.6 29
86.7 36
86.8 15
86.9 8
87 12
87.1 14
87.2 16
87.3 12
87.4 9
87.5 10
87.6 8
87.7 10
87.8 15
87.9 29
88 44
88.1 62
88.2 132
88.3 221
88.4 253
88.5 290
88.6 344
88.7 395
88.8 437
88.9 535
89 605
89.1 693
89.2 789
89.3 881
89.4 871
89.5 893
89.6 985
89.7 1004
89.8 984
89.9 1005
90 1027
90.1 1043
90.2 1101
90.3 1115
90.4 1099
90.5 1160
90.6 1209
90.7 1186
90.8 1170
90.9 1138
91 1077
91.1 1084
91.2 1097
91.3 1120
91.4 1164
91.5 1099
91.6 1022
91.7 944
91.8 931
91.9 846
92 775
92.1 752
92.2 714
92.3 622
92.4 659
92.5 645
92.6 642
92.7 615
92.8 594
92.9 529
93 531
93.1 540
93.2 544
93.3 464
93.4 346
93.5 290
93.6 255
93.7 220
93.8 142
93.9 116
94 59
94.1 26
94.2 5
94.3 6
94.4 3
94.5 11
94.6 3
94.7 0
94.8 6
94.9 1
95 0
95.1 1
95.2 0
95.3 2
95.4 1
95.5 2
95.6 2
95.7 3
95.8 2
95.9 0
96 1
96.1 0
96.2 0
96.3 0
96.4 2
96.5 2
96.6 5
96.7 2
96.8 0
96.9 4
97 0
97.1 1
97.2 2
97.3 3
97.4 0
97.5 2
97.6 3
97.7 1
97.8 1
97.9 1
98 4
98.1 1
98.2 0
98.3 0
98.4 1
98.5 1
98.6 1
98.7 5
98.8 6
98.9 13
99 5
99.1 3
99.2 4
99.3 1
99.4 0
99.5 2
99.6 0
99.7 2
99.8 2
99.9 0
100 2
100.1 7
100.2 6
100.3 14
100.4 6
100.5 12
100.6 3
100.7 5
100.8 3
100.9 2
101 3
101.1 2
101.2 1
101.3 5
101.4 5
101.5 7
101.6 1
101.7 0
101.8 1
101.9 2
102 1
102.1 0
102.2 6
102.3 13
102.4 7
102.5 7
102.6 8
102.7 5
102.8 2
102.9 5
103 2
103.1 0
103.2 7
103.3 3
103.4 4
103.5 2
103.6 7
103.7 4
103.8 4
103.9 16
104 1
104.1 5
104.2 5
104.3 5
104.4 5
104.5 6
104.6 8
104.7 4
104.8 4
104.9 10
105 24
105.1 5
105.2 11
105.3 10
105.4 7
105.5 6
105.6 4
105.7 3
105.8 11
105.9 4
106 11
106.1 13
106.2 14
106.3 18
106.4 60
106.5 85
106.6 137
106.7 167
106.8 134
106.9 148
107 151
107.1 140
107.2 176
107.3 212
107.4 226
107.5 212
107.6 202
107.7 247
107.8 324
107.9 395
108 389
108.1 397
108.2 395
108.3 379
108.4 403
108.5 458
108.6 527
108.7 612
108.8 633
108.9 641
109 676
109.1 689
109.2 733
109.3 812
109.4 852
109.5 858
109.6 859
109.7 814
109.8 765
109.9 744
110 738
110.1 736
110.2 770
110.3 815
110.4 852
110.5 899
110.6 897
110.7 888
110.8 857
110.9 880
111 896
111.1 841
111.2 772
111.3 707
111.4 742
111.5 776
111.6 739
111.7 696
111.8 602
111.9 542
112 534
112.1 518
112.2 474
112.3 362
112.4 306
112.5 196
112.6 128
112.7 68
112.8 35
112.9 39
113 16
113.1 6
113.2 11
113.3 12
113.4 4
113.5 1
113.6 1
113.7 1
113.8 1
113.9 2
114 0
114.1 1
114.2 3
114.3 0
114.4 3
114.5 2
114.6 0
114.7 3
114.8 0
114.9 1
115 1
115.1 3
115.2 2
115.3 0
115.4 1
115.5 0
115.6 1
115.7 0
115.8 0
115.9 0
116 2
116.1 1
116.2 1
116.3 2
116.4 0
116.5 1
116.6 2
116.7 2
116.8 3
116.9 2
117 4
117.1 0
117.2 0
117.3 3
117.4 1
117.5 0
117.6 2
117.7 3
117.8 1
117.9 2
118 0
118.1 3
118.2 5
118.3 3
118.4 2
118.5 4
118.6 1
118.7 1
118.8 0
118.9 1
119 3
119.1 7
119.2 2
119.3 1
119.4 3
119.5 3
119.6 5
119.7 3
119.8 4
119.9 2
120 2
120.1 2
120.2 3
120.3 3
120.4 1
120.5 1
120.6 2
120.7 3
120.8 0
120.9 3
121 3
121.1 6
121.2 3
121.3 3
121.4 1
121.5 8
121.6 4
121.7 19
121.8 16
121.9 9
122 2
122.1 3
122.2 7
122.3 7
122.4 7
122.5 4
122.6 2
122.7 5
122.8 1
122.9 4
123 1
123.1 4
123.2 1
123.3 4
123.4 4
123.5 2
123.6 3
123.7 7
123.8 7
123.9 5
124 7
124.1 8
124.2 7
124.3 4
124.4 12
124.5 8
124.6 5
124.7 2
124.8 3
124.9 8
125 2
125.1 1
125.2 5
125.3 3
125.4 12
125.5 8
125.6 2
125.7 2
125.8 1
125.9 0
126 0
126.1 2
126.2 1
126.3 10
126.4 12
126.5 5
126.6 7
126.7 6
126.8 15
126.9 19
127 9
127.1 6
127.2 12
127.3 60
127.4 58
127.5 28
127.6 13
127.7 18
127.8 10
127.9 8
128 7
128.1 11
128.2 11
128.3 13
128.4 22
128.5 15
128.6 6
128.7 13
128.8 8
128.9 12
129 24
129.1 20
129.2 23
129.3 28
129.4 26
129.5 36
129.6 35
129.7 39
129.8 48
129.9 114
130 143
130.1 122
130.2 111
130.3 88
130.4 159
130.5 289
130.6 464
130.7 535
130.8 641
130.9 699
131 731
131.1 774
131.2 896
131.3 955
131.4 1049
131.5 1115
131.6 1163
131.7 1200
131.8 1208
131.9 1210
132 1203
132.1 1214
132.2 1145
132.3 1079
132.4 1092
132.5 1095
132.6 1071
132.7 1079
132.8 1081
132.9 1067
133 1053
133.1 1038
133.2 1043
133.3 1017
133.4 1017
133.5 980
133.6 916
133.7 861
133.8 843
133.9 805
134 790
134.1 742
134.2 737
134.3 720
134.4 780
134.5 756
134.6 751
134.7 748
134.8 763
134.9 767
135 727
135.1 692
135.2 620
135.3 552
135.4 478
135.5 407
135.6 333
135.7 350
135.8 300
135.9 243
136 213
136.1 177
136.2 166
136.3 141
136.4 120
136.5 39
136.6 13
136.7 3
136.8 5
136.9 0
137 0
137.1 1
137.2 0
137.3 0
137.4 1
137.5 0
137.6 0
137.7 2
137.8 1
137.9 1
138 1
138.1 0
138.2 2
138.3 2
138.4 2
138.5 0
138.6 1
138.7 2
138.8 5
138.9 1
139 1
139.1 0
139.2 3
139.3 2
139.4 0
139.5 0
139.6 1
139.7 1
139.8 1
139.9 0
140 2
140.1 3
140.2 2
140.3 0
140.4 0
140.5 1
140.6 1
140.7 3
140.8 0
140.9 0
141 1
141.1 2
141.2 4
141.3 2
141.4 0
141.5 1
141.6 3
141.7 1
141.8 3
141.9 2
142 3
142.1 2
142.2 3
142.3 2
142.4 2
142.5 0
142.6 1
142.7 1
142.8 0
142.9 1
143 1
143.1 3
143.2 3
143.3 2
143.4 5
143.5 5
143.6 3
143.7 4
143.8 1
143.9 6
144 8
144.1 3
144.2 6
144.3 1
144.4 2
144.5 3
144.6 5
144.7 2
144.8 3
144.9 6
145 0
145.1 3
145.2 4
145.3 5
145.4 4
145.5 6
145.6 6
145.7 1
145.8 4
145.9 8
146 1
146.1 4
146.2 1
146.3 2
146.4 7
146.5 6
146.6 5
146.7 22
146.8 10
146.9 9
147 14
147.1 10
147.2 13
147.3 6
147.4 9
147.5 13
147.6 7
147.7 7
147.8 4
147.9 6
148 10
148.1 10
148.2 2
148.3 7
148.4 9
148.5 14
148.6 9
148.7 5
148.8 10
148.9 4
149 4
149.1 8
149.2 12
149.3 33
149.4 96
149.5 83
149.6 119
149.7 181
149.8 234
149.9 202
150 202
150.1 239
150.2 256
150.3 301
150.4 317
150.5 350
150.6 435
150.7 532
150.8 605
150.9 644
151 729
151.1 741
151.2 778
151.3 761
151.4 734
151.5 767
151.6 814
151.7 857
151.8 876
151.9 922
152 972
152.1 959
152.2 993
152.3 1003
152.4 999
152.5 1048
152.6 1175
152.7 1279
152.8 1271
152.9 1270
153 1246
153.1 1273
153.2 1261
153.3 1216
153.4 1150
153.5 1187
153.6 1185
153.7 1104
153.8 1007
153.9 946
154 885
154.1 811
154.2 797
154.3 745
154.4 700
154.5 676
154.6 583
154.7 552
154.8 538
154.9 539
155 564
155.1 563
155.2 513
155.3 464
155.4 454
155.5 374
155.6 300
155.7 232
155.8 129
155.9 32
156 3
156.1 5
156.2 3
156.3 2
156.4 4
156.5 3
156.6 3
156.7 0
156.8 1
156.9 3
157 1
157.1 0
157.2 3
157.3 1
157.4 1
157.5 2
157.6 2
157.7 0
157.8 0
157.9 2
158 2
158.1 4
158.2 2
158.3 0
158.4 2
158.5 3
158.6 1
158.7 1
158.8 2
158.9 3
159 1
159.1 1
159.2 0
159.3 0
159.4 1
159.5 1
159.6 0
159.7 0
159.8 0
159.9 0
160 3
160.1 0
160.2 2
160.3 0
160.4 0
160.5 1
160.6 1
160.7 1
160.8 3
160.9 3
161 5
161.1 0
161.2 1
161.3 1
161.4 3
161.5 1
161.6 3
161.7 2
161.8 2
161.9 4
162 2
162.1 1
162.2 11
162.3 5
162.4 6
162.5 1
162.6 2
162.7 12
162.8 10
162.9 10
163 5
163.1 4
163.2 6
163.3 7
163.4 1
163.5 0
163.6 1
163.7 0
163.8 0
163.9 1
164 2
164.1 0
164.2 1
164.3 2
164.4 3
164.5 0
164.6 3
164.7 1
164.8 7
164.9 3
165 0
165.1 1
165.2 1
165.3 0
165.4 3
165.5 2
165.6 2
165.7 2
165.8 2
165.9 1
166 26
166.1 26
166.2 18
166.3 33
166.4 48
166.5 36
166.6 15
166.7 14
166.8 17
166.9 8
167 2
167.1 2
167.2 4
167.3 6
167.4 5
167.5 1
167.6 7
167.7 6
167.8 2
167.9 2
168 2
168.1 4
168.2 4
168.3 2
168.4 2
168.5 2
168.6 3
168.7 4
168.8 0
168.9 2
169 0
169.1 6
169.2 4
169.3 2
169.4 6
169.5 8
169.6 9
169.7 9
169.8 4
169.9 2
170 12
170.1 12
170.2 7
170.3 9
170.4 12
170.5 20
170.6 44
170.7 37
170.8 37
170.9 36
171 25
171.1 20
171.2 11
171.3 16
171.4 9
171.5 12
171.6 7
171.7 3
171.8 6
171.9 8
172 18
172.1 32
172.2 40
172.3 32
172.4 100
172.5 99
172.6 99
172.7 97
172.8 102
172.9 136
173 112
173.1 99
173.2 81
173.3 145
173.4 286
173.5 365
173.6 455
173.7 477
173.8 565
173.9 632
174 685
174.1 734
174.2 763
174.3 751
174.4 807
174.5 850
174.6 952
174.7 986
174.8 1014
174.9 1118
175 1180
175.1 1205
175.2 1206
175.3 1190
175.4 1163
175.5 1153
175.6 1133
175.7 1090
175.8 1015
175.9 995
176 965
176.1 874
176.2 835
176.3 763
176.4 727
176.5 701
176.6 691
176.7 707
176.8 645
176.9 607
177 610
177.1 620
177.2 655
177.3 637
177.4 568
177.5 522
177.6 497
177.7 414
177.8 293
177.9 197
178 155
178.1 97
178.2 75
178.3 121
178.4 107
178.5 68
178.6 24
178.7 7
178.8 4
178.9 4
179 1
179.1 0
179.2 1
179.3 1
179.4 1
179.5 2
179.6 2
179.7 2
179.8 1
179.9 0
180 1
180.1 1
180.2 2
180.3 1
180.4 0
180.5 2
180.6 1
180.7 6
180.8 2
180.9 1
181 0
181.1 1
181.2 1
181.3 1
181.4 1
181.5 1
181.6 1
181.7 0
181.8 1
181.9 2
182 0
182.1 5
182.2 0
182.3 1
182.4 0
182.5 2
182.6 1
182.7 3
182.8 3
182.9 0
183 0
183.1 3
183.2 2
183.3 0
183.4 1
183.5 1
183.6 0
183.7 1
183.8 1
183.9 2
184 1
184.1 3
184.2 1
184.3 2
184.4 5
184.5 2
184.6 1
184.7 3
184.8 0
184.9 1
185 1
185.1 1
185.2 4
185.3 2
185.4 2
185.5 4
185.6 7
185.7 5
185.8 4
185.9 3
186 5
186.1 6
186.2 13
186.3 3
186.4 3
186.5 2
186.6 6
186.7 2
186.8 1
186.9 2
187 3
187.1 2
187.2 2
187.3 6
187.4 0
187.5 1
187.6 0
187.7 1
187.8 2
187.9 2
188 2
188.1 4
188.2 6
188.3 1
188.4 1
188.5 1
188.6 7
188.7 6
188.8 8
188.9 5
189 8
189.1 10
189.2 23
189.3 10
189.4 3
189.5 7
189.6 1
189.7 9
189.8 3
189.9 3
190 3
190.1 5
190.2 10
190.3 6
190.4 8
190.5 12
190.6 10
190.7 3
190.8 4
190.9 8
191 3
191.1 3
191.2 9
191.3 14
191.4 18
191.5 5
191.6 4
191.7 10
191.8 9
191.9 9
192 4
192.1 4
192.2 10
192.3 8
192.4 23
192.5 16
192.6 24
192.7 9
192.8 3
192.9 10
193 26
193.1 67
193.2 149
193.3 226
193.4 288
193.5 312
193.6 371
193.7 433
193.8 548
193.9 667
194 744
194.1 890
194.2 981
194.3 1011
194.4 1027
194.5 1016
194.6 1056
194.7 1041
194.8 1048
194.9 1096
195 1107
195.1 1064
195.2 1062
195.3 1082
195.4 1114
195.5 1110
195.6 1121
195.7 1152
195.8 1197
195.9 1190
196 1160
196.1 1109
196.2 1025
196.3 931
196.4 902
196.5 938
196.6 1004
196.7 1010
196.8 991
196.9 954
197 939
197.1 893
197.2 855
197.3 837
197.4 851
197.5 755
197.6 750
197.7 731
197.8 694
197.9 613
198 539
198.1 542
198.2 538
198.3 510
198.4 440
198.5 403
198.6 389
198.7 391
198.8 365
198.9 400
199 383
199.1 399
199.2 395
199.3 382
199.4 261
199.5 204
199.6 197
199.7 191
199.8 185
199.9 118
200 57
