0 0
0.1 0
0.2 0
0.3 0
0.4 0
0.5 0
0.6 1
0.7 3
0.8 6
0.9 7
1 13
1.1 22
1.2 28
1.3 33
1.4 40
1.5 53
1.6 65
1.7 77
1.8 92
1.9 116
2 132
2.1 145
2.2 157
2.3 179
2.4 194
2.5 213
2.6 239
2.7 256
2.8 277
2.9 297
3 319
3.1 350
3.2 382
3.3 414
3.4 445
3.5 471
3.6 522
3.7 558
3.8 591
3.9 622
4 655
4.1 688
4.2 716
4.3 756
4.4 783
4.5 810
4.6 844
4.7 874
4.8 908
4.9 939
5 978
5.1 1006
5.2 1044
5.3 1077
5.4 1102
5.5 1148
5.6 1173
5.7 1207
5.8 1228
5.9 1258
6 1290
6.1 1318
6.2 1350
6.3 1377
6.4 1419
6.5 1449
6.6 1485
6.7 1501
6.8 1538
6.9 1566
7 1585
7.1 1617
7.2 1661
7.3 1683
7.4 1706
7.5 1729
7.6 1763
7.7 1796
7.8 1830
7.9 1843
8 1843
8.1 1849
8.2 1757
8.3 1649
8.4 1516
8.5 1404
8.6 1304
8.7 1204
8.8 1104
8.9 1020
9 921
9.1 847
9.2 784
9.3 724
9.4 674
9.5 619
9.6 582
9.7 551
9.8 523
9.9 494
10 456
10.1 432
10.2 416
10.3 398
10.4 384
10.5 370
10.6 363
10.7 337
10.8 331
10.9 327
11 314
11.1 315
11.2 304
11.3 312
11.4 315
11.5 323
11.6 330
11.7 325
11.8 308
11.9 328
12 330
12.1 326
12.2 322
12.3 315
12.4 326
12.5 305
12.6 291
12.7 274
12.8 252
12.9 260
13 265
13.1 248
13.2 239
13.3 217
13.4 205
13.5 202
13.6 210
13.7 200
13.8 196
13.9 213
14 222
14.1 227
14.2 201
14.3 190
14.4 187
14.5 195
14.6 195
14.7 204
14.8 208
14.9 313
15 432
15.1 491
15.2 504
15.3 473
15.4 449
15.5 415
15.6 394
15.7 376
15.8 359
15.9 343
16 398
16.1 422
16.2 406
16.3 384
16.4 377
16.5 361
16.6 350
16.7 337
16.8 338
16.9 330
17 322
17.1 319
17.2 306
17.3 299
17.4 284
17.5 298
17.6 303
17.7 294
17.8 300
17.9 287
18 265
18.1 266
18.2 289
18.3 293
18.4 274
18.5 258
18.6 248
18.7 258
18.8 265
18.9 264
19 267
19.1 279
19.2 272
19.3 293
19.4 299
19.5 348
19.6 360
19.7 363
19.8 425
19.9 416
20 429
20.1 442
20.2 420
20.3 428
20.4 415
20.5 405
20.6 409
20.7 398
20.8 378
20.9 409
21 424
21.1 425
21.2 415
21.3 397
21.4 382
21.5 359
21.6 341
21.7 327
21.8 315
21.9 299
22 294
22.1 298
22.2 300
22.3 305
22.4 354
22.5 437
22.6 466
22.7 469
22.8 462
22.9 459
23 444
23.1 431
23.2 415
23.3 436
23.4 475
23.5 485
23.6 495
23.7 504
23.8 512
23.9 512
24 511
24.1 508
24.2 529
24.3 537
24.4 535
24.5 537
24.6 540
24.7 552
24.8 549
24.9 553
25 556
25.1 555
25.2 565
25.3 573
25.4 581
25.5 591
25.6 618
25.7 629
25.8 657
25.9 668
26 685
26.1 702
26.2 723
26.3 747
26.4 761
26.5 782
26.6 809
26.7 836
26.8 868
26.9 897
27 927
27.1 945
27.2 972
27.3 1004
27.4 1015
27.5 1044
27.6 1079
27.7 1107
27.8 1147
27.9 1180
28 1213
28.1 1246
28.2 1278
28.3 1309
28.4 1338
28.5 1376
28.6 1407
28.7 1444
28.8 1477
28.9 1495
29 1511
29.1 1543
29.2 1557
29.3 1548
29.4 1503
29.5 1419
29.6 1318
29.7 1218
29.8 1131
29.9 1050
30 988
30.1 940
30.2 880
30.3 837
30.4 796
30.5 725
30.6 676
30.7 630
30.8 584
30.9 559
31 553
31.1 516
31.2 485
31.3 444
31.4 423
31.5 408
31.6 403
31.7 396
31.8 386
31.9 373
32 359
32.1 357
32.2 345
32.3 333
32.4 363
32.5 370
32.6 358
32.7 369
32.8 358
32.9 347
33 344
33.1 331
33.2 319
33.3 303
33.4 310
33.5 294
33.6 273
33.7 258
33.8 261
33.9 262
34 267
34.1 253
34.2 250
34.3 248
34.4 237
34.5 261
34.6 261
34.7 267
34.8 277
34.9 273
35 266
35.1 279
35.2 276
35.3 264
35.4 245
35.5 241
35.6 241
35.7 247
35.8 249
35.9 262
36 258
36.1 250
36.2 234
36.3 256
36.4 245
36.5 231
36.6 228
36.7 232
36.8 234
36.9 233
37 239
37.1 269
37.2 281
37.3 276
37.4 254
37.5 240
37.6 238
37.7 239
37.8 226
37.9 226
38 222
38.1 210
38.2 206
38.3 209
38.4 212
38.5 217
38.6 217
38.7 207
38.8 220
38.9 238
39 250
39.1 253
39.2 255
39.3 270
39.4 275
39.5 260
39.6 249
39.7 248
39.8 251
39.9 255
40 253
40.1 251
40.2 250
40.3 255
40.4 248
40.5 270
40.6 280
40.7 369
40.8 437
40.9 461
41 460
41.1 455
41.2 443
41.3 423
41.4 388
41.5 371
41.6 367
41.7 342
41.8 334
41.9 332
42 345
42.1 333
42.2 320
42.3 308
42.4 300
42.5 307
42.6 295
42.7 277
42.8 273
42.9 262
43 251
43.1 248
43.2 275
43.3 290
43.4 284
43.5 318
43.6 384
43.7 419
43.8 415
43.9 413
44 407
44.1 410
44.2 397
44.3 382
44.4 373
44.5 377
44.6 368
44.7 359
44.8 339
44.9 381
45 406
45.1 427
45.2 433
45.3 436
45.4 428
45.5 438
45.6 444
45.7 453
45.8 466
45.9 466
46 473
46.1 483
46.2 485
46.3 495
46.4 500
46.5 512
46.6 520
46.7 532
46.8 543
46.9 558
47 574
47.1 595
47.2 615
47.3 629
47.4 646
47.5 664
47.6 683
47.7 693
47.8 707
47.9 736
48 754
48.1 783
48.2 807
48.3 838
48.4 864
48.5 884
48.6 904
48.7 936
48.8 955
48.9 974
49 1002
49.1 1026
49.2 1064
49.3 1090
49.4 1127
49.5 1150
49.6 1172
49.7 1206
49.8 1237
49.9 1265
50 1293
50.1 1326
50.2 1372
50.3 1394
50.4 1410
50.5 1449
50.6 1472
50.7 1511
50.8 1548
50.9 1580
51 1628
51.1 1655
51.2 1673
51.3 1691
51.4 1689
51.5 1646
51.6 1562
51.7 1440
51.8 1354
51.9 1264
52 1154
52.1 1058
52.2 979
52.3 915
52.4 846
52.5 766
52.6 720
52.7 661
52.8 597
52.9 563
53 526
53.1 503
53.2 492
53.3 458
53.4 439
53.5 397
53.6 370
53.7 377
53.8 380
53.9 357
54 327
54.1 322
54.2 310
54.3 307
54.4 303
54.5 289
54.6 274
54.7 263
54.8 254
54.9 238
55 239
55.1 228
55.2 215
55.3 222
55.4 218
55.5 213
55.6 215
55.7 203
55.8 214
55.9 240
56 261
56.1 268
56.2 279
56.3 276
56.4 275
56.5 276
56.6 285
56.7 298
56.8 290
56.9 286
57 271
57.1 258
57.2 241
57.3 228
57.4 230
57.5 226
57.6 235
57.7 237
57.8 244
57.9 244
58 233
58.1 224
58.2 205
58.3 190
58.4 182
58.5 177
58.6 186
58.7 186
58.8 179
58.9 176
59 166
59.1 176
59.2 177
59.3 169
59.4 170
59.5 165
59.6 160
59.7 174
59.8 180
59.9 192
60 193
60.1 214
60.2 241
60.3 256
60.4 254
60.5 245
60.6 239
60.7 225
60.8 209
60.9 202
61 210
61.1 226
61.2 242
61.3 232
61.4 280
61.5 322
61.6 342
61.7 354
61.8 349
61.9 348
62 380
62.1 442
62.2 495
62.3 512
62.4 505
62.5 486
62.6 464
62.7 463
62.8 457
62.9 450
63 425
63.1 399
63.2 367
63.3 334
63.4 338
63.5 333
63.6 346
63.7 337
63.8 346
63.9 385
64 380
64.1 354
64.2 318
64.3 323
64.4 325
64.5 317
64.6 313
64.7 308
64.8 308
64.9 334
65 332
65.1 316
65.2 313
65.3 320
65.4 327
65.5 308
65.6 307
65.7 283
65.8 270
65.9 272
66 280
66.1 276
66.2 278
66.3 276
66.4 275
66.5 279
66.6 278
66.7 266
66.8 256
66.9 270
67 262
67.1 267
67.2 276
67.3 269
67.4 268
67.5 272
67.6 280
67.7 297
67.8 306
67.9 309
68 298
68.1 299
68.2 298
68.3 302
68.4 309
68.5 357
68.6 403
68.7 426
68.8 437
68.9 439
69 445
69.1 457
69.2 459
69.3 466
69.4 489
69.5 501
69.6 507
69.7 524
69.8 535
69.9 550
70 576
70.1 591
70.2 611
70.3 622
70.4 639
70.5 665
70.6 687
70.7 703
70.8 726
70.9 747
71 770
71.1 800
71.2 826
71.3 856
71.4 886
71.5 919
71.6 946
71.7 974
71.8 1011
71.9 1043
72 1070
72.1 1108
72.2 1144
72.3 1174
72.4 1195
72.5 1219
72.6 1256
72.7 1287
72.8 1332
72.9 1360
73 1397
73.1 1422
73.2 1457
73.3 1492
73.4 1533
73.5 1575
73.6 1604
73.7 1639
73.8 1655
73.9 1670
74 1709
74.1 1715
74.2 1731
74.3 1681
74.4 1575
74.5 1462
74.6 1377
74.7 1276
74.8 1190
74.9 1106
75 1031
75.1 938
75.2 865
75.3 783
75.4 723
75.5 690
75.6 649
75.7 613
75.8 557
75.9 521
76 485
76.1 456
76.2 418
76.3 377
76.4 359
76.5 357
76.6 349
76.7 326
76.8 319
76.9 335
77 322
77.1 299
77.2 265
77.3 253
77.4 223
77.5 221
77.6 208
77.7 219
77.8 211
77.9 209
78 211
78.1 213
78.2 212
78.3 216
78.4 220
78.5 220
78.6 234
78.7 246
78.8 251
78.9 272
79 284
79.1 296
79.2 324
79.3 308
79.4 311
79.5 326
79.6 331
79.7 338
79.8 329
79.9 324
80 333
80.1 314
80.2 297
80.3 292
80.4 296
80.5 267
80.6 263
80.7 267
80.8 253
80.9 262
81 263
81.1 243
81.2 245
81.3 245
81.4 235
81.5 250
81.6 254
81.7 275
81.8 283
81.9 293
82 312
82.1 304
82.2 296
82.3 290
82.4 311
82.5 317
82.6 320
82.7 319
82.8 340
82.9 358
83 364
83.1 364
83.2 345
83.3 326
83.4 316
83.5 308
83.6 304
83.7 299
83.8 294
83.9 273
84 255
84.1 245
84.2 239
84.3 245
84.4 240
84.5 224
84.6 230
84.7 218
84.8 210
84.9 227
85 222
85.1 203
85.2 225
85.3 235
85.4 259
85.5 260
85.6 273
85.7 273
85.8 270
85.9 272
86 274
86.1 306
86.2 318
86.3 326
86.4 320
86.5 316
86.6 366
86.7 402
86.8 405
86.9 410
87 388
87.1 383
87.2 382
87.3 375
87.4 360
87.5 353
87.6 347
87.7 332
87.8 336
87.9 346
88 375
88.1 409
88.2 447
88.3 477
88.4 480
88.5 486
88.6 484
88.7 497
88.8 509
88.9 512
89 525
89.1 538
89.2 546
89.3 561
89.4 572
89.5 587
89.6 596
89.7 606
89.8 623
89.9 650
90 661
90.1 679
90.2 700
90.3 718
90.4 737
90.5 758
90.6 784
90.7 801
90.8 814
90.9 836
91 864
91.1 883
91.2 910
91.3 929
91.4 949
91.5 968
91.6 990
91.7 1015
91.8 1031
91.9 1058
92 1084
92.1 1108
92.2 1126
92.3 1159
92.4 1182
92.5 1208
92.6 1233
92.7 1266
92.8 1287
92.9 1306
93 1330
93.1 1353
93.2 1380
93.3 1389
93.4 1416
93.5 1427
93.6 1453
93.7 1460
93.8 1465
93.9 1452
94 1451
94.1 1405
94.2 1325
94.3 1246
94.4 1170
94.5 1076
94.6 1020
94.7 961
94.8 907
94.9 838
95 783
95.1 724
95.2 688
95.3 638
95.4 605
95.5 553
95.6 523
95.7 496
95.8 487
95.9 456
96 420
96.1 401
96.2 396
96.3 378
96.4 370
96.5 361
96.6 364
96.7 373
96.8 369
96.9 351
97 344
97.1 339
97.2 325
97.3 339
97.4 330
97.5 308
97.6 297
97.7 338
97.8 342
97.9 341
98 333
98.1 328
98.2 329
98.3 316
98.4 308
98.5 315
98.6 306
98.7 294
98.8 315
98.9 386
99 464
99.1 460
99.2 442
99.3 414
99.4 383
99.5 373
99.6 354
99.7 341
99.8 329
99.9 323
100 312
100.1 309
100.2 318
100.3 403
100.4 460
100.5 448
100.6 454
100.7 443
100.8 414
100.9 398
101 397
101.1 382
101.2 386
101.3 382
101.4 379
101.5 367
101.6 360
101.7 344
101.8 315
101.9 292
102 283
102.1 273
102.2 288
102.3 346
102.4 348
102.5 377
102.6 379
102.7 370
102.8 359
102.9 328
103 331
103.1 332
103.2 322
103.3 335
103.4 332
103.5 324
103.6 326
103.7 324
103.8 317
103.9 323
104 339
104.1 314
104.2 292
104.3 284
104.4 267
104.5 257
104.6 259
104.7 256
104.8 249
104.9 243
105 290
105.1 317
105.2 327
105.3 338
105.4 362
105.5 344
105.6 347
105.7 316
105.8 328
105.9 329
106 327
106.1 330
106.2 330
106.3 336
106.4 408
106.5 467
106.6 502
106.7 519
106.8 527
106.9 535
107 521
107.1 529
107.2 528
107.3 534
107.4 540
107.5 546
107.6 551
107.7 564
107.8 581
107.9 589
108 609
108.1 622
108.2 639
108.3 641
108.4 659
108.5 671
108.6 680
108.7 701
108.8 713
108.9 731
109 738
109.1 757
109.2 778
109.3 787
109.4 802
109.5 835
109.6 851
109.7 872
109.8 895
109.9 903
110 928
110.1 959
110.2 985
110.3 1012
110.4 1031
110.5 1072
110.6 1106
110.7 1124
110.8 1157
110.9 1178
111 1203
111.1 1231
111.2 1259
111.3 1296
111.4 1328
111.5 1352
111.6 1366
111.7 1390
111.8 1419
111.9 1442
112 1464
112.1 1500
112.2 1541
112.3 1565
112.4 1585
112.5 1603
112.6 1587
112.7 1582
112.8 1531
112.9 1512
113 1477
113.1 1367
113.2 1286
113.3 1244
113.4 1164
113.5 1074
113.6 982
113.7 901
113.8 826
113.9 770
114 702
114.1 650
114.2 630
114.3 582
114.4 540
114.5 536
114.6 545
114.7 535
114.8 498
114.9 456
115 446
115.1 426
115.2 411
115.3 394
115.4 365
115.5 341
115.6 321
115.7 301
115.8 285
115.9 286
116 278
116.1 284
116.2 295
116.3 310
116.4 308
116.5 302
116.6 310
116.7 332
116.8 325
116.9 336
117 341
117.1 321
117.2 310
117.3 300
117.4 314
117.5 298
117.6 282
117.7 283
117.8 292
117.9 300
118 298
118.1 302
118.2 302
118.3 297
118.4 285
118.5 284
118.6 283
118.7 270
118.8 282
118.9 272
119 298
119.1 359
119.2 363
119.3 352
119.4 346
119.5 338
119.6 351
119.7 329
119.8 325
119.9 310
120 308
120.1 296
120.2 286
120.3 271
120.4 269
120.5 268
120.6 273
120.7 272
120.8 267
120.9 264
121 253
121.1 257
121.2 252
121.3 256
121.4 241
121.5 248
121.6 250
121.7 278
121.8 374
121.9 390
122 377
122.1 356
122.2 332
122.3 336
122.4 328
122.5 308
122.6 306
122.7 296
122.8 286
122.9 269
123 261
123.1 257
123.2 240
123.3 223
123.4 237
123.5 234
123.6 240
123.7 246
123.8 263
123.9 252
124 254
124.1 250
124.2 266
124.3 270
124.4 293
124.5 316
124.6 312
124.7 294
124.8 277
124.9 275
125 275
125.1 261
125.2 252
125.3 256
125.4 261
125.5 266
125.6 261
125.7 244
125.8 234
125.9 219
126 200
126.1 197
126.2 193
126.3 200
126.4 223
126.5 227
126.6 230
126.7 235
126.8 249
126.9 285
127 298
127.1 309
127.2 309
127.3 318
127.4 381
127.5 383
127.6 359
127.7 349
127.8 343
127.9 312
128 303
128.1 291
128.2 289
128.3 290
128.4 304
128.5 302
128.6 308
128.7 298
128.8 294
128.9 297
129 288
129.1 311
129.2 311
129.3 318
129.4 326
129.5 350
129.6 376
129.7 387
129.8 381
129.9 404
130 417
130.1 432
130.2 437
130.3 437
130.4 446
130.5 462
130.6 465
130.7 482
130.8 489
130.9 492
131 506
131.1 520
131.2 528
131.3 538
131.4 554
131.5 576
131.6 589
131.7 610
131.8 628
131.9 651
132 671
132.1 688
132.2 717
132.3 737
132.4 772
132.5 793
132.6 808
132.7 833
132.8 855
132.9 872
133 891
133.1 920
133.2 942
133.3 960
133.4 993
133.5 1012
133.6 1046
133.7 1072
133.8 1101
133.9 1128
134 1147
134.1 1169
134.2 1208
134.3 1240
134.4 1258
134.5 1280
134.6 1300
134.7 1330
134.8 1349
134.9 1377
135 1414
135.1 1427
135.2 1470
135.3 1503
135.4 1528
135.5 1540
135.6 1546
135.7 1574
135.8 1602
135.9 1606
136 1629
136.1 1650
136.2 1660
136.3 1665
136.4 1691
136.5 1638
136.6 1544
136.7 1431
136.8 1310
136.9 1198
137 1092
137.1 994
137.2 918
137.3 841
137.4 747
137.5 698
137.6 640
137.7 595
137.8 579
137.9 549
138 515
138.1 475
138.2 456
138.3 461
138.4 436
138.5 412
138.6 380
138.7 364
138.8 416
138.9 423
139 409
139.1 389
139.2 365
139.3 370
139.4 363
139.5 344
139.6 339
139.7 325
139.8 325
139.9 305
140 289
140.1 286
140.2 298
140.3 286
140.4 262
140.5 249
140.6 237
140.7 241
140.8 231
140.9 212
141 212
141.1 211
141.2 222
141.3 236
141.4 231
141.5 227
141.6 225
141.7 229
141.8 258
141.9 262
142 263
142.1 256
142.2 261
142.3 266
142.4 264
142.5 246
142.6 225
142.7 219
142.8 212
142.9 207
143 200
143.1 205
143.2 202
143.3 187
143.4 223
143.5 241
143.6 285
143.7 294
143.8 292
143.9 288
144 305
144.1 317
144.2 301
144.3 295
144.4 278
144.5 273
144.6 298
144.7 307
144.8 290
144.9 279
145 266
145.1 244
145.2 239
145.3 258
145.4 256
145.5 265
145.6 284
145.7 281
145.8 267
145.9 259
146 259
146.1 260
146.2 260
146.3 269
146.4 278
146.5 292
146.6 286
146.7 323
146.8 354
146.9 352
147 357
147.1 376
147.2 379
147.3 366
147.4 346
147.5 339
147.6 335
147.7 341
147.8 352
147.9 333
148 329
148.1 315
148.2 309
148.3 300
148.4 305
148.5 317
148.6 334
148.7 345
148.8 344
148.9 324
149 306
149.1 299
149.2 300
149.3 321
149.4 420
149.5 468
149.6 477
149.7 494
149.8 502
149.9 494
150 499
150.1 510
150.2 511
150.3 504
150.4 515
150.5 522
150.6 525
150.7 537
150.8 539
150.9 552
151 558
151.1 563
151.2 579
151.3 588
151.4 604
151.5 626
151.6 647
151.7 664
151.8 673
151.9 693
152 714
152.1 724
152.2 745
152.3 762
152.4 791
152.5 812
152.6 829
152.7 851
152.8 881
152.9 899
153 930
153.1 961
153.2 995
153.3 1026
153.4 1063
153.5 1095
153.6 1132
153.7 1165
153.8 1200
153.9 1224
154 1255
154.1 1290
154.2 1315
154.3 1349
154.4 1388
154.5 1417
154.6 1446
154.7 1467
154.8 1498
154.9 1534
155 1559
155.1 1592
155.2 1606
155.3 1619
155.4 1657
155.5 1694
155.6 1699
155.7 1734
155.8 1724
155.9 1666
156 1535
156.1 1424
156.2 1334
156.3 1239
156.4 1150
156.5 1052
156.6 989
156.7 925
156.8 858
156.9 794
157 731
157.1 673
157.2 635
157.3 596
157.4 564
157.5 533
157.6 512
157.7 477
157.8 439
157.9 434
158 418
158.1 400
158.2 415
158.3 423
158.4 412
158.5 400
158.6 395
158.7 403
158.8 385
158.9 375
159 377
159.1 357
159.2 336
159.3 329
159.4 316
159.5 303
159.6 288
159.7 278
159.8 274
159.9 263
160 265
160.1 285
160.2 303
160.3 308
160.4 301
160.5 283
160.6 277
160.7 269
160.8 274
160.9 306
161 310
161.1 306
161.2 292
161.3 272
161.4 271
161.5 280
161.6 272
161.7 279
161.8 291
161.9 307
162 318
162.1 310
162.2 360
162.3 410
162.4 429
162.5 430
162.6 416
162.7 464
162.8 564
162.9 577
163 583
163.1 536
163.2 514
163.3 506
163.4 507
163.5 474
163.6 453
163.7 436
163.8 405
163.9 367
164 345
164.1 325
164.2 318
164.3 300
164.4 284
164.5 264
164.6 265
164.7 262
164.8 264
164.9 279
165 267
165.1 255
165.2 250
165.3 244
165.4 230
165.5 222
165.6 231
165.7 228
165.8 213
165.9 212
166 271
166.1 361
166.2 437
166.3 497
166.4 573
166.5 609
166.6 618
166.7 601
166.8 581
166.9 554
167 524
167.1 475
167.2 457
167.3 435
167.4 427
167.5 408
167.6 394
167.7 384
167.8 378
167.9 349
168 341
168.1 318
168.2 325
168.3 320
168.4 312
168.5 306
168.6 291
168.7 295
168.8 267
168.9 257
169 252
169.1 250
169.2 254
169.3 247
169.4 245
169.5 257
169.6 262
169.7 265
169.8 269
169.9 266
170 300
170.1 302
170.2 317
170.3 329
170.4 342
170.5 356
170.6 411
170.7 444
170.8 447
170.9 460
171 449
171.1 443
171.2 423
171.3 398
171.4 391
171.5 374
171.6 361
171.7 339
171.8 316
171.9 304
172 319
172.1 365
172.2 397
172.3 414
172.4 443
172.5 459
172.6 472
172.7 471
172.8 481
172.9 478
173 471
173.1 472
173.2 470
173.3 483
173.4 495
173.5 498
173.6 507
173.7 515
173.8 530
173.9 542
174 548
174.1 552
174.2 562
174.3 578
174.4 589
174.5 598
174.6 607
174.7 626
174.8 642
174.9 660
175 675
175.1 698
175.2 712
175.3 737
175.4 759
175.5 783
175.6 821
175.7 851
175.8 875
175.9 899
176 926
176.1 963
176.2 987
176.3 1027
176.4 1060
176.5 1106
176.6 1140
176.7 1182
176.8 1220
176.9 1249
177 1280
177.1 1302
177.2 1329
177.3 1353
177.4 1367
177.5 1404
177.6 1425
177.7 1442
177.8 1464
177.9 1470
178 1473
178.1 1475
178.2 1480
178.3 1517
178.4 1554
178.5 1537
178.6 1503
178.7 1401
178.8 1307
178.9 1206
179 1099
179.1 1015
179.2 948
179.3 904
179.4 859
179.5 814
179.6 769
179.7 706
179.8 653
179.9 603
180 565
180.1 545
180.2 523
180.3 483
180.4 463
180.5 430
180.6 436
180.7 413
180.8 406
180.9 383
181 359
181.1 349
181.2 328
181.3 317
181.4 302
181.5 299
181.6 290
181.7 286
181.8 275
181.9 263
182 263
182.1 265
182.2 269
182.3 252
182.4 248
182.5 252
182.6 243
182.7 250
182.8 256
182.9 255
183 248
183.1 251
183.2 249
183.3 241
183.4 245
183.5 238
183.6 237
183.7 226
183.8 215
183.9 209
184 218
184.1 218
184.2 219
184.3 208
184.4 212
184.5 217
184.6 217
184.7 217
184.8 218
184.9 208
185 195
185.1 182
185.2 178
185.3 196
185.4 206
185.5 210
185.6 234
185.7 289
185.8 311
185.9 312
186 312
186.1 309
186.2 309
186.3 371
186.4 371
186.5 364
186.6 348
186.7 347
186.8 335
186.9 320
187 312
187.1 298
187.2 282
187.3 271
187.4 270
187.5 255
187.6 236
187.7 224
187.8 221
187.9 214
188 215
188.1 206
188.2 216
188.3 228
188.4 224
188.5 210
188.6 193
188.7 213
188.8 240
188.9 247
189 246
189.1 257
189.2 285
189.3 312
189.4 300
189.5 278
189.6 268
189.7 251
189.8 246
189.9 243
190 236
190.1 228
190.2 235
190.3 249
190.4 260
190.5 276
190.6 286
190.7 281
190.8 265
190.9 255
191 246
191.1 238
191.2 226
191.3 226
191.4 255
191.5 260
191.6 249
191.7 234
191.8 238
191.9 252
192 248
192.1 251
192.2 255
192.3 256
192.4 256
192.5 277
192.6 276
192.7 287
192.8 271
192.9 259
193 267
193.1 323
193.2 389
193.3 403
193.4 412
193.5 415
193.6 417
193.7 422
193.8 428
193.9 438
194 444
194.1 451
194.2 466
194.3 480
194.4 494
194.5 515
194.6 531
194.7 545
194.8 565
194.9 587
195 606
195.1 620
195.2 633
195.3 661
195.4 681
195.5 702
195.6 737
195.7 750
195.8 778
195.9 810
196 834
196.1 870
196.2 886
196.3 907
196.4 946
196.5 964
196.6 1000
196.7 1015
196.8 1036
196.9 1066
197 1086
197.1 1107
197.2 1132
197.3 1157
197.4 1177
197.5 1204
197.6 1220
197.7 1236
197.8 1265
197.9 1290
198 1317
198.1 1340
198.2 1365
198.3 1388
198.4 1414
198.5 1434
198.6 1450
198.7 1466
198.8 1484
198.9 1508
199 1541
199.1 1561
199.2 1581
199.3 1596
199.4 1606
199.5 1616
199.6 1631
199.7 1652
199.8 1661
199.9 1667
200 1653
