0 0
0.1 6
0.2 12
0.3 20
0.4 32
0.5 30
0.6 33
0.7 37
0.8 32
0.9 30
1 40
1.1 54
1.2 59
1.3 55
1.4 43
1.5 37
1.6 45
1.7 38
1.8 47
1.9 36
2 34
2.1 46
2.2 45
2.3 46
2.4 50
2.5 49
2.6 46
2.7 48
2.8 50
2.9 51
3 50
3.1 46
3.2 47
3.3 49
3.4 54
3.5 43
3.6 43
3.7 48
3.8 41
3.9 32
4 37
4.1 38
4.2 35
4.3 55
4.4 42
4.5 46
4.6 32
4.7 39
4.8 41
4.9 39
5 47
5.1 26
5.2 45
5.3 47
5.4 62
5.5 57
5.6 51
5.7 48
5.8 26
5.9 34
6 35
6.1 38
6.2 28
6.3 42
6.4 36
6.5 30
6.6 32
6.7 55
6.8 55
6.9 51
7 55
7.1 44
7.2 41
7.3 59
7.4 62
7.5 34
7.6 51
7.7 50
7.8 34
7.9 30
8 18
8.1 6
8.2 14
8.3 7
8.4 7
8.5 3
8.6 8
8.7 9
8.8 4
8.9 5
9 2
9.1 5
9.2 2
9.3 4
9.4 5
9.5 3
9.6 5
9.7 6
9.8 5
9.9 3
10 3
10.1 2
10.2 4
10.3 4
10.4 4
10.5 6
10.6 2
10.7 3
10.8 4
10.9 6
11 6
11.1 4
11.2 5
11.3 6
11.4 5
11.5 8
11.6 10
11.7 4
11.8 6
11.9 9
12 8
12.1 7
12.2 6
12.3 6
12.4 6
12.5 2
12.6 3
12.7 1
12.8 5
12.9 7
13 3
13.1 3
13.2 0
13.3 0
13.4 5
13.5 4
13.6 6
13.7 5
13.8 4
13.9 7
14 5
14.1 2
14.2 3
14.3 4
14.4 3
14.5 4
14.6 6
14.7 7
14.8 6
14.9 38
15 22
15.1 16
15.2 5
15.3 6
15.4 4
15.5 2
15.6 4
15.7 4
15.8 6
15.9 7
16 16
16.1 6
16.2 3
16.3 4
16.4 5
16.5 4
16.6 5
16.7 4
16.8 5
16.9 4
17 5
17.1 5
17.2 6
17.3 4
17.4 7
17.5 7
17.6 4
17.7 5
17.8 3
17.9 2
18 5
18.1 8
18.2 8
18.3 5
18.4 3
18.5 4
18.6 6
18.7 6
18.8 3
18.9 7
19 4
19.1 6
19.2 9
19.3 7
19.4 8
19.5 14
19.6 10
19.7 24
19.8 12
19.9 12
20 12
20.1 9
20.2 7
20.3 8
20.4 5
20.5 6
20.6 8
20.7 4
20.8 12
20.9 10
21 12
21.1 7
21.2 8
21.3 8
21.4 2
21.5 3
21.6 5
21.7 4
21.8 4
21.9 6
22 5
22.1 6
22.2 9
22.3 11
22.4 30
22.5 23
22.6 13
22.7 10
22.8 8
22.9 2
23 7
23.1 8
23.2 11
23.3 22
23.4 17
23.5 10
23.6 8
23.7 17
23.8 21
23.9 14
24 10
24.1 26
24.2 14
24.3 18
24.4 10
24.5 13
24.6 36
24.7 20
24.8 21
24.9 22
25 45
25.1 45
25.2 27
25.3 21
25.4 21
25.5 33
25.6 33
25.7 35
25.8 28
25.9 43
26 49
26.1 40
26.2 52
26.3 47
26.4 47
26.5 39
26.6 40
26.7 31
26.8 43
26.9 41
27 54
27.1 47
27.2 30
27.3 38
27.4 44
27.5 41
27.6 43
27.7 42
27.8 48
27.9 46
28 29
28.1 33
28.2 30
28.3 40
28.4 35
28.5 35
28.6 37
28.7 37
28.8 34
28.9 36
29 33
29.1 22
29.2 18
29.3 12
29.4 11
29.5 8
29.6 3
29.7 5
29.8 2
29.9 2
30 9
30.1 4
30.2 5
30.3 5
30.4 4
30.5 3
30.6 3
30.7 4
30.8 6
30.9 7
31 6
31.1 4
31.2 2
31.3 2
31.4 5
31.5 4
31.6 6
31.7 5
31.8 7
31.9 3
32 6
32.1 6
32.2 4
32.3 11
32.4 12
32.5 5
32.6 6
32.7 7
32.8 5
32.9 5
33 2
33.1 7
33.2 3
33.3 5
33.4 3
33.5 2
33.6 1
33.7 1
33.8 3
33.9 5
34 3
34.1 2
34.2 4
34.3 4
34.4 5
34.5 6
34.6 4
34.7 6
34.8 5
34.9 6
35 7
35.1 6
35.2 4
35.3 2
35.4 5
35.5 4
35.6 4
35.7 5
35.8 7
35.9 8
36 4
36.1 3
36.2 3
36.3 5
36.4 6
36.5 8
36.6 6
36.7 5
36.8 7
36.9 5
37 3
37.1 8
37.2 6
37.3 0
37.4 2
37.5 2
37.6 5
37.7 1
37.8 5
37.9 4
38 2
38.1 3
38.2 3
38.3 4
38.4 4
38.5 7
38.6 2
38.7 2
38.8 10
38.9 4
39 6
39.1 4
39.2 9
39.3 6
39.4 2
39.5 2
39.6 6
39.7 5
39.8 7
39.9 4
40 3
40.1 7
40.2 7
40.3 6
40.4 4
40.5 10
40.6 15
40.7 26
40.8 16
40.9 9
41 7
41.1 9
41.2 5
41.3 2
41.4 3
41.5 6
41.6 7
41.7 6
41.8 6
41.9 7
42 4
42.1 5
42.2 4
42.3 6
42.4 7
42.5 7
42.6 3
42.7 3
42.8 3
42.9 1
43 7
43.1 16
43.2 6
43.3 6
43.4 17
43.5 24
43.6 19
43.7 9
43.8 8
43.9 10
44 9
44.1 8
44.2 8
44.3 4
44.4 12
44.5 6
44.6 3
44.7 2
44.8 19
44.9 14
45 7
45.1 23
45.2 17
45.3 6
45.4 7
45.5 16
45.6 17
45.7 32
45.8 28
45.9 26
46 38
46.1 40
46.2 37
46.3 36
46.4 55
46.5 47
46.6 36
46.7 32
46.8 31
46.9 55
47 48
47.1 53
47.2 43
47.3 50
47.4 36
47.5 41
47.6 34
47.7 40
47.8 40
47.9 49
48 53
48.1 46
48.2 42
48.3 44
48.4 50
48.5 54
48.6 39
48.7 34
48.8 38
48.9 48
49 40
49.1 54
49.2 48
49.3 47
49.4 53
49.5 65
49.6 47
49.7 47
49.8 43
49.9 38
50 46
50.1 46
50.2 33
50.3 41
50.4 48
50.5 44
50.6 37
50.7 41
50.8 40
50.9 38
51 30
51.1 26
51.2 33
51.3 20
51.4 12
51.5 10
51.6 6
51.7 7
51.8 6
51.9 5
52 6
52.1 2
52.2 4
52.3 7
52.4 3
52.5 5
52.6 4
52.7 2
52.8 4
52.9 2
53 7
53.1 6
53.2 3
53.3 3
53.4 5
53.5 3
53.6 7
53.7 7
53.8 5
53.9 4
54 7
54.1 4
54.2 4
54.3 9
54.4 2
54.5 0
54.6 2
54.7 1
54.8 4
54.9 0
55 4
55.1 1
55.2 3
55.3 5
55.4 1
55.5 6
55.6 2
55.7 6
55.8 6
55.9 9
56 10
56.1 7
56.2 5
56.3 4
56.4 3
56.5 6
56.6 11
56.7 6
56.8 3
56.9 1
57 2
57.1 3
57.2 2
57.3 2
57.4 4
57.5 3
57.6 4
57.7 5
57.8 7
57.9 4
58 2
58.1 2
58.2 1
58.3 2
58.4 4
58.5 5
58.6 5
58.7 4
58.8 4
58.9 5
59 7
59.1 3
59.2 5
59.3 3
59.4 2
59.5 4
59.6 4
59.7 3
59.8 6
59.9 3
60 7
60.1 4
60.2 7
60.3 5
60.4 2
60.5 3
60.6 3
60.7 2
60.8 2
60.9 5
61 8
61.1 8
61.2 5
61.3 5
61.4 17
61.5 11
61.6 10
61.7 3
61.8 5
61.9 6
62 31
62.1 22
62.2 21
62.3 7
62.4 7
62.5 7
62.6 7
62.7 10
62.8 5
62.9 8
63 7
63.1 3
63.2 1
63.3 4
63.4 4
63.5 5
63.6 9
63.7 4
63.8 17
63.9 8
64 6
64.1 2
64.2 6
64.3 8
64.4 5
64.5 6
64.6 4
64.7 5
64.8 10
64.9 8
65 3
65.1 4
65.2 3
65.3 4
65.4 5
65.5 5
65.6 4
65.7 3
65.8 5
65.9 6
66 5
66.1 6
66.2 7
66.3 7
66.4 6
66.5 6
66.6 4
66.7 4
66.8 9
66.9 4
67 8
67.1 6
67.2 4
67.3 3
67.4 6
67.5 7
67.6 8
67.7 5
67.8 9
67.9 6
68 7
68.1 6
68.2 9
68.3 5
68.4 17
68.5 27
68.6 20
68.7 45
68.8 59
68.9 60
69 44
69.1 44
69.2 30
69.3 39
69.4 47
69.5 46
69.6 50
69.7 51
69.8 49
69.9 33
70 40
70.1 46
70.2 38
70.3 34
70.4 50
70.5 41
70.6 37
70.7 37
70.8 38
70.9 35
71 47
71.1 32
71.2 43
71.3 54
71.4 44
71.5 50
71.6 46
71.7 39
71.8 51
71.9 45
72 45
72.1 33
72.2 32
72.3 38
72.4 35
72.5 32
72.6 37
72.7 35
72.8 45
72.9 51
73 48
73.1 59
73.2 50
73.3 37
73.4 32
73.5 36
73.6 48
73.7 32
73.8 38
73.9 26
74 26
74.1 37
74.2 17
74.3 11
74.4 7
74.5 6
74.6 6
74.7 7
74.8 3
74.9 3
75 4
75.1 2
75.2 3
75.3 5
75.4 7
75.5 7
75.6 4
75.7 7
75.8 3
75.9 3
76 3
76.1 5
76.2 4
76.3 1
76.4 3
76.5 4
76.6 5
76.7 5
76.8 6
76.9 5
77 5
77.1 0
77.2 3
77.3 1
77.4 1
77.5 5
77.6 6
77.7 6
77.8 5
77.9 3
78 4
78.1 4
78.2 3
78.3 5
78.4 8
78.5 4
78.6 7
78.7 4
78.8 8
78.9 7
79 9
79.1 16
79.2 9
79.3 5
79.4 11
79.5 9
79.6 8
79.7 8
79.8 4
79.9 8
80 5
80.1 5
80.2 5
80.3 7
80.4 6
80.5 2
80.6 5
80.7 3
80.8 2
80.9 4
81 3
81.1 5
81.2 4
81.3 4
81.4 8
81.5 4
81.6 9
81.7 7
81.8 7
81.9 7
82 5
82.1 2
82.2 1
82.3 5
82.4 5
82.5 6
82.6 7
82.7 8
82.8 11
82.9 8
83 9
83.1 5
83.2 4
83.3 7
83.4 4
83.5 3
83.6 6
83.7 6
83.8 3
83.9 2
84 2
84.1 4
84.2 6
84.3 4
84.4 3
84.5 4
84.6 3
84.7 6
84.8 4
84.9 5
85 2
85.1 9
85.2 8
85.3 6
85.4 6
85.5 8
85.6 4
85.7 7
85.8 3
85.9 3
86 12
86.1 9
86.2 7
86.3 4
86.4 4
86.5 19
86.6 21
86.7 11
86.8 10
86.9 5
87 6
87.1 6
87.2 8
87.3 7
87.4 3
87.5 6
87.6 6
87.7 6
87.8 7
87.9 11
88 28
88.1 22
88.2 32
88.3 28
88.4 26
88.5 31
88.6 23
88.7 36
88.8 31
88.9 42
89 42
89.1 34
89.2 55
89.3 37
89.4 32
89.5 43
89.6 41
89.7 39
89.8 32
89.9 42
90 41
90.1 41
90.2 47
90.3 47
90.4 40
90.5 54
90.6 51
90.7 45
90.8 40
90.9 36
91 37
91.1 44
91.2 43
91.3 54
91.4 47
91.5 37
91.6 33
91.7 29
91.8 39
91.9 32
92 30
92.1 40
92.2 16
92.3 31
92.4 50
92.5 38
92.6 50
92.7 39
92.8 30
92.9 32
93 47
93.1 36
93.2 38
93.3 15
93.4 29
93.5 27
93.6 30
93.7 20
93.8 16
93.9 22
94 19
94.1 9
94.2 8
94.3 6
94.4 8
94.5 7
94.6 7
94.7 2
94.8 7
94.9 1
95 0
95.1 5
95.2 4
95.3 6
95.4 2
95.5 3
95.6 5
95.7 11
95.8 6
95.9 3
96 3
96.1 5
96.2 5
96.3 7
96.4 5
96.5 7
96.6 9
96.7 8
96.8 6
96.9 4
97 5
97.1 5
97.2 9
97.3 6
97.4 3
97.5 4
97.6 13
97.7 10
97.8 7
97.9 7
98 6
98.1 8
98.2 5
98.3 1
98.4 4
98.5 5
98.6 5
98.7 11
98.8 9
98.9 25
99 17
99.1 11
99.2 4
99.3 2
99.4 4
99.5 6
99.6 3
99.7 2
99.8 6
99.9 4
100 6
100.1 7
100.2 18
100.3 21
100.4 14
100.5 9
100.6 6
100.7 8
100.8 3
100.9 6
101 5
101.1 5
101.2 7
101.3 6
101.4 6
101.5 8
101.6 4
101.7 4
101.8 2
101.9 5
102 2
102.1 3
102.2 15
102.3 14
102.4 10
102.5 7
102.6 6
102.7 1
102.8 3
102.9 5
103 5
103.1 6
103.2 6
103.3 5
103.4 5
103.5 6
103.6 10
103.7 8
103.8 3
103.9 9
104 1
104.1 4
104.2 4
104.3 5
104.4 3
104.5 6
104.6 5
104.7 3
104.8 3
104.9 6
105 15
105.1 7
105.2 12
105.3 6
105.4 5
105.5 4
105.6 4
105.7 6
105.8 5
105.9 5
106 5
106.1 8
106.2 8
106.3 18
106.4 24
106.5 25
106.6 36
106.7 12
106.8 7
106.9 20
107 8
107.1 11
107.2 28
107.3 18
107.4 15
107.5 8
107.6 25
107.7 30
107.8 32
107.9 27
108 19
108.1 19
108.2 28
108.3 20
108.4 34
108.5 42
108.6 42
108.7 43
108.8 36
108.9 37
109 40
109.1 40
109.2 51
109.3 55
109.4 42
109.5 39
109.6 36
109.7 30
109.8 26
109.9 38
110 40
110.1 39
110.2 51
110.3 54
110.4 55
110.5 47
110.6 39
110.7 40
110.8 43
110.9 44
111 53
111.1 40
111.2 42
111.3 40
111.4 56
111.5 36
111.6 45
111.7 38
111.8 32
111.9 41
112 48
112.1 52
112.2 30
112.3 29
112.4 24
112.5 21
112.6 17
112.7 18
112.8 35
112.9 33
113 9
113.1 5
113.2 19
113.3 15
113.4 8
113.5 2
113.6 4
113.7 3
113.8 5
113.9 2
114 0
114.1 5
114.2 4
114.3 1
114.4 5
114.5 9
114.6 9
114.7 7
114.8 1
114.9 5
115 6
115.1 6
115.2 4
115.3 4
115.4 3
115.5 2
115.6 2
115.7 2
115.8 3
115.9 6
116 6
116.1 10
116.2 8
116.3 6
116.4 3
116.5 6
116.6 7
116.7 3
116.8 7
116.9 8
117 9
117.1 3
117.2 5
117.3 5
117.4 5
117.5 2
117.6 6
117.7 6
117.8 3
117.9 5
118 3
118.1 6
118.2 6
118.3 6
118.4 7
118.5 5
118.6 3
118.7 5
118.8 4
118.9 2
119 19
119.1 13
119.2 7
119.3 5
119.4 6
119.5 7
119.6 6
119.7 6
119.8 5
119.9 5
120 3
120.1 5
120.2 7
120.3 8
120.4 6
120.5 7
120.6 5
120.7 4
120.8 4
120.9 6
121 6
121.1 6
121.2 7
121.3 8
121.4 3
121.5 5
121.6 6
121.7 22
121.8 14
121.9 7
122 4
122.1 3
122.2 8
122.3 3
122.4 4
122.5 4
122.6 3
122.7 4
122.8 1
122.9 5
123 5
123.1 4
123.2 1
123.3 3
123.4 6
123.5 5
123.6 9
123.7 6
123.8 4
123.9 5
124 5
124.1 7
124.2 7
124.3 9
124.4 9
124.5 8
124.6 6
124.7 2
124.8 1
124.9 6
125 2
125.1 3
125.2 8
125.3 5
125.4 8
125.5 5
125.6 3
125.7 2
125.8 0
125.9 0
126 2
126.1 3
126.2 6
126.3 13
126.4 6
126.5 4
126.6 4
126.7 6
126.8 13
126.9 8
127 8
127.1 4
127.2 6
127.3 26
127.4 6
127.5 6
127.6 3
127.7 6
127.8 4
127.9 4
128 4
128.1 6
128.2 9
128.3 7
128.4 6
128.5 8
128.6 7
128.7 6
128.8 3
128.9 4
129 12
129.1 9
129.2 5
129.3 8
129.4 11
129.5 11
129.6 10
129.7 5
129.8 16
129.9 26
130 13
130.1 11
130.2 5
130.3 11
130.4 39
130.5 50
130.6 47
130.7 49
130.8 35
130.9 34
131 41
131.1 49
131.2 48
131.3 50
131.4 47
131.5 45
131.6 48
131.7 50
131.8 47
131.9 45
132 44
132.1 42
132.2 33
132.3 43
132.4 40
132.5 46
132.6 45
132.7 50
132.8 44
132.9 38
133 38
133.1 38
133.2 37
133.3 47
133.4 42
133.5 32
133.6 33
133.7 39
133.8 35
133.9 35
134 33
134.1 39
134.2 37
134.3 44
134.4 53
134.5 40
134.6 49
134.7 40
134.8 51
134.9 54
135 38
135.1 47
135.2 30
135.3 36
135.4 31
135.5 29
135.6 41
135.7 41
135.8 30
135.9 34
136 41
136.1 25
136.2 46
136.3 48
136.4 23
136.5 7
136.6 6
136.7 4
136.8 3
136.9 3
137 3
137.1 1
137.2 5
137.3 2
137.4 4
137.5 1
137.6 3
137.7 5
137.8 7
137.9 7
138 6
138.1 2
138.2 5
138.3 7
138.4 3
138.5 2
138.6 6
138.7 17
138.8 12
138.9 10
139 5
139.1 3
139.2 6
139.3 5
139.4 4
139.5 4
139.6 3
139.7 6
139.8 5
139.9 4
140 4
140.1 5
140.2 5
140.3 3
140.4 2
140.5 3
140.6 7
140.7 4
140.8 1
140.9 4
141 3
141.1 6
141.2 8
141.3 4
141.4 5
141.5 3
141.6 6
141.7 10
141.8 7
141.9 6
142 5
142.1 8
142.2 7
142.3 7
142.4 4
142.5 3
142.6 2
142.7 5
142.8 3
142.9 3
143 3
143.1 5
143.2 4
143.3 6
143.4 9
143.5 10
143.6 8
143.7 6
143.8 2
143.9 7
144 12
144.1 2
144.2 5
144.3 3
144.4 5
144.5 9
144.6 10
144.7 3
144.8 2
144.9 5
145 1
145.1 3
145.2 6
145.3 8
145.4 7
145.5 8
145.6 6
145.7 4
145.8 3
145.9 5
146 2
146.1 3
146.2 5
146.3 8
146.4 8
146.5 5
146.6 8
146.7 15
146.8 7
146.9 6
147 16
147.1 9
147.2 5
147.3 3
147.4 4
147.5 8
147.6 6
147.7 7
147.8 7
147.9 6
148 9
148.1 6
148.2 5
148.3 8
148.4 10
148.5 7
148.6 6
148.7 7
148.8 1
148.9 4
149 6
149.1 7
149.2 10
149.3 28
149.4 35
149.5 12
149.6 38
149.7 25
149.8 16
149.9 9
150 27
150.1 23
150.2 26
150.3 15
150.4 19
150.5 29
150.6 50
150.7 42
150.8 41
150.9 43
151 34
151.1 38
151.2 30
151.3 26
151.4 31
151.5 43
151.6 41
151.7 37
151.8 31
151.9 39
152 35
152.1 39
152.2 40
152.3 42
152.4 55
152.5 55
152.6 69
152.7 52
152.8 46
152.9 45
153 51
153.1 50
153.2 47
153.3 39
153.4 54
153.5 52
153.6 49
153.7 34
153.8 32
153.9 35
154 31
154.1 40
154.2 39
154.3 42
154.4 39
154.5 34
154.6 35
154.7 40
154.8 43
154.9 45
155 41
155.1 40
155.2 31
155.3 44
155.4 36
155.5 36
155.6 27
155.7 26
155.8 12
155.9 6
156 5
156.1 7
156.2 8
156.3 6
156.4 5
156.5 4
156.6 5
156.7 5
156.8 5
156.9 2
157 2
157.1 1
157.2 7
157.3 6
157.4 8
157.5 6
157.6 3
157.7 5
157.8 6
157.9 7
158 5
158.1 7
158.2 12
158.3 5
158.4 10
158.5 8
158.6 6
158.7 7
158.8 6
158.9 9
159 6
159.1 2
159.2 5
159.3 4
159.4 4
159.5 1
159.6 2
159.7 5
159.8 6
159.9 3
160 5
160.1 6
160.2 9
160.3 6
160.4 3
160.5 3
160.6 2
160.7 3
160.8 8
160.9 10
161 5
161.1 3
161.2 2
161.3 4
161.4 5
161.5 7
161.6 7
161.7 6
161.8 10
161.9 10
162 8
162.1 5
162.2 24
162.3 10
162.4 8
162.5 4
162.6 8
162.7 27
162.8 20
162.9 13
163 8
163.1 6
163.2 7
163.3 10
163.4 6
163.5 4
163.6 4
163.7 3
163.8 2
163.9 5
164 5
164.1 7
164.2 4
164.3 4
164.4 5
164.5 7
164.6 4
164.7 4
164.8 8
164.9 4
165 2
165.1 3
165.2 4
165.3 0
165.4 5
165.5 5
165.6 4
165.7 5
165.8 6
165.9 9
166 24
166.1 34
166.2 19
166.3 25
166.4 28
166.5 13
166.6 9
166.7 8
166.8 9
166.9 3
167 4
167.1 5
167.2 6
167.3 5
167.4 2
167.5 3
167.6 6
167.7 6
167.8 4
167.9 4
168 4
168.1 4
168.2 4
168.3 4
168.4 3
168.5 3
168.6 4
168.7 3
168.8 2
168.9 5
169 3
169.1 4
169.2 5
169.3 4
169.4 4
169.5 3
169.6 8
169.7 5
169.8 5
169.9 6
170 8
170.1 8
170.2 8
170.3 10
170.4 8
170.5 22
170.6 26
170.7 9
170.8 15
170.9 6
171 7
171.1 7
171.2 3
171.3 7
171.4 4
171.5 3
171.6 3
171.7 4
171.8 7
171.9 3
172 22
172.1 16
172.2 14
172.3 16
172.4 24
172.5 15
172.6 11
172.7 7
172.8 17
172.9 12
173 9
173.1 9
173.2 15
173.3 42
173.4 40
173.5 27
173.6 39
173.7 43
173.8 41
173.9 41
174 39
174.1 32
174.2 35
174.3 32
174.4 47
174.5 42
174.6 48
174.7 40
174.8 49
174.9 52
175 44
175.1 51
175.2 42
175.3 44
175.4 49
175.5 39
175.6 45
175.7 29
175.8 37
175.9 39
176 34
176.1 25
176.2 32
176.3 37
176.4 37
176.5 35
176.6 42
176.7 46
176.8 37
176.9 34
177 52
177.1 45
177.2 51
177.3 37
177.4 36
177.5 41
177.6 29
177.7 22
177.8 15
177.9 20
178 28
178.1 23
178.2 40
178.3 61
178.4 32
178.5 16
178.6 9
178.7 9
178.8 7
178.9 6
179 4
179.1 7
179.2 7
179.3 7
179.4 6
179.5 10
179.6 7
179.7 3
179.8 1
179.9 3
180 4
180.1 8
180.2 4
180.3 6
180.4 3
180.5 12
180.6 5
180.7 6
180.8 6
180.9 7
181 3
181.1 5
181.2 5
181.3 1
181.4 4
181.5 4
181.6 4
181.7 7
181.8 3
181.9 2
182 3
182.1 9
182.2 3
182.3 2
182.4 4
182.5 8
182.6 6
182.7 5
182.8 8
182.9 3
183 4
183.1 5
183.2 4
183.3 4
183.4 5
183.5 4
183.6 2
183.7 1
183.8 2
183.9 5
184 6
184.1 3
184.2 3
184.3 5
184.4 7
184.5 4
184.6 5
184.7 2
184.8 5
184.9 3
185 4
185.1 4
185.2 5
185.3 6
185.4 6
185.5 6
185.6 11
185.7 12
185.8 9
185.9 5
186 6
186.1 6
186.2 14
186.3 11
186.4 5
186.5 8
186.6 4
186.7 4
186.8 4
186.9 2
187 3
187.1 3
187.2 4
187.3 5
187.4 3
187.5 1
187.6 0
187.7 2
187.8 2
187.9 3
188 4
188.1 6
188.2 7
188.3 6
188.4 2
188.5 0
188.6 7
188.7 6
188.8 6
188.9 9
189 7
189.1 5
189.2 16
189.3 5
189.4 3
189.5 4
189.6 2
189.7 4
189.8 5
189.9 3
190 2
190.1 4
190.2 9
190.3 7
190.4 10
190.5 8
190.6 5
190.7 2
190.8 3
190.9 3
191 2
191.1 5
191.2 6
191.3 9
191.4 6
191.5 3
191.6 2
191.7 8
191.8 6
191.9 4
192 4
192.1 5
192.2 6
192.3 5
192.4 12
192.5 10
192.6 7
192.7 3
192.8 2
192.9 7
193 21
193.1 37
193.2 36
193.3 24
193.4 28
193.5 13
193.6 34
193.7 31
193.8 46
193.9 41
194 42
194.1 48
194.2 43
194.3 32
194.4 37
194.5 36
194.6 40
194.7 38
194.8 37
194.9 44
195 32
195.1 36
195.2 36
195.3 45
195.4 38
195.5 36
195.6 46
195.7 43
195.8 61
195.9 39
196 40
196.1 32
196.2 31
196.3 26
196.4 37
196.5 59
196.6 52
196.7 36
196.8 42
196.9 49
197 36
197.1 32
197.2 43
197.3 47
197.4 33
197.5 31
197.6 46
197.7 46
197.8 38
197.9 30
198 41
198.1 44
198.2 42
198.3 36
198.4 35
198.5 27
198.6 51
198.7 34
198.8 46
198.9 37
199 39
199.1 38
199.2 50
199.3 33
199.4 13
199.5 34
199.6 49
199.7 49
199.8 35
199.9 11
200 20
