0 0
0.1 2
0.2 23
0.3 31
0.4 47
0.5 60
0.6 66
0.7 108
0.8 246
0.9 469
1 667
1.1 818
1.2 886
1.3 981
1.4 1071
1.5 1113
1.6 1131
1.7 1154
1.8 1164
1.9 1162
2 1178
2.1 1230
2.2 1298
2.3 1348
2.4 1322
2.5 1263
2.6 1254
2.7 1247
2.8 1302
2.9 1316
3 1340
3.1 1436
3.2 1468
3.3 1445
3.4 1417
3.5 1380
3.6 1397
3.7 1406
3.8 1485
3.9 1490
4 1491
4.1 1449
4.2 1432
4.3 1423
4.4 1423
4.5 1378
4.6 1319
4.7 1278
4.8 1224
4.9 1161
5 1092
5.1 1051
5.2 982
5.3 987
5.4 1021
5.5 1070
5.6 1046
5.7 990
5.8 943
5.9 921
6 885
6.1 860
6.2 824
6.3 776
6.4 713
6.5 728
6.6 721
6.7 733
6.8 684
6.9 615
7 552
7.1 516
7.2 429
7.3 428
7.4 425
7.5 360
7.6 378
7.7 310
7.8 263
7.9 223
8 247
8.1 166
8.2 67
8.3 35
8.4 29
8.5 38
8.6 38
8.7 5
8.8 3
8.9 13
9 8
9.1 4
9.2 6
9.3 3
9.4 3
9.5 1
9.6 2
9.7 0
9.8 1
9.9 0
10 0
10.1 0
10.2 0
10.3 1
10.4 1
10.5 1
10.6 1
10.7 1
10.8 4
10.9 1
11 1
11.1 0
11.2 3
11.3 2
11.4 2
11.5 0
11.6 1
11.7 1
11.8 1
11.9 2
12 1
12.1 3
12.2 8
12.3 6
12.4 3
12.5 3
12.6 2
12.7 2
12.8 6
12.9 2
13 2
13.1 3
13.2 1
13.3 3
13.4 0
13.5 3
13.6 0
13.7 1
13.8 4
13.9 3
14 1
14.1 2
14.2 1
14.3 1
14.4 4
14.5 1
14.6 3
14.7 4
14.8 1
14.9 1
15 1
15.1 4
15.2 1
15.3 1
15.4 2
15.5 2
15.6 0
15.7 0
15.8 1
15.9 2
16 0
16.1 2
16.2 1
16.3 0
16.4 0
16.5 0
16.6 5
16.7 2
16.8 4
16.9 7
17 5
17.1 6
17.2 4
17.3 1
17.4 3
17.5 6
17.6 6
17.7 3
17.8 1
17.9 1
18 5
18.1 7
18.2 2
18.3 1
18.4 7
18.5 10
18.6 5
18.7 9
18.8 15
18.9 6
19 2
19.1 3
19.2 4
19.3 8
19.4 28
19.5 60
19.6 136
19.7 195
19.8 248
19.9 283
20 342
20.1 463
20.2 507
20.3 495
20.4 489
20.5 528
20.6 516
20.7 518
20.8 582
20.9 622
21 668
21.1 773
21.2 819
21.3 885
21.4 852
21.5 818
21.6 764
21.7 761
21.8 816
21.9 783
22 791
22.1 817
22.2 799
22.3 776
22.4 784
22.5 774
22.6 779
22.7 814
22.8 782
22.9 724
23 666
23.1 664
23.2 657
23.3 664
23.4 700
23.5 658
23.6 586
23.7 565
23.8 529
23.9 552
24 534
24.1 516
24.2 433
24.3 311
24.4 166
24.5 105
24.6 56
24.7 40
24.8 13
24.9 3
25 2
25.1 1
25.2 7
25.3 1
25.4 0
25.5 2
25.6 0
25.7 2
25.8 0
25.9 1
26 7
26.1 1
26.2 2
26.3 1
26.4 1
26.5 0
26.6 0
26.7 1
26.8 5
26.9 1
27 2
27.1 0
27.2 1
27.3 0
27.4 1
27.5 1
27.6 3
27.7 4
27.8 0
27.9 0
28 0
28.1 1
28.2 2
28.3 3
28.4 8
28.5 7
28.6 21
28.7 17
28.8 3
28.9 4
29 9
29.1 8
29.2 1
29.3 1
29.4 5
29.5 2
29.6 2
29.7 1
29.8 0
29.9 5
30 2
30.1 1
30.2 1
30.3 3
30.4 2
30.5 5
30.6 0
30.7 1
30.8 0
30.9 3
31 3
31.1 2
31.2 1
31.3 0
31.4 3
31.5 3
31.6 1
31.7 1
31.8 3
31.9 1
32 2
32.1 3
32.2 2
32.3 3
32.4 1
32.5 1
32.6 3
32.7 1
32.8 1
32.9 0
33 2
33.1 1
33.2 1
33.3 1
33.4 3
33.5 3
33.6 0
33.7 2
33.8 1
33.9 2
34 7
34.1 18
34.2 20
34.3 13
34.4 11
34.5 35
34.6 33
34.7 29
34.8 32
34.9 10
35 9
35.1 9
35.2 10
35.3 5
35.4 5
35.5 14
35.6 16
35.7 8
35.8 6
35.9 4
36 3
36.1 32
36.2 14
36.3 24
36.4 22
36.5 16
36.6 8
36.7 4
36.8 11
36.9 15
37 15
37.1 16
37.2 11
37.3 18
37.4 14
37.5 7
37.6 7
37.7 4
37.8 9
37.9 7
38 3
38.1 4
38.2 38
38.3 34
38.4 44
38.5 50
38.6 62
38.7 82
38.8 66
38.9 65
39 104
39.1 114
39.2 118
39.3 86
39.4 66
39.5 46
39.6 71
39.7 176
39.8 231
39.9 243
40 266
40.1 300
40.2 381
40.3 488
40.4 592
40.5 684
40.6 752
40.7 817
40.8 846
40.9 898
41 992
41.1 997
41.2 999
41.3 1064
41.4 1149
41.5 1164
41.6 1186
41.7 1157
41.8 1174
41.9 1199
42 1223
42.1 1206
42.2 1223
42.3 1230
42.4 1194
42.5 1126
42.6 1067
42.7 1073
42.8 1044
42.9 1047
43 1019
43.1 919
43.2 857
43.3 798
43.4 752
43.5 725
43.6 741
43.7 693
43.8 673
43.9 623
44 529
44.1 479
44.2 440
44.3 412
44.4 361
44.5 314
44.6 254
44.7 164
44.8 82
44.9 37
45 5
45.1 1
45.2 2
45.3 4
45.4 4
45.5 0
45.6 3
45.7 0
45.8 1
45.9 0
46 2
46.1 4
46.2 5
46.3 4
46.4 6
46.5 1
46.6 3
46.7 1
46.8 0
46.9 3
47 0
47.1 1
47.2 4
47.3 0
47.4 1
47.5 2
47.6 0
47.7 1
47.8 3
47.9 2
48 3
48.1 5
48.2 0
48.3 4
48.4 5
48.5 2
48.6 0
48.7 0
48.8 1
48.9 1
49 1
49.1 2
49.2 1
49.3 1
49.4 0
49.5 0
49.6 2
49.7 1
49.8 1
49.9 1
50 3
50.1 1
50.2 0
50.3 3
50.4 2
50.5 0
50.6 3
50.7 1
50.8 1
50.9 4
51 5
51.1 3
51.2 0
51.3 3
51.4 4
51.5 3
51.6 1
51.7 2
51.8 1
51.9 1
52 1
52.1 2
52.2 4
52.3 0
52.4 0
52.5 0
52.6 0
52.7 6
52.8 3
52.9 0
53 5
53.1 0
53.2 2
53.3 2
53.4 1
53.5 0
53.6 7
53.7 1
53.8 3
53.9 4
54 2
54.1 5
54.2 1
54.3 3
54.4 4
54.5 6
54.6 1
54.7 1
54.8 1
54.9 2
55 1
55.1 0
55.2 2
55.3 2
55.4 9
55.5 7
55.6 4
55.7 9
55.8 4
55.9 10
56 9
56.1 35
56.2 64
56.3 70
56.4 55
56.5 55
56.6 35
56.7 18
56.8 49
56.9 76
57 56
57.1 36
57.2 43
57.3 39
57.4 41
57.5 49
57.6 64
57.7 61
57.8 97
57.9 92
58 92
58.1 184
58.2 282
58.3 394
58.4 452
58.5 488
58.6 535
58.7 535
58.8 603
58.9 685
59 765
59.1 772
59.2 795
59.3 858
59.4 979
59.5 1031
59.6 1093
59.7 1141
59.8 1153
59.9 1128
60 1113
60.1 1136
60.2 1056
60.3 1016
60.4 988
60.5 928
60.6 912
60.7 890
60.8 838
60.9 865
61 910
61.1 888
61.2 840
61.3 857
61.4 860
61.5 890
61.6 880
61.7 869
61.8 816
61.9 738
62 730
62.1 632
62.2 585
62.3 577
62.4 540
62.5 453
62.6 376
62.7 336
62.8 292
62.9 177
63 150
63.1 140
63.2 87
63.3 53
63.4 16
63.5 4
63.6 5
63.7 2
63.8 2
63.9 8
64 0
64.1 1
64.2 0
64.3 1
64.4 4
64.5 2
64.6 1
64.7 2
64.8 2
64.9 2
65 0
65.1 2
65.2 0
65.3 0
65.4 1
65.5 3
65.6 0
65.7 3
65.8 2
65.9 1
66 0
66.1 2
66.2 0
66.3 0
66.4 0
66.5 2
66.6 0
66.7 9
66.8 3
66.9 3
67 1
67.1 1
67.2 0
67.3 0
67.4 2
67.5 1
67.6 1
67.7 2
67.8 0
67.9 1
68 7
68.1 5
68.2 1
68.3 1
68.4 2
68.5 0
68.6 1
68.7 2
68.8 2
68.9 1
69 1
69.1 4
69.2 2
69.3 5
69.4 2
69.5 3
69.6 6
69.7 2
69.8 3
69.9 0
70 4
70.1 8
70.2 4
70.3 2
70.4 2
70.5 1
70.6 2
70.7 6
70.8 9
70.9 7
71 1
71.1 0
71.2 1
71.3 3
71.4 2
71.5 0
71.6 2
71.7 4
71.8 5
71.9 3
72 3
72.1 4
72.2 2
72.3 2
72.4 5
72.5 1
72.6 4
72.7 2
72.8 4
72.9 5
73 3
73.1 4
73.2 4
73.3 3
73.4 1
73.5 4
73.6 4
73.7 7
73.8 12
73.9 17
74 11
74.1 10
74.2 10
74.3 8
74.4 6
74.5 4
74.6 6
74.7 2
74.8 2
74.9 2
75 1
75.1 4
75.2 8
75.3 11
75.4 6
75.5 9
75.6 3
75.7 4
75.8 7
75.9 8
76 6
76.1 0
76.2 1
76.3 1
76.4 9
76.5 4
76.6 6
76.7 9
76.8 26
76.9 24
77 27
77.1 32
77.2 66
77.3 89
77.4 142
77.5 159
77.6 201
77.7 227
77.8 267
77.9 324
78 407
78.1 492
78.2 490
78.3 524
78.4 594
78.5 683
78.6 738
78.7 801
78.8 826
78.9 853
79 890
79.1 936
79.2 939
79.3 923
79.4 910
79.5 892
79.6 935
79.7 966
79.8 999
79.9 1027
80 1062
80.1 1086
80.2 1085
80.3 1068
80.4 1066
80.5 1102
80.6 1142
80.7 1151
80.8 1161
80.9 1163
81 1150
81.1 1134
81.2 1093
81.3 1066
81.4 1069
81.5 1036
81.6 973
81.7 927
81.8 909
81.9 959
82 1023
82.1 996
82.2 1019
82.3 1046
82.4 1006
82.5 910
82.6 821
82.7 754
82.8 646
82.9 577
83 437
83.1 373
83.2 279
83.3 193
83.4 122
83.5 50
83.6 17
83.7 10
83.8 17
83.9 11
84 7
84.1 2
84.2 2
84.3 1
84.4 0
84.5 4
84.6 3
84.7 3
84.8 2
84.9 3
85 1
85.1 3
85.2 2
85.3 2
85.4 1
85.5 1
85.6 5
85.7 1
85.8 0
85.9 3
86 0
86.1 0
86.2 2
86.3 1
86.4 9
86.5 2
86.6 2
86.7 2
86.8 1
86.9 0
87 0
87.1 0
87.2 1
87.3 2
87.4 3
87.5 2
87.6 2
87.7 2
87.8 3
87.9 0
88 1
88.1 1
88.2 0
88.3 5
88.4 1
88.5 0
88.6 3
88.7 2
88.8 0
88.9 3
89 1
89.1 5
89.2 1
89.3 2
89.4 3
89.5 1
89.6 3
89.7 4
89.8 2
89.9 0
90 1
90.1 3
90.2 3
90.3 4
90.4 1
90.5 3
90.6 2
90.7 4
90.8 7
90.9 3
91 0
91.1 4
91.2 2
91.3 1
91.4 5
91.5 1
91.6 1
91.7 4
91.8 0
91.9 0
92 0
92.1 4
92.2 1
92.3 0
92.4 5
92.5 5
92.6 4
92.7 3
92.8 4
92.9 3
93 2
93.1 4
93.2 3
93.3 5
93.4 7
93.5 2
93.6 2
93.7 6
93.8 4
93.9 3
94 7
94.1 8
94.2 2
94.3 9
94.4 3
94.5 9
94.6 4
94.7 1
94.8 1
94.9 1
95 4
95.1 3
95.2 4
95.3 2
95.4 1
95.5 5
95.6 2
95.7 4
95.8 4
95.9 2
96 6
96.1 10
96.2 12
96.3 4
96.4 6
96.5 6
96.6 3
96.7 0
96.8 5
96.9 4
97 7
97.1 7
97.2 5
97.3 14
97.4 18
97.5 30
97.6 40
97.7 52
97.8 83
97.9 147
98 201
98.1 276
98.2 403
98.3 540
98.4 626
98.5 759
98.6 876
98.7 968
98.8 1046
98.9 1061
99 1085
99.1 1135
99.2 1188
99.3 1206
99.4 1229
99.5 1259
99.6 1317
99.7 1387
99.8 1403
99.9 1427
100 1483
100.1 1442
100.2 1467
100.3 1512
100.4 1566
100.5 1574
100.6 1538
100.7 1496
100.8 1515
100.9 1528
101 1507
101.1 1486
101.2 1504
101.3 1454
101.4 1422
101.5 1399
101.6 1361
101.7 1383
101.8 1361
101.9 1302
102 1241
102.1 1181
102.2 1155
102.3 1073
102.4 1037
102.5 959
102.6 918
102.7 861
102.8 792
102.9 713
103 701
103.1 660
103.2 570
103.3 482
103.4 420
103.5 375
103.6 310
103.7 285
103.8 227
103.9 156
104 131
104.1 130
104.2 108
104.3 68
104.4 39
104.5 18
104.6 7
104.7 5
104.8 3
104.9 3
105 4
105.1 2
105.2 7
105.3 2
105.4 2
105.5 3
105.6 1
105.7 0
105.8 1
105.9 1
106 1
106.1 0
106.2 0
106.3 0
106.4 1
106.5 3
106.6 2
106.7 0
106.8 2
106.9 1
107 0
107.1 2
107.2 1
107.3 1
107.4 1
107.5 2
107.6 0
107.7 5
107.8 2
107.9 0
108 1
108.1 0
108.2 0
108.3 0
108.4 2
108.5 0
108.6 3
108.7 1
108.8 0
108.9 2
109 1
109.1 2
109.2 2
109.3 1
109.4 2
109.5 0
109.6 1
109.7 1
109.8 0
109.9 2
110 2
110.1 0
110.2 0
110.3 0
110.4 0
110.5 4
110.6 0
110.7 1
110.8 1
110.9 0
111 0
111.1 3
111.2 1
111.3 0
111.4 6
111.5 1
111.6 7
111.7 4
111.8 5
111.9 2
112 4
112.1 7
112.2 2
112.3 4
112.4 5
112.5 4
112.6 7
112.7 4
112.8 3
112.9 1
113 2
113.1 2
113.2 3
113.3 0
113.4 3
113.5 3
113.6 2
113.7 6
113.8 4
113.9 6
114 4
114.1 0
114.2 6
114.3 5
114.4 0
114.5 1
114.6 1
114.7 1
114.8 11
114.9 5
115 5
115.1 2
115.2 2
115.3 2
115.4 0
115.5 2
115.6 2
115.7 7
115.8 4
115.9 4
116 4
116.1 1
116.2 2
116.3 1
116.4 4
116.5 1
116.6 3
116.7 5
116.8 3
116.9 3
117 1
117.1 6
117.2 8
117.3 3
117.4 4
117.5 5
117.6 12
117.7 19
117.8 15
117.9 11
118 8
118.1 10
118.2 11
118.3 10
118.4 2
118.5 2
118.6 11
118.7 5
118.8 1
118.9 5
119 3
119.1 5
119.2 3
119.3 8
119.4 13
119.5 4
119.6 1
119.7 1
119.8 2
119.9 4
120 3
120.1 3
120.2 4
120.3 4
120.4 4
120.5 6
120.6 35
120.7 49
120.8 50
120.9 46
121 23
121.1 16
121.2 12
121.3 15
121.4 84
121.5 116
121.6 192
121.7 288
121.8 331
121.9 388
122 457
122.1 532
122.2 609
122.3 670
122.4 761
122.5 838
122.6 928
122.7 952
122.8 956
122.9 953
123 1000
123.1 1013
123.2 1094
123.3 1195
123.4 1289
123.5 1318
123.6 1291
123.7 1298
123.8 1299
123.9 1374
124 1401
124.1 1359
124.2 1359
124.3 1371
124.4 1407
124.5 1402
124.6 1395
124.7 1372
124.8 1305
124.9 1229
125 1174
125.1 1211
125.2 1272
125.3 1224
125.4 1195
125.5 1152
125.6 1186
125.7 1182
125.8 1173
125.9 1146
126 1149
126.1 1049
126.2 994
126.3 935
126.4 826
126.5 768
126.6 762
126.7 705
126.8 712
126.9 728
127 725
127.1 708
127.2 635
127.3 599
127.4 553
127.5 464
127.6 448
127.7 392
127.8 303
127.9 199
128 117
128.1 90
128.2 34
128.3 39
128.4 11
128.5 6
128.6 4
128.7 2
128.8 2
128.9 2
129 3
129.1 0
129.2 1
129.3 1
129.4 2
129.5 2
129.6 1
129.7 1
129.8 7
129.9 5
130 1
130.1 1
130.2 1
130.3 0
130.4 0
130.5 3
130.6 2
130.7 1
130.8 1
130.9 0
131 1
131.1 0
131.2 0
131.3 1
131.4 1
131.5 1
131.6 2
131.7 2
131.8 3
131.9 1
132 1
132.1 1
132.2 0
132.3 2
132.4 2
132.5 1
132.6 1
132.7 6
132.8 3
132.9 4
133 1
133.1 2
133.2 0
133.3 4
133.4 2
133.5 1
133.6 4
133.7 0
133.8 1
133.9 2
134 2
134.1 1
134.2 2
134.3 3
134.4 2
134.5 0
134.6 1
134.7 0
134.8 1
134.9 2
135 3
135.1 1
135.2 1
135.3 8
135.4 5
135.5 5
135.6 1
135.7 1
135.8 1
135.9 1
136 7
136.1 8
136.2 1
136.3 5
136.4 3
136.5 0
136.6 3
136.7 1
136.8 3
136.9 2
137 4
137.1 1
137.2 0
137.3 0
137.4 1
137.5 1
137.6 0
137.7 0
137.8 3
137.9 5
138 3
138.1 1
138.2 4
138.3 10
138.4 3
138.5 0
138.6 5
138.7 4
138.8 4
138.9 4
139 4
139.1 9
139.2 13
139.3 5
139.4 5
139.5 7
139.6 10
139.7 5
139.8 7
139.9 10
140 8
140.1 8
140.2 7
140.3 2
140.4 5
140.5 7
140.6 28
140.7 31
140.8 17
140.9 10
141 10
141.1 10
141.2 5
141.3 31
141.4 30
141.5 28
141.6 24
141.7 50
141.8 71
141.9 123
142 169
142.1 272
142.2 303
142.3 399
142.4 420
142.5 481
142.6 541
142.7 615
142.8 698
142.9 803
143 961
143.1 1025
143.2 1127
143.3 1084
143.4 1070
143.5 1073
143.6 1044
143.7 1048
143.8 1106
143.9 1138
144 1110
144.1 1148
144.2 1106
144.3 1074
144.4 1037
144.5 1018
144.6 977
144.7 893
144.8 818
144.9 814
145 825
145.1 835
145.2 848
145.3 856
145.4 862
145.5 854
145.6 843
145.7 758
145.8 726
145.9 747
146 713
146.1 644
146.2 553
146.3 513
146.4 419
146.5 393
146.6 333
146.7 248
146.8 156
146.9 69
147 21
147.1 0
147.2 5
147.3 4
147.4 9
147.5 2
147.6 7
147.7 1
147.8 2
147.9 4
148 2
148.1 1
148.2 4
148.3 3
148.4 1
148.5 0
148.6 1
148.7 0
148.8 1
148.9 1
149 0
149.1 0
149.2 0
149.3 3
149.4 2
149.5 0
149.6 3
149.7 2
149.8 0
149.9 0
150 0
150.1 0
150.2 2
150.3 3
150.4 4
150.5 1
150.6 2
150.7 1
150.8 1
150.9 2
151 1
151.1 4
151.2 1
151.3 0
151.4 0
151.5 2
151.6 3
151.7 2
151.8 6
151.9 2
152 7
152.1 0
152.2 2
152.3 1
152.4 2
152.5 4
152.6 3
152.7 1
152.8 1
152.9 1
153 3
153.1 4
153.2 6
153.3 2
153.4 5
153.5 1
153.6 6
153.7 4
153.8 1
153.9 5
154 6
154.1 2
154.2 6
154.3 5
154.4 8
154.5 7
154.6 5
154.7 6
154.8 6
154.9 8
155 5
155.1 5
155.2 1
155.3 1
155.4 3
155.5 7
155.6 2
155.7 1
155.8 4
155.9 7
156 7
156.1 4
156.2 0
156.3 1
156.4 2
156.5 0
156.6 0
156.7 0
156.8 12
156.9 8
157 2
157.1 12
157.2 2
157.3 8
157.4 9
157.5 5
157.6 6
157.7 3
157.8 5
157.9 8
158 8
158.1 7
158.2 7
158.3 3
158.4 9
158.5 14
158.6 9
158.7 11
158.8 13
158.9 13
159 10
159.1 11
159.2 2
159.3 4
159.4 10
159.5 23
159.6 45
159.7 36
159.8 23
159.9 9
160 62
160.1 62
160.2 104
160.3 94
160.4 187
160.5 246
160.6 233
160.7 265
160.8 332
160.9 438
161 573
161.1 714
161.2 820
161.3 893
161.4 871
161.5 816
161.6 828
161.7 866
161.8 890
161.9 934
162 953
162.1 1007
162.2 997
162.3 967
162.4 916
162.5 935
162.6 930
162.7 957
162.8 970
162.9 960
163 997
163.1 982
163.2 1015
163.3 958
163.4 845
163.5 807
163.6 799
163.7 725
163.8 668
163.9 682
164 643
164.1 654
164.2 666
164.3 709
164.4 777
164.5 711
164.6 717
164.7 630
164.8 609
164.9 608
165 703
165.1 648
165.2 541
165.3 512
165.4 464
165.5 400
165.6 370
165.7 284
165.8 255
165.9 214
166 182
166.1 147
166.2 79
166.3 103
166.4 128
166.5 86
166.6 36
166.7 15
166.8 12
166.9 6
167 0
167.1 2
167.2 0
167.3 4
167.4 3
167.5 3
167.6 2
167.7 3
167.8 0
167.9 4
168 2
168.1 0
168.2 0
168.3 1
168.4 1
168.5 1
168.6 0
168.7 2
168.8 0
168.9 2
169 1
169.1 0
169.2 0
169.3 0
169.4 1
169.5 0
169.6 2
169.7 0
169.8 1
169.9 1
170 0
170.1 0
170.2 5
170.3 3
170.4 1
170.5 0
170.6 1
170.7 0
170.8 0
170.9 4
171 0
171.1 1
171.2 5
171.3 3
171.4 0
171.5 0
171.6 2
171.7 1
171.8 1
171.9 0
172 3
172.1 4
172.2 4
172.3 4
172.4 0
172.5 0
172.6 0
172.7 5
172.8 3
172.9 4
173 3
173.1 1
173.2 0
173.3 2
173.4 4
173.5 0
173.6 0
173.7 3
173.8 5
173.9 4
174 1
174.1 1
174.2 2
174.3 4
174.4 2
174.5 18
174.6 10
174.7 5
174.8 9
174.9 8
175 6
175.1 4
175.2 0
175.3 0
175.4 4
175.5 0
175.6 1
175.7 1
175.8 5
175.9 0
176 3
176.1 3
176.2 3
176.3 3
176.4 0
176.5 3
176.6 4
176.7 1
176.8 2
176.9 2
177 5
177.1 1
177.2 2
177.3 0
177.4 2
177.5 6
177.6 2
177.7 3
177.8 7
177.9 5
178 3
178.1 1
178.2 0
178.3 6
178.4 3
178.5 3
178.6 6
178.7 2
178.8 6
178.9 4
179 4
179.1 7
179.2 5
179.3 7
179.4 13
179.5 3
179.6 3
179.7 8
179.8 3
179.9 1
180 4
180.1 8
180.2 7
180.3 7
180.4 12
180.5 11
180.6 20
180.7 28
180.8 33
180.9 49
181 85
181.1 158
181.2 211
181.3 262
181.4 291
181.5 424
181.6 513
181.7 603
181.8 652
181.9 742
182 817
182.1 822
182.2 778
182.3 786
182.4 806
182.5 832
182.6 849
182.7 910
182.8 927
182.9 982
183 1007
183.1 1004
183.2 977
183.3 1001
183.4 1004
183.5 1017
183.6 1059
183.7 1072
183.8 1121
183.9 1142
184 1137
184.1 1112
184.2 1081
184.3 1038
184.4 985
184.5 990
184.6 984
184.7 992
184.8 971
184.9 941
185 882
185.1 772
185.2 715
185.3 650
185.4 598
185.5 602
185.6 555
185.7 496
185.8 412
185.9 362
186 304
186.1 241
186.2 200
186.3 130
186.4 78
186.5 37
186.6 30
186.7 8
186.8 9
186.9 7
187 5
187.1 1
187.2 2
187.3 2
187.4 2
187.5 2
187.6 0
187.7 0
187.8 3
187.9 1
188 2
188.1 2
188.2 1
188.3 1
188.4 3
188.5 1
188.6 1
188.7 1
188.8 0
188.9 2
189 1
189.1 3
189.2 1
189.3 0
189.4 0
189.5 6
189.6 2
189.7 0
189.8 3
189.9 0
190 2
190.1 3
190.2 3
190.3 1
190.4 5
190.5 1
190.6 1
190.7 0
190.8 1
190.9 2
191 2
191.1 2
191.2 2
191.3 1
191.4 3
191.5 6
191.6 0
191.7 2
191.8 5
191.9 1
192 1
192.1 0
192.2 2
192.3 1
192.4 1
192.5 0
192.6 4
192.7 2
192.8 2
192.9 0
193 2
193.1 0
193.2 0
193.3 0
193.4 4
193.5 1
193.6 1
193.7 1
193.8 0
193.9 0
194 3
194.1 1
194.2 4
194.3 3
194.4 1
194.5 0
194.6 1
194.7 4
194.8 8
194.9 1
195 1
195.1 7
195.2 10
195.3 6
195.4 10
195.5 7
195.6 2
195.7 9
195.8 3
195.9 1
196 6
196.1 2
196.2 4
196.3 1
196.4 7
196.5 4
196.6 4
196.7 10
196.8 7
196.9 7
197 7
197.1 11
197.2 5
197.3 13
197.4 6
197.5 14
197.6 17
197.7 10
197.8 9
197.9 17
198 26
198.1 16
198.2 7
198.3 10
198.4 20
198.5 13
198.6 3
198.7 7
198.8 10
198.9 5
199 5
199.1 9
199.2 5
199.3 7
199.4 14
199.5 14
199.6 5
199.7 13
199.8 3
199.9 9
200 14
