0 0
0.1 0
0.2 0
0.3 1
0.4 1
0.5 1
0.6 3
0.7 3
0.8 4
0.9 7
1 11
1.1 12
1.2 14
1.3 19
1.4 20
1.5 20
1.6 23
1.7 24
1.8 31
1.9 29
2 31
2.1 39
2.2 38
2.3 38
2.4 40
2.5 40
2.6 40
2.7 43
2.8 45
2.9 46
3 47
3.1 47
3.2 52
3.3 54
3.4 59
3.5 58
3.6 66
3.7 69
3.8 68
3.9 69
4 66
4.1 66
4.2 64
4.3 61
4.4 61
4.5 61
4.6 63
4.7 62
4.8 64
4.9 67
5 67
5.1 69
5.2 65
5.3 65
5.4 64
5.5 66
5.6 68
5.7 68
5.8 69
5.9 66
6 66
6.1 61
6.2 56
6.3 55
6.4 54
6.5 55
6.6 53
6.7 55
6.8 52
6.9 54
7 57
7.1 62
7.2 56
7.3 60
7.4 57
7.5 55
7.6 52
7.7 51
7.8 51
7.9 49
8 47
8.1 43
8.2 40
8.3 38
8.4 37
8.5 34
8.6 33
8.7 30
8.8 29
8.9 28
9 25
9.1 23
9.2 22
9.3 22
9.4 21
9.5 19
9.6 18
9.7 16
9.8 16
9.9 16
10 16
10.1 17
10.2 17
10.3 17
10.4 15
10.5 15
10.6 15
10.7 15
10.8 15
10.9 12
11 12
11.1 12
11.2 11
11.3 10
11.4 9
11.5 9
11.6 9
11.7 9
11.8 7
11.9 7
12 7
12.1 7
12.2 7
12.3 7
12.4 7
12.5 7
12.6 7
12.7 7
12.8 5
12.9 4
13 4
13.1 4
13.2 4
13.3 4
13.4 4
13.5 4
13.6 4
13.7 3
13.8 3
13.9 2
14 2
14.1 2
14.2 2
14.3 2
14.4 2
14.5 2
14.6 2
14.7 2
14.8 2
14.9 2
15 2
15.1 2
15.2 1
15.3 1
15.4 1
15.5 1
15.6 1
15.7 1
15.8 1
15.9 1
16 1
16.1 1
16.2 1
16.3 1
16.4 1
16.5 1
16.6 1
16.7 1
16.8 1
16.9 1
17 3
17.1 4
17.2 4
17.3 3
17.4 3
17.5 3
17.6 3
17.7 3
17.8 3
17.9 2
18 1
18.1 1
18.2 1
18.3 1
18.4 1
18.5 1
18.6 2
18.7 2
18.8 2
18.9 2
19 1
19.1 1
19.2 1
19.3 1
19.4 0
19.5 0
19.6 0
19.7 0
19.8 0
19.9 0
20 0
20.1 0
20.2 1
20.3 2
20.4 4
20.5 8
20.6 14
20.7 16
20.8 14
20.9 16
21 18
21.1 20
21.2 22
21.3 20
21.4 22
21.5 27
21.6 26
21.7 31
21.8 35
21.9 35
22 37
22.1 41
22.2 42
22.3 45
22.4 44
22.5 46
22.6 49
22.7 46
22.8 45
22.9 47
23 46
23.1 45
23.2 52
23.3 46
23.4 49
23.5 48
23.6 48
23.7 49
23.8 54
23.9 53
24 50
24.1 53
24.2 57
24.3 52
24.4 55
24.5 55
24.6 57
24.7 59
24.8 56
24.9 56
25 56
25.1 57
25.2 56
25.3 57
25.4 55
25.5 50
25.6 51
25.7 51
25.8 42
25.9 43
26 41
26.1 38
26.2 34
26.3 33
26.4 32
26.5 31
26.6 29
26.7 28
26.8 26
26.9 23
27 23
27.1 22
27.2 21
27.3 19
27.4 17
27.5 16
27.6 16
27.7 15
27.8 15
27.9 15
28 15
28.1 13
28.2 13
28.3 13
28.4 13
28.5 14
28.6 14
28.7 12
28.8 11
28.9 7
29 7
29.1 7
29.2 7
29.3 5
29.4 5
29.5 5
29.6 4
29.7 4
29.8 4
29.9 4
30 4
30.1 3
30.2 3
30.3 3
30.4 3
30.5 3
30.6 3
30.7 3
30.8 3
30.9 3
31 3
31.1 3
31.2 3
31.3 3
31.4 3
31.5 2
31.6 2
31.7 2
31.8 2
31.9 1
32 1
32.1 1
32.2 1
32.3 1
32.4 1
32.5 1
32.6 1
32.7 1
32.8 1
32.9 1
33 1
33.1 1
33.2 1
33.3 1
33.4 1
33.5 0
33.6 0
33.7 0
33.8 0
33.9 0
34 0
34.1 0
34.2 0
34.3 0
34.4 0
34.5 0
34.6 0
34.7 0
34.8 0
34.9 0
35 0
35.1 0
35.2 0
35.3 0
35.4 0
35.5 0
35.6 0
35.7 0
35.8 0
35.9 0
36 0
36.1 0
36.2 0
36.3 0
36.4 0
36.5 0
36.6 0
36.7 0
36.8 0
36.9 0
37 0
37.1 0
37.2 0
37.3 0
37.4 0
37.5 0
37.6 0
37.7 0
37.8 0
37.9 0
38 0
38.1 0
38.2 0
38.3 0
38.4 0
38.5 0
38.6 0
38.7 0
38.8 0
38.9 0
39 0
39.1 0
39.2 0
39.3 1
39.4 1
39.5 1
39.6 1
39.7 1
39.8 1
39.9 1
40 1
40.1 1
40.2 1
40.3 1
40.4 1
40.5 0
40.6 0
40.7 0
40.8 0
40.9 0
41 0
41.1 1
41.2 1
41.3 2
41.4 5
41.5 5
41.6 5
41.7 5
41.8 8
41.9 10
42 13
42.1 13
42.2 18
42.3 18
42.4 19
42.5 25
42.6 27
42.7 30
42.8 30
42.9 33
43 43
43.1 45
43.2 46
43.3 47
43.4 45
43.5 45
43.6 41
43.7 44
43.8 45
43.9 46
44 45
44.1 43
44.2 36
44.3 40
44.4 40
44.5 39
44.6 39
44.7 40
44.8 39
44.9 41
45 45
45.1 45
45.2 45
45.3 53
45.4 50
45.5 49
45.6 58
45.7 57
45.8 54
45.9 51
46 55
46.1 56
46.2 56
46.3 56
46.4 54
46.5 54
46.6 51
46.7 47
46.8 47
46.9 51
47 54
47.1 52
47.2 56
47.3 56
47.4 53
47.5 53
47.6 56
47.7 55
47.8 51
47.9 49
48 47
48.1 43
48.2 43
48.3 42
48.4 40
48.5 38
48.6 37
48.7 37
48.8 34
48.9 33
49 30
49.1 29
49.2 26
49.3 24
49.4 22
49.5 20
49.6 17
49.7 16
49.8 15
49.9 15
50 13
50.1 10
50.2 10
50.3 9
50.4 8
50.5 6
50.6 6
50.7 6
50.8 6
50.9 6
51 6
51.1 6
51.2 6
51.3 6
51.4 6
51.5 6
51.6 6
51.7 6
51.8 5
51.9 5
52 5
52.1 5
52.2 5
52.3 5
52.4 4
52.5 3
52.6 3
52.7 2
52.8 2
52.9 2
53 2
53.1 2
53.2 2
53.3 2
53.4 2
53.5 2
53.6 2
53.7 2
53.8 2
53.9 2
54 2
54.1 2
54.2 2
54.3 2
54.4 2
54.5 2
54.6 1
54.7 1
54.8 1
54.9 1
55 1
55.1 1
55.2 1
55.3 1
55.4 1
55.5 2
55.6 2
55.7 2
55.8 2
55.9 2
56 2
56.1 2
56.2 2
56.3 2
56.4 2
56.5 4
56.6 3
56.7 3
56.8 3
56.9 3
57 3
57.1 3
57.2 2
57.3 2
57.4 2
57.5 2
57.6 2
57.7 2
57.8 2
57.9 2
58 2
58.1 1
58.2 1
58.3 1
58.4 1
58.5 1
58.6 1
58.7 1
58.8 1
58.9 1
59 1
59.1 1
59.2 1
59.3 1
59.4 1
59.5 1
59.6 1
59.7 1
59.8 1
59.9 1
60 1
60.1 1
60.2 2
60.3 4
60.4 7
60.5 8
60.6 9
60.7 10
60.8 10
60.9 10
61 10
61.1 13
61.2 14
61.3 16
61.4 18
61.5 20
61.6 27
61.7 32
61.8 38
61.9 36
62 40
62.1 41
62.2 47
62.3 50
62.4 47
62.5 48
62.6 46
62.7 43
62.8 50
62.9 54
63 52
63.1 55
63.2 54
63.3 57
63.4 59
63.5 61
63.6 58
63.7 59
63.8 57
63.9 59
64 58
64.1 58
64.2 60
64.3 60
64.4 62
64.5 60
64.6 56
64.7 54
64.8 54
64.9 59
65 59
65.1 60
65.2 63
65.3 60
65.4 58
65.5 56
65.6 54
65.7 55
65.8 53
65.9 55
66 56
66.1 58
66.2 54
66.3 51
66.4 46
66.5 46
66.6 46
66.7 46
66.8 43
66.9 42
67 41
67.1 40
67.2 36
67.3 35
67.4 33
67.5 31
67.6 30
67.7 27
67.8 26
67.9 24
68 24
68.1 22
68.2 22
68.3 22
68.4 22
68.5 23
68.6 23
68.7 22
68.8 21
68.9 20
69 20
69.1 18
69.2 17
69.3 16
69.4 16
69.5 16
69.6 16
69.7 16
69.8 15
69.9 15
70 14
70.1 14
70.2 14
70.3 14
70.4 14
70.5 14
70.6 13
70.7 13
70.8 13
70.9 13
71 12
71.1 12
71.2 12
71.3 11
71.4 10
71.5 10
71.6 10
71.7 10
71.8 10
71.9 10
72 9
72.1 9
72.2 9
72.3 8
72.4 8
72.5 8
72.6 7
72.7 7
72.8 7
72.9 7
73 6
73.1 5
73.2 4
73.3 3
73.4 3
73.5 3
73.6 3
73.7 3
73.8 3
73.9 2
74 2
74.1 2
74.2 2
74.3 2
74.4 2
74.5 2
74.6 2
74.7 2
74.8 1
74.9 1
75 1
75.1 1
75.2 1
75.3 1
75.4 1
75.5 1
75.6 1
75.7 1
75.8 1
75.9 1
76 1
76.1 1
76.2 1
76.3 1
76.4 1
76.5 1
76.6 1
76.7 1
76.8 1
76.9 1
77 1
77.1 1
77.2 1
77.3 1
77.4 1
77.5 1
77.6 1
77.7 1
77.8 1
77.9 1
78 1
78.1 1
78.2 1
78.3 5
78.4 5
78.5 4
78.6 4
78.7 4
78.8 4
78.9 3
79 3
79.1 2
79.2 2
79.3 2
79.4 2
79.5 1
79.6 1
79.7 1
79.8 1
79.9 4
80 4
80.1 4
80.2 3
80.3 3
80.4 3
80.5 2
80.6 2
80.7 1
80.8 1
80.9 1
81 1
81.1 2
81.2 0
81.3 0
81.4 0
81.5 0
81.6 0
81.7 0
81.8 0
81.9 0
82 0
82.1 0
82.2 0
82.3 0
82.4 0
82.5 1
82.6 1
82.7 2
82.8 3
82.9 7
83 8
83.1 11
83.2 11
83.3 16
83.4 15
83.5 19
83.6 21
83.7 21
83.8 24
83.9 27
84 30
84.1 30
84.2 29
84.3 33
84.4 37
84.5 39
84.6 41
84.7 45
84.8 44
84.9 46
85 50
85.1 53
85.2 55
85.3 54
85.4 50
85.5 52
85.6 54
85.7 57
85.8 59
85.9 59
86 58
86.1 61
86.2 62
86.3 63
86.4 63
86.5 63
86.6 63
86.7 62
86.8 62
86.9 66
87 65
87.1 61
87.2 58
87.3 62
87.4 59
87.5 57
87.6 55
87.7 53
87.8 50
87.9 47
88 45
88.1 44
88.2 43
88.3 43
88.4 42
88.5 40
88.6 40
88.7 35
88.8 32
88.9 30
89 29
89.1 28
89.2 26
89.3 23
89.4 21
89.5 21
89.6 21
89.7 21
89.8 20
89.9 20
90 19
90.1 16
90.2 15
90.3 10
90.4 9
90.5 9
90.6 11
90.7 11
90.8 10
90.9 9
91 8
91.1 8
91.2 8
91.3 8
91.4 8
91.5 8
91.6 8
91.7 8
91.8 8
91.9 7
92 7
92.1 6
92.2 6
92.3 6
92.4 6
92.5 6
92.6 6
92.7 6
92.8 6
92.9 5
93 4
93.1 4
93.2 4
93.3 4
93.4 4
93.5 4
93.6 4
93.7 3
93.8 3
93.9 3
94 3
94.1 3
94.2 3
94.3 2
94.4 2
94.5 2
94.6 2
94.7 2
94.8 2
94.9 2
95 2
95.1 2
95.2 2
95.3 1
95.4 1
95.5 1
95.6 1
95.7 1
95.8 1
95.9 1
96 1
96.1 1
96.2 1
96.3 1
96.4 1
96.5 0
96.6 0
96.7 0
96.8 0
96.9 0
97 0
97.1 0
97.2 0
97.3 0
97.4 0
97.5 0
97.6 0
97.7 0
97.8 0
97.9 0
98 0
98.1 0
98.2 0
98.3 0
98.4 0
98.5 0
98.6 0
98.7 0
98.8 0
98.9 0
99 0
99.1 0
99.2 0
99.3 0
99.4 0
99.5 0
99.6 0
99.7 0
99.8 0
99.9 0
100 0
100.1 0
100.2 0
100.3 0
100.4 0
100.5 0
100.6 0
100.7 0
100.8 0
100.9 0
101 2
101.1 2
101.2 4
101.3 7
101.4 7
101.5 8
101.6 11
101.7 11
101.8 11
101.9 14
102 16
102.1 18
102.2 21
102.3 26
102.4 29
102.5 28
102.6 29
102.7 33
102.8 37
102.9 36
103 40
103.1 45
103.2 50
103.3 47
103.4 48
103.5 47
103.6 50
103.7 50
103.8 54
103.9 53
104 50
104.1 52
104.2 53
104.3 53
104.4 57
104.5 57
104.6 59
104.7 57
104.8 55
104.9 55
105 55
105.1 56
105.2 56
105.3 58
105.4 63
105.5 61
105.6 61
105.7 64
105.8 62
105.9 59
106 54
106.1 51
106.2 50
106.3 49
106.4 47
106.5 47
106.6 45
106.7 41
106.8 36
106.9 36
107 33
107.1 32
107.2 30
107.3 29
107.4 27
107.5 25
107.6 25
107.7 23
107.8 22
107.9 21
108 21
108.1 20
108.2 20
108.3 19
108.4 18
108.5 17
108.6 18
108.7 18
108.8 18
108.9 18
109 17
109.1 17
109.2 16
109.3 15
109.4 14
109.5 14
109.6 14
109.7 13
109.8 12
109.9 12
110 11
110.1 11
110.2 9
110.3 9
110.4 9
110.5 8
110.6 8
110.7 8
110.8 7
110.9 7
111 7
111.1 7
111.2 7
111.3 6
111.4 6
111.5 6
111.6 6
111.7 5
111.8 5
111.9 5
112 5
112.1 5
112.2 5
112.3 4
112.4 4
112.5 4
112.6 4
112.7 3
112.8 3
112.9 3
113 2
113.1 1
113.2 1
113.3 1
113.4 1
113.5 1
113.6 1
113.7 1
113.8 1
113.9 1
114 1
114.1 0
114.2 1
114.3 1
114.4 1
114.5 1
114.6 1
114.7 1
114.8 1
114.9 1
115 1
115.1 1
115.2 1
115.3 1
115.4 1
115.5 1
115.6 1
115.7 1
115.8 1
115.9 1
116 1
116.1 1
116.2 1
116.3 1
116.4 1
116.5 1
116.6 1
116.7 1
116.8 1
116.9 1
117 1
117.1 1
117.2 1
117.3 1
117.4 1
117.5 1
117.6 1
117.7 1
117.8 1
117.9 1
118 1
118.1 1
118.2 1
118.3 1
118.4 1
118.5 1
118.6 1
118.7 1
118.8 2
118.9 2
119 2
119.1 2
119.2 2
119.3 2
119.4 1
119.5 1
119.6 1
119.7 1
119.8 4
119.9 4
120 5
120.1 5
120.2 5
120.3 6
120.4 8
120.5 9
120.6 11
120.7 16
120.8 18
120.9 20
121 21
121.1 21
121.2 22
121.3 23
121.4 26
121.5 30
121.6 32
121.7 33
121.8 32
121.9 37
122 35
122.1 40
122.2 40
122.3 41
122.4 42
122.5 43
122.6 43
122.7 44
122.8 47
122.9 50
123 52
123.1 52
123.2 58
123.3 59
123.4 62
123.5 66
123.6 65
123.7 65
123.8 72
123.9 70
124 69
124.1 65
124.2 62
124.3 60
124.4 55
124.5 55
124.6 52
124.7 52
124.8 56
124.9 54
125 51
125.1 49
125.2 50
125.3 47
125.4 49
125.5 46
125.6 44
125.7 44
125.8 41
125.9 40
126 40
126.1 37
126.2 35
126.3 33
126.4 32
126.5 31
126.6 28
126.7 27
126.8 24
126.9 23
127 22
127.1 20
127.2 19
127.3 19
127.4 18
127.5 16
127.6 16
127.7 14
127.8 13
127.9 12
128 12
128.1 12
128.2 11
128.3 11
128.4 10
128.5 9
128.6 8
128.7 8
128.8 8
128.9 8
129 8
129.1 8
129.2 7
129.3 7
129.4 7
129.5 7
129.6 7
129.7 4
129.8 4
129.9 4
130 4
130.1 4
130.2 4
130.3 4
130.4 4
130.5 4
130.6 4
130.7 4
130.8 4
130.9 4
131 4
131.1 4
131.2 4
131.3 3
131.4 3
131.5 3
131.6 3
131.7 3
131.8 3
131.9 3
132 3
132.1 3
132.2 3
132.3 3
132.4 3
132.5 3
132.6 3
132.7 3
132.8 3
132.9 3
133 3
133.1 2
133.2 2
133.3 2
133.4 2
133.5 2
133.6 2
133.7 2
133.8 1
133.9 1
134 1
134.1 1
134.2 1
134.3 1
134.4 1
134.5 1
134.6 1
134.7 1
134.8 1
134.9 1
135 1
135.1 1
135.2 2
135.3 2
135.4 1
135.5 1
135.6 1
135.7 1
135.8 1
135.9 1
136 0
136.1 0
136.2 0
136.3 0
136.4 0
136.5 0
136.6 0
136.7 0
136.8 0
136.9 0
137 0
137.1 0
137.2 2
137.3 2
137.4 2
137.5 2
137.6 2
137.7 1
137.8 1
137.9 1
138 1
138.1 1
138.2 1
138.3 1
138.4 0
138.5 0
138.6 0
138.7 0
138.8 0
138.9 0
139 0
139.1 0
139.2 0
139.3 0
139.4 0
139.5 0
139.6 0
139.7 0
139.8 0
139.9 0
140 0
140.1 0
140.2 0
140.3 0
140.4 0
140.5 0
140.6 0
140.7 0
140.8 0
140.9 0
141 0
141.1 0
141.2 0
141.3 0
141.4 0
141.5 0
141.6 0
141.7 0
141.8 0
141.9 0
142 1
142.1 2
142.2 5
142.3 8
142.4 8
142.5 13
142.6 16
142.7 19
142.8 21
142.9 23
143 30
143.1 36
143.2 41
143.3 45
143.4 45
143.5 50
143.6 55
143.7 54
143.8 57
143.9 58
144 59
144.1 57
144.2 57
144.3 56
144.4 56
144.5 59
144.6 56
144.7 57
144.8 56
144.9 58
145 62
145.1 69
145.2 69
145.3 68
145.4 69
145.5 72
145.6 67
145.7 66
145.8 68
145.9 74
146 78
146.1 78
146.2 78
146.3 77
146.4 76
146.5 77
146.6 77
146.7 77
146.8 75
146.9 75
147 72
147.1 71
147.2 64
147.3 57
147.4 55
147.5 53
147.6 52
147.7 51
147.8 48
147.9 44
148 41
148.1 40
148.2 38
148.3 38
148.4 38
148.5 37
148.6 34
148.7 34
148.8 33
148.9 33
149 31
149.1 29
149.2 24
149.3 23
149.4 23
149.5 23
149.6 21
149.7 20
149.8 19
149.9 18
150 17
150.1 16
150.2 15
150.3 13
150.4 12
150.5 12
150.6 12
150.7 12
150.8 11
150.9 11
151 11
151.1 11
151.2 9
151.3 9
151.4 9
151.5 9
151.6 9
151.7 9
151.8 8
151.9 8
152 8
152.1 8
152.2 8
152.3 8
152.4 8
152.5 7
152.6 7
152.7 7
152.8 7
152.9 7
153 7
153.1 6
153.2 6
153.3 6
153.4 3
153.5 3
153.6 3
153.7 3
153.8 3
153.9 3
154 3
154.1 3
154.2 3
154.3 3
154.4 3
154.5 3
154.6 2
154.7 1
154.8 1
154.9 1
155 1
155.1 1
155.2 1
155.3 1
155.4 1
155.5 1
155.6 1
155.7 1
155.8 0
155.9 0
156 0
156.1 0
156.2 1
156.3 5
156.4 5
156.5 5
156.6 5
156.7 5
156.8 5
156.9 4
157 4
157.1 3
157.2 3
157.3 3
157.4 3
157.5 3
157.6 2
157.7 2
157.8 2
157.9 4
158 6
158.1 10
158.2 10
158.3 11
158.4 14
158.5 19
158.6 21
158.7 21
158.8 24
158.9 27
159 25
159.1 32
159.2 30
159.3 32
159.4 37
159.5 43
159.6 44
159.7 46
159.8 48
159.9 50
160 55
160.1 56
160.2 58
160.3 58
160.4 58
160.5 52
160.6 54
160.7 55
160.8 56
160.9 53
161 52
161.1 48
161.2 47
161.3 44
161.4 45
161.5 48
161.6 51
161.7 54
161.8 55
161.9 52
162 53
162.1 55
162.2 54
162.3 57
162.4 54
162.5 54
162.6 53
162.7 50
162.8 48
162.9 45
163 41
163.1 39
163.2 37
163.3 32
163.4 29
163.5 27
163.6 25
163.7 22
163.8 21
163.9 20
164 19
164.1 18
164.2 16
164.3 16
164.4 15
164.5 11
164.6 11
164.7 11
164.8 11
164.9 10
165 10
165.1 10
165.2 9
165.3 9
165.4 9
165.5 9
165.6 9
165.7 9
165.8 9
165.9 7
166 7
166.1 7
166.2 7
166.3 7
166.4 7
166.5 7
166.6 7
166.7 6
166.8 5
166.9 5
167 5
167.1 4
167.2 4
167.3 4
167.4 4
167.5 4
167.6 4
167.7 4
167.8 3
167.9 3
168 2
168.1 2
168.2 2
168.3 2
168.4 1
168.5 1
168.6 1
168.7 1
168.8 1
168.9 1
169 1
169.1 1
169.2 1
169.3 1
169.4 0
169.5 0
169.6 0
169.7 0
169.8 0
169.9 0
170 0
170.1 0
170.2 0
170.3 0
170.4 0
170.5 0
170.6 0
170.7 0
170.8 0
170.9 0
171 0
171.1 0
171.2 0
171.3 0
171.4 0
171.5 0
171.6 0
171.7 0
171.8 0
171.9 0
172 0
172.1 0
172.2 0
172.3 0
172.4 0
172.5 0
172.6 0
172.7 0
172.8 0
172.9 0
173 0
173.1 0
173.2 0
173.3 0
173.4 0
173.5 0
173.6 0
173.7 0
173.8 0
173.9 0
174 0
174.1 0
174.2 0
174.3 0
174.4 0
174.5 0
174.6 0
174.7 0
174.8 0
174.9 0
175 0
175.1 0
175.2 0
175.3 0
175.4 0
175.5 0
175.6 0
175.7 0
175.8 0
175.9 0
176 0
176.1 0
176.2 0
176.3 0
176.4 0
176.5 0
176.6 0
176.7 0
176.8 0
176.9 0
177 0
177.1 0
177.2 0
177.3 0
177.4 0
177.5 0
177.6 0
177.7 0
177.8 0
177.9 0
178 0
178.1 0
178.2 0
178.3 0
178.4 0
178.5 0
178.6 0
178.7 0
178.8 0
178.9 1
179 1
179.1 1
179.2 1
179.3 1
179.4 3
179.5 6
179.6 8
179.7 8
179.8 10
179.9 10
180 13
180.1 13
180.2 12
180.3 11
180.4 10
180.5 10
180.6 11
180.7 13
180.8 13
180.9 15
181 20
181.1 25
181.2 27
181.3 30
181.4 35
181.5 33
181.6 32
181.7 30
181.8 31
181.9 35
182 39
182.1 40
182.2 46
182.3 46
182.4 48
182.5 53
182.6 56
182.7 54
182.8 55
182.9 61
183 63
183.1 63
183.2 64
183.3 61
183.4 62
183.5 60
183.6 59
183.7 53
183.8 53
183.9 54
184 54
184.1 57
184.2 55
184.3 58
184.4 57
184.5 57
184.6 54
184.7 53
184.8 53
184.9 51
185 51
185.1 48
185.2 50
185.3 49
185.4 47
185.5 42
185.6 41
185.7 37
185.8 34
185.9 33
186 32
186.1 30
186.2 30
186.3 29
186.4 29
186.5 27
186.6 27
186.7 27
186.8 24
186.9 23
187 20
187.1 19
187.2 16
187.3 16
187.4 15
187.5 14
187.6 14
187.7 14
187.8 13
187.9 12
188 11
188.1 10
188.2 10
188.3 8
188.4 7
188.5 6
188.6 6
188.7 6
188.8 6
188.9 6
189 6
189.1 6
189.2 6
189.3 6
189.4 6
189.5 6
189.6 6
189.7 6
189.8 6
189.9 6
190 6
190.1 5
190.2 5
190.3 5
190.4 5
190.5 4
190.6 4
190.7 4
190.8 4
190.9 4
191 4
191.1 4
191.2 3
191.3 3
191.4 3
191.5 3
191.6 3
191.7 3
191.8 3
191.9 3
192 3
192.1 3
192.2 3
192.3 3
192.4 3
192.5 3
192.6 3
192.7 3
192.8 3
192.9 3
193 3
193.1 3
193.2 3
193.3 3
193.4 5
193.5 4
193.6 4
193.7 3
193.8 3
193.9 3
194 3
194.1 3
194.2 3
194.3 3
194.4 3
194.5 3
194.6 3
194.7 3
194.8 3
194.9 3
195 3
195.1 3
195.2 3
195.3 3
195.4 3
195.5 10
195.6 9
195.7 9
195.8 9
195.9 9
196 9
196.1 9
196.2 12
196.3 11
196.4 11
196.5 10
196.6 10
196.7 10
196.8 11
196.9 11
197 10
197.1 10
197.2 8
197.3 7
197.4 6
197.5 6
197.6 6
197.7 6
197.8 5
197.9 5
198 5
198.1 5
198.2 6
198.3 6
198.4 5
198.5 5
198.6 4
198.7 5
198.8 5
198.9 5
199 5
199.1 6
199.2 6
199.3 7
199.4 8
199.5 10
199.6 10
199.7 13
199.8 11
199.9 10
200 11
