0 1
0.1 1
0.2 1
0.3 1
0.4 1
0.5 1
0.6 1
0.7 1
0.8 0
0.9 1
1 1
1.1 1
1.2 0
1.3 0
1.4 0
1.5 0
1.6 1
1.7 0
1.8 0
1.9 0
2 0
2.1 0
2.2 0
2.3 1
2.4 1
2.5 0
2.6 1
2.7 0
2.8 0
2.9 0
3 0
3.1 1
3.2 0
3.3 0
3.4 0
3.5 0
3.6 0
3.7 1
3.8 1
3.9 0
4 1
4.1 1
4.2 1
4.3 0
4.4 0
4.5 0
4.6 0
4.7 1
4.8 0
4.9 1
5 0
5.1 0
5.2 0
5.3 0
5.4 1
5.5 0
5.6 0
5.7 0
5.8 0
5.9 1
6 0
6.1 1
6.2 1
6.3 0
6.4 0
6.5 0
6.6 0
6.7 0
6.8 0
6.9 1
7 0
7.1 1
7.2 0
7.3 1
7.4 1
7.5 1
7.6 1
7.7 1
7.8 1
7.9 1
8 1
8.1 1
8.2 1
8.3 1
8.4 1
8.5 1
8.6 1
8.7 1
8.8 1
8.9 1
9 1
9.1 1
9.2 1
9.3 1
9.4 1
9.5 1
9.6 1
9.7 1
9.8 1
9.9 1
10 0
10.1 1
10.2 1
10.3 1
10.4 1
10.5 1
10.6 1
10.7 1
10.8 1
10.9 1
11 1
11.1 1
11.2 1
11.3 1
11.4 1
11.5 1
11.6 1
11.7 1
11.8 1
11.9 1
12 1
12.1 1
12.2 1
12.3 1
12.4 1
12.5 1
12.6 1
12.7 1
12.8 1
12.9 1
13 1
13.1 1
13.2 1
13.3 1
13.4 1
13.5 1
13.6 1
13.7 1
13.8 1
13.9 1
14 1
14.1 1
14.2 1
14.3 1
14.4 1
14.5 1
14.6 1
14.7 1
14.8 1
14.9 1
15 1
15.1 1
15.2 1
15.3 1
15.4 1
15.5 1
15.6 1
15.7 1
15.8 1
15.9 1
16 1
16.1 1
16.2 1
16.3 1
16.4 1
16.5 1
16.6 1
16.7 1
16.8 1
16.9 1
17 0
17.1 1
17.2 1
17.3 1
17.4 1
17.5 1
17.6 1
17.7 1
17.8 1
17.9 1
18 1
18.1 1
18.2 1
18.3 1
18.4 1
18.5 1
18.6 1
18.7 1
18.8 1
18.9 1
19 1
19.1 1
19.2 1
19.3 1
19.4 1
19.5 1
19.6 1
19.7 1
19.8 1
19.9 1
20 1
20.1 1
20.2 0
20.3 1
20.4 0
20.5 1
20.6 1
20.7 0
20.8 1
20.9 0
21 0
21.1 1
21.2 1
21.3 1
21.4 0
21.5 0
21.6 1
21.7 0
21.8 0
21.9 0
22 1
22.1 0
22.2 0
22.3 0
22.4 0
22.5 0
22.6 1
22.7 0
22.8 1
22.9 0
23 0
23.1 1
23.2 0
23.3 0
23.4 1
23.5 0
23.6 0
23.7 1
23.8 0
23.9 0
24 0
24.1 0
24.2 0
24.3 0
24.4 0
24.5 1
24.6 1
24.7 0
24.8 0
24.9 1
25 1
25.1 0
25.2 1
25.3 0
25.4 1
25.5 0
25.6 1
25.7 0
25.8 0
25.9 1
26 1
26.1 1
26.2 1
26.3 1
26.4 1
26.5 1
26.6 1
26.7 1
26.8 1
26.9 1
27 1
27.1 1
27.2 1
27.3 1
27.4 1
27.5 1
27.6 1
27.7 1
27.8 1
27.9 1
28 1
28.1 1
28.2 1
28.3 1
28.4 1
28.5 0
28.6 1
28.7 1
28.8 1
28.9 1
29 1
29.1 1
29.2 1
29.3 1
29.4 1
29.5 1
29.6 1
29.7 1
29.8 1
29.9 1
30 1
30.1 1
30.2 1
30.3 1
30.4 1
30.5 1
30.6 1
30.7 1
30.8 1
30.9 1
31 1
31.1 1
31.2 1
31.3 1
31.4 1
31.5 1
31.6 1
31.7 1
31.8 1
31.9 1
32 1
32.1 1
32.2 1
32.3 1
32.4 1
32.5 1
32.6 1
32.7 1
32.8 1
32.9 1
33 1
33.1 1
33.2 1
33.3 1
33.4 1
33.5 1
33.6 1
33.7 1
33.8 1
33.9 1
34 1
34.1 1
34.2 1
34.3 1
34.4 1
34.5 1
34.6 1
34.7 1
34.8 1
34.9 1
35 1
35.1 1
35.2 1
35.3 1
35.4 1
35.5 1
35.6 1
35.7 1
35.8 1
35.9 1
36 1
36.1 1
36.2 1
36.3 1
36.4 1
36.5 1
36.6 1
36.7 1
36.8 1
36.9 1
37 1
37.1 1
37.2 1
37.3 1
37.4 1
37.5 1
37.6 1
37.7 1
37.8 1
37.9 1
38 1
38.1 1
38.2 1
38.3 1
38.4 1
38.5 1
38.6 1
38.7 1
38.8 1
38.9 1
39 1
39.1 1
39.2 1
39.3 0
39.4 1
39.5 1
39.6 1
39.7 1
39.8 1
39.9 1
40 1
40.1 1
40.2 1
40.3 1
40.4 1
40.5 1
40.6 1
40.7 1
40.8 1
40.9 1
41 1
41.1 1
41.2 1
41.3 1
41.4 1
41.5 0
41.6 1
41.7 0
41.8 0
41.9 1
42 1
42.1 0
42.2 0
42.3 1
42.4 1
42.5 0
42.6 0
42.7 0
42.8 1
42.9 0
43 0
43.1 0
43.2 0
43.3 0
43.4 0
43.5 0
43.6 0
43.7 0
43.8 1
43.9 1
44 0
44.1 0
44.2 0
44.3 0
44.4 0
44.5 0
44.6 0
44.7 1
44.8 0
44.9 0
45 1
45.1 0
45.2 1
45.3 0
45.4 0
45.5 0
45.6 0
45.7 0
45.8 0
45.9 1
46 0
46.1 1
46.2 0
46.3 0
46.4 1
46.5 0
46.6 1
46.7 0
46.8 0
46.9 0
47 1
47.1 1
47.2 0
47.3 1
47.4 1
47.5 1
47.6 0
47.7 1
47.8 1
47.9 0
48 1
48.1 1
48.2 1
48.3 1
48.4 1
48.5 1
48.6 1
48.7 1
48.8 1
48.9 1
49 1
49.1 1
49.2 1
49.3 1
49.4 1
49.5 1
49.6 1
49.7 1
49.8 1
49.9 1
50 1
50.1 1
50.2 1
50.3 1
50.4 1
50.5 1
50.6 1
50.7 1
50.8 1
50.9 1
51 1
51.1 1
51.2 1
51.3 1
51.4 1
51.5 1
51.6 1
51.7 1
51.8 1
51.9 1
52 1
52.1 1
52.2 1
52.3 1
52.4 1
52.5 1
52.6 1
52.7 1
52.8 1
52.9 1
53 1
53.1 1
53.2 1
53.3 1
53.4 1
53.5 1
53.6 1
53.7 1
53.8 1
53.9 1
54 1
54.1 1
54.2 1
54.3 1
54.4 1
54.5 1
54.6 1
54.7 1
54.8 1
54.9 1
55 1
55.1 1
55.2 1
55.3 1
55.4 1
55.5 1
55.6 1
55.7 1
55.8 1
55.9 1
56 1
56.1 1
56.2 1
56.3 1
56.4 1
56.5 1
56.6 1
56.7 1
56.8 1
56.9 1
57 1
57.1 1
57.2 1
57.3 1
57.4 1
57.5 1
57.6 1
57.7 1
57.8 1
57.9 1
58 1
58.1 1
58.2 1
58.3 1
58.4 1
58.5 1
58.6 1
58.7 1
58.8 1
58.9 1
59 1
59.1 1
59.2 1
59.3 1
59.4 1
59.5 1
59.6 1
59.7 1
59.8 1
59.9 1
60 1
60.1 1
60.2 1
60.3 1
60.4 1
60.5 1
60.6 0
60.7 0
60.8 0
60.9 1
61 0
61.1 1
61.2 0
61.3 1
61.4 0
61.5 0
61.6 0
61.7 0
61.8 1
61.9 0
62 0
62.1 1
62.2 0
62.3 0
62.4 0
62.5 0
62.6 0
62.7 0
62.8 0
62.9 0
63 0
63.1 1
63.2 0
63.3 1
63.4 0
63.5 0
63.6 0
63.7 1
63.8 1
63.9 0
64 0
64.1 1
64.2 0
64.3 0
64.4 0
64.5 0
64.6 0
64.7 1
64.8 0
64.9 0
65 0
65.1 0
65.2 0
65.3 1
65.4 0
65.5 1
65.6 0
65.7 0
65.8 1
65.9 1
66 1
66.1 0
66.2 0
66.3 0
66.4 1
66.5 1
66.6 1
66.7 1
66.8 1
66.9 1
67 1
67.1 1
67.2 1
67.3 1
67.4 1
67.5 1
67.6 1
67.7 1
67.8 1
67.9 1
68 1
68.1 1
68.2 1
68.3 1
68.4 1
68.5 1
68.6 1
68.7 1
68.8 1
68.9 1
69 1
69.1 1
69.2 1
69.3 1
69.4 1
69.5 1
69.6 1
69.7 1
69.8 1
69.9 1
70 1
70.1 1
70.2 1
70.3 1
70.4 1
70.5 1
70.6 1
70.7 1
70.8 1
70.9 1
71 1
71.1 1
71.2 1
71.3 1
71.4 1
71.5 1
71.6 1
71.7 1
71.8 1
71.9 1
72 1
72.1 1
72.2 1
72.3 1
72.4 1
72.5 1
72.6 1
72.7 1
72.8 1
72.9 1
73 1
73.1 1
73.2 1
73.3 1
73.4 1
73.5 1
73.6 1
73.7 1
73.8 1
73.9 1
74 1
74.1 1
74.2 1
74.3 1
74.4 1
74.5 1
74.6 1
74.7 1
74.8 1
74.9 1
75 1
75.1 1
75.2 1
75.3 1
75.4 1
75.5 1
75.6 1
75.7 1
75.8 1
75.9 1
76 1
76.1 1
76.2 1
76.3 1
76.4 1
76.5 1
76.6 1
76.7 1
76.8 1
76.9 1
77 1
77.1 1
77.2 1
77.3 1
77.4 1
77.5 1
77.6 1
77.7 1
77.8 1
77.9 1
78 1
78.1 1
78.2 1
78.3 0
78.4 1
78.5 1
78.6 1
78.7 1
78.8 1
78.9 1
79 1
79.1 1
79.2 1
79.3 1
79.4 1
79.5 1
79.6 1
79.7 1
79.8 1
79.9 1
80 1
80.1 1
80.2 1
80.3 1
80.4 1
80.5 1
80.6 1
80.7 1
80.8 1
80.9 1
81 1
81.1 1
81.2 1
81.3 1
81.4 0
81.5 1
81.6 1
81.7 1
81.8 1
81.9 1
82 1
82.1 1
82.2 1
82.3 1
82.4 1
82.5 0
82.6 1
82.7 1
82.8 0
82.9 0
83 1
83.1 0
83.2 0
83.3 1
83.4 1
83.5 0
83.6 1
83.7 1
83.8 0
83.9 0
84 0
84.1 1
84.2 0
84.3 0
84.4 0
84.5 0
84.6 0
84.7 0
84.8 1
84.9 0
85 1
85.1 0
85.2 1
85.3 0
85.4 0
85.5 0
85.6 1
85.7 1
85.8 0
85.9 0
86 1
86.1 0
86.2 0
86.3 0
86.4 0
86.5 0
86.6 0
86.7 1
86.8 0
86.9 1
87 1
87.1 1
87.2 0
87.3 0
87.4 1
87.5 1
87.6 1
87.7 1
87.8 1
87.9 1
88 1
88.1 1
88.2 1
88.3 1
88.4 1
88.5 1
88.6 1
88.7 1
88.8 1
88.9 1
89 1
89.1 1
89.2 1
89.3 1
89.4 1
89.5 1
89.6 1
89.7 1
89.8 1
89.9 1
90 1
90.1 1
90.2 1
90.3 1
90.4 1
90.5 1
90.6 1
90.7 1
90.8 1
90.9 1
91 1
91.1 1
91.2 1
91.3 1
91.4 1
91.5 1
91.6 1
91.7 1
91.8 1
91.9 1
92 1
92.1 1
92.2 1
92.3 1
92.4 1
92.5 1
92.6 1
92.7 1
92.8 1
92.9 1
93 1
93.1 1
93.2 1
93.3 1
93.4 1
93.5 1
93.6 1
93.7 1
93.8 1
93.9 1
94 1
94.1 1
94.2 1
94.3 1
94.4 1
94.5 1
94.6 1
94.7 1
94.8 1
94.9 1
95 1
95.1 1
95.2 1
95.3 1
95.4 1
95.5 1
95.6 1
95.7 1
95.8 1
95.9 1
96 1
96.1 1
96.2 1
96.3 1
96.4 1
96.5 1
96.6 1
96.7 1
96.8 1
96.9 1
97 1
97.1 1
97.2 1
97.3 1
97.4 1
97.5 1
97.6 1
97.7 1
97.8 1
97.9 1
98 1
98.1 1
98.2 1
98.3 1
98.4 1
98.5 1
98.6 1
98.7 1
98.8 1
98.9 1
99 1
99.1 1
99.2 1
99.3 1
99.4 1
99.5 1
99.6 1
99.7 1
99.8 1
99.9 1
100 1
100.1 1
100.2 1
100.3 1
100.4 1
100.5 1
100.6 1
100.7 1
100.8 1
100.9 1
101 1
101.1 1
101.2 0
101.3 1
101.4 1
101.5 1
101.6 0
101.7 0
101.8 0
101.9 0
102 0
102.1 0
102.2 0
102.3 0
102.4 0
102.5 0
102.6 0
102.7 1
102.8 0
102.9 1
103 0
103.1 1
103.2 0
103.3 0
103.4 0
103.5 0
103.6 0
103.7 0
103.8 0
103.9 0
104 1
104.1 0
104.2 0
104.3 0
104.4 1
104.5 1
104.6 1
104.7 0
104.8 1
104.9 1
105 0
105.1 0
105.2 0
105.3 0
105.4 0
105.5 0
105.6 1
105.7 0
105.8 1
105.9 1
106 1
106.1 1
106.2 0
106.3 1
106.4 1
106.5 1
106.6 1
106.7 1
106.8 1
106.9 1
107 1
107.1 1
107.2 1
107.3 1
107.4 1
107.5 1
107.6 1
107.7 1
107.8 1
107.9 1
108 1
108.1 1
108.2 1
108.3 1
108.4 1
108.5 1
108.6 1
108.7 1
108.8 1
108.9 1
109 1
109.1 1
109.2 1
109.3 1
109.4 1
109.5 1
109.6 1
109.7 1
109.8 1
109.9 1
110 1
110.1 1
110.2 1
110.3 1
110.4 1
110.5 1
110.6 1
110.7 1
110.8 1
110.9 1
111 1
111.1 1
111.2 1
111.3 1
111.4 1
111.5 1
111.6 1
111.7 1
111.8 1
111.9 1
112 1
112.1 1
112.2 1
112.3 1
112.4 1
112.5 1
112.6 1
112.7 1
112.8 1
112.9 1
113 1
113.1 1
113.2 1
113.3 1
113.4 1
113.5 1
113.6 1
113.7 1
113.8 1
113.9 1
114 1
114.1 1
114.2 1
114.3 1
114.4 1
114.5 1
114.6 1
114.7 1
114.8 1
114.9 1
115 1
115.1 1
115.2 1
115.3 1
115.4 1
115.5 1
115.6 1
115.7 1
115.8 1
115.9 1
116 1
116.1 1
116.2 1
116.3 1
116.4 1
116.5 1
116.6 1
116.7 1
116.8 1
116.9 1
117 1
117.1 1
117.2 1
117.3 1
117.4 1
117.5 1
117.6 1
117.7 1
117.8 1
117.9 1
118 1
118.1 1
118.2 1
118.3 1
118.4 1
118.5 1
118.6 1
118.7 1
118.8 1
118.9 1
119 1
119.1 1
119.2 1
119.3 1
119.4 1
119.5 1
119.6 1
119.7 1
119.8 0
119.9 1
120 1
120.1 1
120.2 1
120.3 1
120.4 1
120.5 1
120.6 0
120.7 1
120.8 0
120.9 1
121 0
121.1 0
121.2 0
121.3 0
121.4 0
121.5 0
121.6 1
121.7 0
121.8 0
121.9 0
122 0
122.1 1
122.2 1
122.3 0
122.4 0
122.5 1
122.6 1
122.7 0
122.8 0
122.9 1
123 0
123.1 0
123.2 0
123.3 0
123.4 1
123.5 0
123.6 0
123.7 1
123.8 1
123.9 1
124 0
124.1 0
124.2 1
124.3 0
124.4 1
124.5 0
124.6 1
124.7 0
124.8 0
124.9 0
125 0
125.1 1
125.2 0
125.3 0
125.4 1
125.5 0
125.6 1
125.7 1
125.8 1
125.9 1
126 1
126.1 1
126.2 1
126.3 1
126.4 1
126.5 1
126.6 1
126.7 1
126.8 1
126.9 1
127 1
127.1 1
127.2 1
127.3 1
127.4 1
127.5 1
127.6 1
127.7 1
127.8 1
127.9 1
128 1
128.1 1
128.2 1
128.3 1
128.4 1
128.5 1
128.6 1
128.7 1
128.8 1
128.9 1
129 1
129.1 1
129.2 1
129.3 1
129.4 1
129.5 1
129.6 1
129.7 1
129.8 1
129.9 1
130 1
130.1 1
130.2 1
130.3 1
130.4 1
130.5 1
130.6 1
130.7 1
130.8 1
130.9 1
131 1
131.1 1
131.2 1
131.3 1
131.4 1
131.5 1
131.6 1
131.7 1
131.8 1
131.9 1
132 1
132.1 1
132.2 1
132.3 1
132.4 1
132.5 1
132.6 1
132.7 1
132.8 1
132.9 1
133 1
133.1 1
133.2 1
133.3 1
133.4 1
133.5 1
133.6 1
133.7 1
133.8 1
133.9 1
134 1
134.1 1
134.2 1
134.3 1
134.4 1
134.5 1
134.6 1
134.7 1
134.8 1
134.9 1
135 1
135.1 1
135.2 1
135.3 1
135.4 1
135.5 1
135.6 1
135.7 1
135.8 1
135.9 1
136 1
136.1 1
136.2 1
136.3 1
136.4 1
136.5 1
136.6 1
136.7 1
136.8 1
136.9 1
137 1
137.1 1
137.2 1
137.3 1
137.4 1
137.5 1
137.6 1
137.7 1
137.8 1
137.9 1
138 1
138.1 1
138.2 1
138.3 1
138.4 1
138.5 1
138.6 1
138.7 1
138.8 1
138.9 1
139 1
139.1 1
139.2 1
139.3 1
139.4 1
139.5 1
139.6 1
139.7 1
139.8 1
139.9 1
140 1
140.1 1
140.2 1
140.3 1
140.4 1
140.5 1
140.6 1
140.7 1
140.8 1
140.9 1
141 1
141.1 1
141.2 1
141.3 1
141.4 1
141.5 1
141.6 1
141.7 1
141.8 1
141.9 1
142 0
142.1 0
142.2 1
142.3 1
142.4 0
142.5 1
142.6 1
142.7 1
142.8 1
142.9 0
143 0
143.1 0
143.2 0
143.3 1
143.4 1
143.5 0
143.6 0
143.7 0
143.8 0
143.9 0
144 0
144.1 0
144.2 0
144.3 1
144.4 0
144.5 1
144.6 0
144.7 0
144.8 1
144.9 0
145 0
145.1 0
145.2 1
145.3 0
145.4 0
145.5 1
145.6 0
145.7 1
145.8 0
145.9 0
146 0
146.1 1
146.2 1
146.3 0
146.4 0
146.5 0
146.6 0
146.7 1
146.8 1
146.9 1
147 1
147.1 1
147.2 1
147.3 1
147.4 1
147.5 1
147.6 1
147.7 1
147.8 1
147.9 1
148 1
148.1 1
148.2 1
148.3 1
148.4 1
148.5 1
148.6 1
148.7 1
148.8 1
148.9 1
149 1
149.1 1
149.2 1
149.3 1
149.4 1
149.5 1
149.6 1
149.7 1
149.8 1
149.9 1
150 1
150.1 1
150.2 1
150.3 1
150.4 1
150.5 1
150.6 1
150.7 1
150.8 1
150.9 1
151 1
151.1 1
151.2 1
151.3 1
151.4 1
151.5 1
151.6 1
151.7 1
151.8 1
151.9 1
152 1
152.1 1
152.2 1
152.3 1
152.4 1
152.5 1
152.6 1
152.7 1
152.8 1
152.9 1
153 1
153.1 1
153.2 1
153.3 1
153.4 1
153.5 1
153.6 1
153.7 1
153.8 1
153.9 1
154 1
154.1 1
154.2 1
154.3 1
154.4 1
154.5 1
154.6 1
154.7 1
154.8 1
154.9 1
155 1
155.1 1
155.2 1
155.3 1
155.4 1
155.5 1
155.6 1
155.7 1
155.8 1
155.9 1
156 1
156.1 1
156.2 0
156.3 1
156.4 1
156.5 1
156.6 1
156.7 1
156.8 1
156.9 1
157 1
157.1 1
157.2 1
157.3 1
157.4 1
157.5 1
157.6 1
157.7 1
157.8 0
157.9 0
158 1
158.1 1
158.2 0
158.3 0
158.4 1
158.5 0
158.6 0
158.7 0
158.8 1
158.9 1
159 0
159.1 0
159.2 0
159.3 0
159.4 0
159.5 0
159.6 1
159.7 1
159.8 1
159.9 0
160 0
160.1 1
160.2 0
160.3 0
160.4 1
160.5 0
160.6 0
160.7 1
160.8 1
160.9 0
161 0
161.1 1
161.2 0
161.3 0
161.4 0
161.5 0
161.6 0
161.7 1
161.8 0
161.9 1
162 0
162.1 0
162.2 1
162.3 0
162.4 1
162.5 0
162.6 1
162.7 1
162.8 1
162.9 1
163 1
163.1 1
163.2 1
163.3 1
163.4 1
163.5 1
163.6 1
163.7 1
163.8 1
163.9 1
164 1
164.1 1
164.2 1
164.3 1
164.4 1
164.5 1
164.6 1
164.7 1
164.8 1
164.9 1
165 1
165.1 1
165.2 1
165.3 1
165.4 1
165.5 1
165.6 1
165.7 1
165.8 1
165.9 1
166 1
166.1 1
166.2 1
166.3 1
166.4 1
166.5 1
166.6 1
166.7 1
166.8 1
166.9 1
167 1
167.1 1
167.2 1
167.3 1
167.4 1
167.5 1
167.6 1
167.7 1
167.8 1
167.9 1
168 1
168.1 1
168.2 1
168.3 1
168.4 1
168.5 1
168.6 1
168.7 1
168.8 1
168.9 1
169 1
169.1 1
169.2 1
169.3 1
169.4 1
169.5 1
169.6 1
169.7 1
169.8 1
169.9 1
170 1
170.1 1
170.2 1
170.3 1
170.4 1
170.5 1
170.6 1
170.7 1
170.8 1
170.9 1
171 1
171.1 1
171.2 1
171.3 1
171.4 1
171.5 1
171.6 1
171.7 1
171.8 1
171.9 1
172 1
172.1 1
172.2 1
172.3 1
172.4 1
172.5 1
172.6 1
172.7 1
172.8 1
172.9 1
173 1
173.1 1
173.2 1
173.3 1
173.4 1
173.5 1
173.6 1
173.7 1
173.8 1
173.9 1
174 1
174.1 1
174.2 1
174.3 1
174.4 1
174.5 1
174.6 1
174.7 1
174.8 1
174.9 1
175 1
175.1 1
175.2 1
175.3 1
175.4 1
175.5 1
175.6 1
175.7 1
175.8 1
175.9 1
176 1
176.1 1
176.2 1
176.3 1
176.4 1
176.5 1
176.6 1
176.7 1
176.8 1
176.9 1
177 1
177.1 1
177.2 1
177.3 1
177.4 1
177.5 1
177.6 1
177.7 1
177.8 1
177.9 1
178 1
178.1 1
178.2 1
178.3 1
178.4 1
178.5 1
178.6 1
178.7 1
178.8 1
178.9 1
179 1
179.1 1
179.2 1
179.3 1
179.4 0
179.5 1
179.6 0
179.7 1
179.8 1
179.9 1
180 0
180.1 1
180.2 1
180.3 1
180.4 1
180.5 0
180.6 0
180.7 1
180.8 0
180.9 0
181 0
181.1 0
181.2 0
181.3 0
181.4 1
181.5 0
181.6 0
181.7 0
181.8 1
181.9 0
182 0
182.1 0
182.2 0
182.3 1
182.4 0
182.5 0
182.6 0
182.7 0
182.8 1
182.9 1
183 0
183.1 0
183.2 1
183.3 0
183.4 1
183.5 1
183.6 0
183.7 1
183.8 0
183.9 1
184 1
184.1 0
184.2 0
184.3 0
184.4 0
184.5 1
184.6 1
184.7 1
184.8 0
184.9 1
185 1
185.1 1
185.2 1
185.3 1
185.4 1
185.5 1
185.6 1
185.7 1
185.8 1
185.9 1
186 1
186.1 1
186.2 1
186.3 1
186.4 1
186.5 1
186.6 1
186.7 1
186.8 1
186.9 1
187 1
187.1 1
187.2 1
187.3 1
187.4 1
187.5 1
187.6 1
187.7 1
187.8 1
187.9 1
188 1
188.1 1
188.2 1
188.3 1
188.4 1
188.5 1
188.6 1
188.7 1
188.8 1
188.9 1
189 1
189.1 1
189.2 1
189.3 1
189.4 1
189.5 1
189.6 1
189.7 1
189.8 1
189.9 1
190 1
190.1 1
190.2 1
190.3 1
190.4 1
190.5 1
190.6 1
190.7 1
190.8 1
190.9 1
191 1
191.1 1
191.2 1
191.3 1
191.4 1
191.5 1
191.6 1
191.7 1
191.8 1
191.9 1
192 1
192.1 1
192.2 1
192.3 1
192.4 1
192.5 1
192.6 1
192.7 1
192.8 1
192.9 1
193 1
193.1 1
193.2 1
193.3 1
193.4 1
193.5 1
193.6 1
193.7 1
193.8 1
193.9 1
194 1
194.1 1
194.2 1
194.3 1
194.4 1
194.5 1
194.6 1
194.7 1
194.8 1
194.9 1
195 1
195.1 1
195.2 1
195.3 1
195.4 1
195.5 1
195.6 1
195.7 1
195.8 1
195.9 1
196 1
196.1 1
196.2 0
196.3 1
196.4 1
196.5 1
196.6 1
196.7 1
196.8 0
196.9 1
197 1
197.1 1
197.2 1
197.3 1
197.4 1
197.5 1
197.6 1
197.7 1
197.8 1
197.9 1
198 1
198.1 1
198.2 1
198.3 1
198.4 1
198.5 1
198.6 1
198.7 1
198.8 1
198.9 1
199 1
199.1 0
199.2 1
199.3 0
199.4 1
199.5 0
199.6 1
199.7 1
199.8 1
199.9 1
200 1
