0 0
0.1 0
0.2 0
0.3 0
0.4 0
0.5 0
0.6 3
0.7 1
0.8 1
0.9 2
1 0
1.1 2
1.2 1
1.3 1
1.4 0
1.5 0
1.6 0
1.7 2
1.8 1
1.9 0
2 2
2.1 0
2.2 0
2.3 2
2.4 1
2.5 0
2.6 1
2.7 1
2.8 0
2.9 1
3 3
3.1 2
3.2 2
3.3 1
3.4 2
3.5 3
3.6 3
3.7 2
3.8 1
3.9 6
4 1
4.1 2
4.2 4
4.3 4
4.4 2
4.5 5
4.6 6
4.7 9
4.8 6
4.9 7
5 11
5.1 4
5.2 3
5.3 9
5.4 8
5.5 9
5.6 11
5.7 13
5.8 13
5.9 13
6 9
6.1 11
6.2 12
6.3 18
6.4 13
6.5 24
6.6 17
6.7 16
6.8 17
6.9 31
7 28
7.1 30
7.2 32
7.3 38
7.4 66
7.5 110
7.6 137
7.7 212
7.8 332
7.9 487
8 581
8.1 665
8.2 768
8.3 850
8.4 927
8.5 975
8.6 1024
8.7 1051
8.8 1069
8.9 1105
9 1124
9.1 1130
9.2 1148
9.3 1169
9.4 1184
9.5 1177
9.6 1162
9.7 1156
9.8 1156
9.9 1165
10 1178
10.1 1177
10.2 1200
10.3 1200
10.4 1207
10.5 1214
10.6 1200
10.7 1206
10.8 1214
10.9 1190
11 1176
11.1 1158
11.2 1151
11.3 1142
11.4 1114
11.5 1110
11.6 1102
11.7 1066
11.8 1044
11.9 1024
12 1003
12.1 970
12.2 973
12.3 960
12.4 949
12.5 965
12.6 953
12.7 922
12.8 915
12.9 888
13 874
13.1 841
13.2 828
13.3 823
13.4 792
13.5 776
13.6 759
13.7 765
13.8 765
13.9 770
14 750
14.1 742
14.2 692
14.3 676
14.4 652
14.5 624
14.6 599
14.7 573
14.8 555
14.9 547
15 542
15.1 546
15.2 545
15.3 536
15.4 516
15.5 508
15.6 494
15.7 491
15.8 505
15.9 503
16 506
16.1 494
16.2 464
16.3 444
16.4 442
16.5 419
16.6 401
16.7 385
16.8 388
16.9 378
17 361
17.1 348
17.2 334
17.3 344
17.4 351
17.5 355
17.6 351
17.7 369
17.8 383
17.9 385
18 375
18.1 365
18.2 360
18.3 344
18.4 326
18.5 306
18.6 293
18.7 293
18.8 302
18.9 312
19 304
19.1 282
19.2 273
19.3 279
19.4 275
19.5 278
19.6 262
19.7 234
19.8 225
19.9 155
20 96
20.1 81
20.2 52
20.3 15
20.4 4
20.5 4
20.6 7
20.7 4
20.8 4
20.9 3
21 11
21.1 7
21.2 3
21.3 4
21.4 4
21.5 6
21.6 4
21.7 2
21.8 7
21.9 4
22 4
22.1 3
22.2 4
22.3 6
22.4 7
22.5 4
22.6 5
22.7 3
22.8 5
22.9 4
23 9
23.1 6
23.2 6
23.3 5
23.4 11
23.5 7
23.6 10
23.7 19
23.8 7
23.9 8
24 11
24.1 7
24.2 10
24.3 11
24.4 19
24.5 18
24.6 24
24.7 18
24.8 18
24.9 18
25 23
25.1 16
25.2 15
25.3 16
25.4 21
25.5 27
25.6 39
25.7 49
25.8 95
25.9 162
26 263
26.1 384
26.2 482
26.3 613
26.4 722
26.5 795
26.6 870
26.7 922
26.8 958
26.9 991
27 1001
27.1 1007
27.2 1052
27.3 1081
27.4 1112
27.5 1105
27.6 1089
27.7 1099
27.8 1101
27.9 1129
28 1135
28.1 1130
28.2 1140
28.3 1135
28.4 1141
28.5 1147
28.6 1137
28.7 1121
28.8 1108
28.9 1115
29 1112
29.1 1104
29.2 1094
29.3 1092
29.4 1090
29.5 1084
29.6 1060
29.7 1040
29.8 1033
29.9 1024
30 1014
30.1 995
30.2 973
30.3 955
30.4 957
30.5 929
30.6 904
30.7 880
30.8 859
30.9 855
31 845
31.1 833
31.2 805
31.3 784
31.4 773
31.5 751
31.6 721
31.7 707
31.8 700
31.9 699
32 710
32.1 696
32.2 677
32.3 665
32.4 664
32.5 636
32.6 617
32.7 587
32.8 556
32.9 530
33 521
33.1 482
33.2 488
33.3 491
33.4 478
33.5 488
33.6 479
33.7 458
33.8 453
33.9 431
34 427
34.1 420
34.2 414
34.3 408
34.4 427
34.5 431
34.6 399
34.7 391
34.8 380
34.9 352
35 334
35.1 327
35.2 324
35.3 327
35.4 332
35.5 348
35.6 351
35.7 342
35.8 345
35.9 336
36 346
36.1 348
36.2 345
36.3 341
36.4 337
36.5 314
36.6 287
36.7 290
36.8 280
36.9 277
37 277
37.1 271
37.2 281
37.3 288
37.4 276
37.5 267
37.6 254
37.7 262
37.8 265
37.9 261
38 266
38.1 273
38.2 259
38.3 247
38.4 238
38.5 229
38.6 219
38.7 212
38.8 198
38.9 189
39 174
39.1 167
39.2 154
39.3 163
39.4 176
39.5 175
39.6 183
39.7 181
39.8 174
39.9 175
40 190
40.1 178
40.2 166
40.3 156
40.4 143
40.5 129
40.6 127
40.7 123
40.8 130
40.9 98
41 36
41.1 19
41.2 16
41.3 11
41.4 11
41.5 7
41.6 6
41.7 7
41.8 5
41.9 2
42 2
42.1 4
42.2 7
42.3 3
42.4 5
42.5 3
42.6 1
42.7 2
42.8 4
42.9 3
43 8
43.1 7
43.2 4
43.3 3
43.4 3
43.5 0
43.6 2
43.7 2
43.8 6
43.9 5
44 4
44.1 2
44.2 2
44.3 7
44.4 5
44.5 6
44.6 7
44.7 4
44.8 3
44.9 6
45 7
45.1 6
45.2 11
45.3 9
45.4 8
45.5 6
45.6 4
45.7 5
45.8 10
45.9 6
46 14
46.1 10
46.2 11
46.3 18
46.4 15
46.5 8
46.6 14
46.7 12
46.8 17
46.9 16
47 22
47.1 22
47.2 32
47.3 26
47.4 33
47.5 53
47.6 78
47.7 138
47.8 178
47.9 215
48 278
48.1 396
48.2 471
48.3 542
48.4 625
48.5 681
48.6 742
48.7 798
48.8 855
48.9 893
49 929
49.1 971
49.2 1005
49.3 1017
49.4 1026
49.5 1046
49.6 1089
49.7 1102
49.8 1106
49.9 1038
50 1010
50.1 1010
50.2 1019
50.3 1033
50.4 1052
50.5 1056
50.6 1041
50.7 1040
50.8 1056
50.9 1060
51 1060
51.1 1046
51.2 1033
51.3 1034
51.4 1007
51.5 990
51.6 985
51.7 944
51.8 944
51.9 911
52 903
52.1 899
52.2 880
52.3 853
52.4 810
52.5 791
52.6 751
52.7 748
52.8 754
52.9 756
53 755
53.1 733
53.2 726
53.3 710
53.4 715
53.5 714
53.6 703
53.7 672
53.8 667
53.9 682
54 676
54.1 683
54.2 669
54.3 645
54.4 657
54.5 664
54.6 648
54.7 634
54.8 611
54.9 613
55 594
55.1 575
55.2 565
55.3 557
55.4 546
55.5 542
55.6 521
55.7 487
55.8 460
55.9 431
56 407
56.1 406
56.2 418
56.3 414
56.4 399
56.5 400
56.6 378
56.7 379
56.8 363
56.9 361
57 377
57.1 376
57.2 379
57.3 372
57.4 362
57.5 358
57.6 353
57.7 338
57.8 327
57.9 334
58 329
58.1 333
58.2 336
58.3 334
58.4 325
58.5 325
58.6 336
58.7 322
58.8 315
58.9 300
59 294
59.1 279
59.2 266
59.3 269
59.4 253
59.5 236
59.6 146
59.7 114
59.8 112
59.9 91
60 83
60.1 42
60.2 23
60.3 12
60.4 10
60.5 2
60.6 4
60.7 4
60.8 7
60.9 4
61 13
61.1 5
61.2 8
61.3 3
61.4 2
61.5 4
61.6 4
61.7 5
61.8 2
61.9 2
62 6
62.1 2
62.2 3
62.3 4
62.4 7
62.5 6
62.6 6
62.7 4
62.8 3
62.9 3
63 6
63.1 5
63.2 7
63.3 5
63.4 4
63.5 7
63.6 14
63.7 10
63.8 10
63.9 8
64 8
64.1 4
64.2 18
64.3 13
64.4 13
64.5 18
64.6 12
64.7 11
64.8 13
64.9 15
65 10
65.1 10
65.2 16
65.3 14
65.4 18
65.5 25
65.6 18
65.7 29
65.8 32
65.9 26
66 35
66.1 37
66.2 64
66.3 67
66.4 90
66.5 181
66.6 301
66.7 430
66.8 541
66.9 624
67 694
67.1 791
67.2 855
67.3 935
67.4 989
67.5 1053
67.6 1127
67.7 1165
67.8 1207
67.9 1251
68 1297
68.1 1284
68.2 1264
68.3 1272
68.4 1251
68.5 1259
68.6 1259
68.7 1253
68.8 1271
68.9 1271
69 1285
69.1 1295
69.2 1288
69.3 1290
69.4 1284
69.5 1261
69.6 1265
69.7 1244
69.8 1213
69.9 1191
70 1177
70.1 1135
70.2 1133
70.3 1144
70.4 1149
70.5 1152
70.6 1134
70.7 1104
70.8 1077
70.9 1053
71 1031
71.1 1012
71.2 1016
71.3 1014
71.4 1022
71.5 1018
71.6 1010
71.7 1004
71.8 983
71.9 945
72 943
72.1 928
72.2 913
72.3 898
72.4 886
72.5 887
72.6 869
72.7 853
72.8 827
72.9 811
73 799
73.1 785
73.2 740
73.3 649
73.4 542
73.5 540
73.6 557
73.7 572
73.8 564
73.9 561
74 574
74.1 559
74.2 544
74.3 546
74.4 546
74.5 538
74.6 539
74.7 545
74.8 556
74.9 554
75 552
75.1 565
75.2 576
75.3 573
75.4 557
75.5 547
75.6 530
75.7 503
75.8 503
75.9 500
76 479
76.1 456
76.2 440
76.3 415
76.4 409
76.5 418
76.6 403
76.7 406
76.8 387
76.9 384
77 370
77.1 327
77.2 269
77.3 255
77.4 263
77.5 259
77.6 281
77.7 265
77.8 267
77.9 261
78 233
78.1 237
78.2 243
78.3 246
78.4 238
78.5 236
78.6 236
78.7 254
78.8 251
78.9 246
79 249
79.1 263
79.2 260
79.3 267
79.4 250
79.5 242
79.6 239
79.7 248
79.8 259
79.9 263
80 249
80.1 247
80.2 262
80.3 263
80.4 265
80.5 254
80.6 251
80.7 269
80.8 282
80.9 280
81 292
81.1 289
81.2 287
81.3 271
81.4 267
81.5 244
81.6 197
81.7 159
81.8 152
81.9 151
82 146
82.1 148
82.2 158
82.3 160
82.4 166
82.5 173
82.6 139
82.7 54
82.8 19
82.9 11
83 23
83.1 16
83.2 11
83.3 11
83.4 5
83.5 3
83.6 8
83.7 5
83.8 8
83.9 1
84 3
84.1 5
84.2 7
84.3 5
84.4 6
84.5 2
84.6 2
84.7 10
84.8 6
84.9 3
85 6
85.1 6
85.2 7
85.3 7
85.4 6
85.5 5
85.6 2
85.7 7
85.8 7
85.9 17
86 6
86.1 8
86.2 6
86.3 9
86.4 7
86.5 7
86.6 10
86.7 11
86.8 13
86.9 14
87 14
87.1 17
87.2 12
87.3 19
87.4 22
87.5 31
87.6 47
87.7 66
87.8 123
87.9 203
88 285
88.1 305
88.2 406
88.3 478
88.4 587
88.5 691
88.6 773
88.7 831
88.8 882
88.9 921
89 963
89.1 996
89.2 1026
89.3 1055
89.4 1077
89.5 1100
89.6 1103
89.7 1103
89.8 1102
89.9 1085
90 1062
90.1 1053
90.2 1049
90.3 1039
90.4 1013
90.5 936
90.6 908
90.7 905
90.8 914
90.9 915
91 909
91.1 902
91.2 896
91.3 902
91.4 908
91.5 914
91.6 873
91.7 875
91.8 860
91.9 843
92 833
92.1 842
92.2 863
92.3 885
92.4 887
92.5 876
92.6 871
92.7 860
92.8 857
92.9 852
93 839
93.1 782
93.2 756
93.3 748
93.4 732
93.5 697
93.6 677
93.7 677
93.8 662
93.9 641
94 622
94.1 617
94.2 623
94.3 624
94.4 589
94.5 582
94.6 568
94.7 557
94.8 533
94.9 527
95 502
95.1 498
95.2 496
95.3 494
95.4 480
95.5 478
95.6 484
95.7 476
95.8 443
95.9 418
96 411
96.1 416
96.2 426
96.3 400
96.4 373
96.5 360
96.6 361
96.7 367
96.8 359
96.9 351
97 340
97.1 348
97.2 350
97.3 338
97.4 348
97.5 366
97.6 368
97.7 354
97.8 336
97.9 329
98 314
98.1 294
98.2 299
98.3 305
98.4 299
98.5 276
98.6 253
98.7 246
98.8 266
98.9 278
99 290
99.1 291
99.2 294
99.3 305
99.4 308
99.5 297
99.6 290
99.7 297
99.8 305
99.9 303
100 291
100.1 302
100.2 305
100.3 290
100.4 274
100.5 257
100.6 252
100.7 183
100.8 114
100.9 56
101 23
101.1 17
101.2 9
101.3 16
101.4 8
101.5 3
101.6 5
101.7 3
101.8 3
101.9 5
102 4
102.1 3
102.2 3
102.3 7
102.4 4
102.5 7
102.6 5
102.7 4
102.8 4
102.9 6
103 3
103.1 7
103.2 6
103.3 7
103.4 4
103.5 4
103.6 2
103.7 3
103.8 4
103.9 5
104 4
104.1 2
104.2 4
104.3 8
104.4 8
104.5 5
104.6 5
104.7 11
104.8 13
104.9 5
105 11
105.1 5
105.2 10
105.3 10
105.4 9
105.5 12
105.6 18
105.7 23
105.8 32
105.9 23
106 37
106.1 54
106.2 76
106.3 116
106.4 229
106.5 349
106.6 462
106.7 535
106.8 610
106.9 688
107 730
107.1 781
107.2 866
107.3 917
107.4 943
107.5 1003
107.6 1035
107.7 1064
107.8 1076
107.9 1092
108 1125
108.1 1147
108.2 1158
108.3 1147
108.4 1141
108.5 1145
108.6 1154
108.7 1157
108.8 1152
108.9 1136
109 1129
109.1 1131
109.2 1117
109.3 1075
109.4 1049
109.5 1034
109.6 1003
109.7 962
109.8 943
109.9 934
110 893
110.1 852
110.2 822
110.3 802
110.4 811
110.5 805
110.6 810
110.7 800
110.8 812
110.9 797
111 791
111.1 773
111.2 790
111.3 789
111.4 760
111.5 748
111.6 749
111.7 754
111.8 763
111.9 759
112 756
112.1 747
112.2 743
112.3 738
112.4 731
112.5 725
112.6 713
112.7 708
112.8 733
112.9 742
113 723
113.1 691
113.2 682
113.3 654
113.4 638
113.5 628
113.6 621
113.7 618
113.8 607
113.9 581
114 559
114.1 555
114.2 565
114.3 564
114.4 556
114.5 551
114.6 549
114.7 549
114.8 532
114.9 512
115 495
115.1 487
115.2 486
115.3 479
115.4 458
115.5 429
115.6 420
115.7 419
115.8 412
115.9 342
116 297
116.1 301
116.2 319
116.3 327
116.4 316
116.5 322
116.6 332
116.7 331
116.8 328
116.9 336
117 345
117.1 352
117.2 369
117.3 366
117.4 375
117.5 364
117.6 347
117.7 329
117.8 319
117.9 307
118 224
118.1 144
118.2 96
118.3 88
118.4 62
118.5 55
118.6 47
118.7 50
118.8 57
118.9 66
119 87
119.1 91
119.2 110
119.3 129
119.4 140
119.5 151
119.6 141
119.7 120
119.8 89
119.9 59
120 39
120.1 31
120.2 30
120.3 37
120.4 21
120.5 18
120.6 14
120.7 10
120.8 9
120.9 6
121 4
121.1 8
121.2 6
121.3 6
121.4 3
121.5 6
121.6 1
121.7 4
121.8 6
121.9 1
122 6
122.1 3
122.2 7
122.3 7
122.4 4
122.5 6
122.6 9
122.7 4
122.8 7
122.9 8
123 8
123.1 4
123.2 7
123.3 9
123.4 12
123.5 5
123.6 10
123.7 13
123.8 10
123.9 12
124 12
124.1 23
124.2 19
124.3 15
124.4 14
124.5 9
124.6 20
124.7 17
124.8 20
124.9 21
125 26
125.1 29
125.2 30
125.3 40
125.4 62
125.5 55
125.6 74
125.7 111
125.8 202
125.9 292
126 330
126.1 421
126.2 461
126.3 545
126.4 634
126.5 711
126.6 756
126.7 749
126.8 811
126.9 900
127 957
127.1 1001
127.2 1062
127.3 1078
127.4 1126
127.5 1137
127.6 1153
127.7 1169
127.8 1149
127.9 1158
128 1158
128.1 1068
128.2 971
128.3 921
128.4 915
128.5 920
128.6 925
128.7 928
128.8 942
128.9 969
129 974
129.1 977
129.2 949
129.3 957
129.4 952
129.5 945
129.6 944
129.7 941
129.8 944
129.9 951
130 956
130.1 950
130.2 948
130.3 952
130.4 927
130.5 898
130.6 878
130.7 872
130.8 855
130.9 846
131 839
131.1 818
131.2 799
131.3 783
131.4 768
131.5 760
131.6 747
131.7 747
131.8 742
131.9 747
132 752
132.1 699
132.2 677
132.3 650
132.4 646
132.5 623
132.6 617
132.7 609
132.8 593
132.9 588
133 592
133.1 605
133.2 591
133.3 585
133.4 585
133.5 581
133.6 566
133.7 546
133.8 549
133.9 557
134 562
134.1 556
134.2 554
134.3 549
134.4 527
134.5 504
134.6 498
134.7 484
134.8 473
134.9 461
135 467
135.1 484
135.2 480
135.3 449
135.4 413
135.5 398
135.6 396
135.7 405
135.8 405
135.9 401
136 396
136.1 408
136.2 416
136.3 427
136.4 421
136.5 398
136.6 397
136.7 383
136.8 380
136.9 376
137 375
137.1 354
137.2 343
137.3 347
137.4 357
137.5 363
137.6 371
137.7 362
137.8 348
137.9 351
138 283
138.1 206
138.2 164
138.3 126
138.4 105
138.5 90
138.6 91
138.7 110
138.8 120
138.9 133
139 138
139.1 139
139.2 137
139.3 148
139.4 153
139.5 163
139.6 188
139.7 190
139.8 196
139.9 184
140 170
140.1 160
140.2 166
140.3 172
140.4 175
140.5 179
140.6 173
140.7 178
140.8 178
140.9 180
141 172
141.1 180
141.2 171
141.3 163
141.4 169
141.5 172
141.6 133
141.7 75
141.8 37
141.9 29
142 22
142.1 10
142.2 11
142.3 7
142.4 4
142.5 3
142.6 4
142.7 6
142.8 3
142.9 2
143 8
143.1 2
143.2 6
143.3 3
143.4 3
143.5 3
143.6 5
143.7 2
143.8 3
143.9 5
144 3
144.1 5
144.2 3
144.3 4
144.4 5
144.5 4
144.6 10
144.7 10
144.8 7
144.9 3
145 3
145.1 10
145.2 3
145.3 5
145.4 4
145.5 6
145.6 9
145.7 10
145.8 13
145.9 17
146 19
146.1 17
146.2 10
146.3 19
146.4 17
146.5 22
146.6 22
146.7 36
146.8 43
146.9 44
147 79
147.1 133
147.2 200
147.3 271
147.4 344
147.5 448
147.6 578
147.7 696
147.8 811
147.9 893
148 964
148.1 1039
148.2 1108
148.3 1167
148.4 1208
148.5 1226
148.6 1281
148.7 1315
148.8 1337
148.9 1340
149 1354
149.1 1359
149.2 1378
149.3 1390
149.4 1407
149.5 1407
149.6 1417
149.7 1409
149.8 1414
149.9 1404
150 1389
150.1 1384
150.2 1378
150.3 1363
150.4 1351
150.5 1345
150.6 1322
150.7 1307
150.8 1275
150.9 1251
151 1244
151.1 1229
151.2 1197
151.3 1144
151.4 1108
151.5 1082
151.6 1070
151.7 1064
151.8 1048
151.9 1049
152 1027
152.1 1025
152.2 998
152.3 997
152.4 1006
152.5 1009
152.6 1011
152.7 1018
152.8 1011
152.9 988
153 984
153.1 974
153.2 980
153.3 963
153.4 938
153.5 926
153.6 914
153.7 882
153.8 871
153.9 858
154 839
154.1 831
154.2 809
154.3 775
154.4 763
154.5 740
154.6 694
154.7 673
154.8 668
154.9 651
155 634
155.1 637
155.2 605
155.3 575
155.4 565
155.5 569
155.6 582
155.7 592
155.8 603
155.9 588
156 535
156.1 506
156.2 486
156.3 492
156.4 463
156.5 455
156.6 450
156.7 445
156.8 434
156.9 433
157 411
157.1 396
157.2 318
157.3 249
157.4 229
157.5 214
157.6 162
157.7 66
157.8 32
157.9 16
158 13
158.1 21
158.2 24
158.3 11
158.4 8
158.5 6
158.6 17
158.7 14
158.8 13
158.9 10
159 5
159.1 8
159.2 6
159.3 7
159.4 5
159.5 12
159.6 7
159.7 9
159.8 11
159.9 9
160 8
160.1 11
160.2 8
160.3 12
160.4 10
160.5 13
160.6 9
160.7 10
160.8 10
160.9 11
161 10
161.1 8
161.2 10
161.3 6
161.4 13
161.5 7
161.6 10
161.7 15
161.8 14
161.9 16
162 10
162.1 18
162.2 19
162.3 28
162.4 35
162.5 42
162.6 46
162.7 82
162.8 161
162.9 285
163 369
163.1 364
163.2 418
163.3 494
163.4 582
163.5 668
163.6 745
163.7 809
163.8 864
163.9 921
164 948
164.1 1014
164.2 1077
164.3 1113
164.4 1137
164.5 1155
164.6 1159
164.7 1156
164.8 1174
164.9 1180
165 1192
165.1 1167
165.2 1144
165.3 1114
165.4 1058
165.5 1037
165.6 1028
165.7 1050
165.8 1051
165.9 1036
166 1053
166.1 1051
166.2 1046
166.3 1021
166.4 1036
166.5 1027
166.6 1015
166.7 995
166.8 983
166.9 980
167 968
167.1 964
167.2 950
167.3 901
167.4 879
167.5 841
167.6 803
167.7 788
167.8 786
167.9 797
168 791
168.1 793
168.2 788
168.3 778
168.4 778
168.5 767
168.6 731
168.7 711
168.8 700
168.9 698
169 679
169.1 693
169.2 692
169.3 693
169.4 679
169.5 659
169.6 666
169.7 653
169.8 646
169.9 627
170 612
170.1 590
170.2 556
170.3 526
170.4 531
170.5 519
170.6 506
170.7 490
170.8 469
170.9 467
171 448
171.1 459
171.2 448
171.3 436
171.4 423
171.5 427
171.6 425
171.7 408
171.8 387
171.9 373
172 361
172.1 348
172.2 344
172.3 359
172.4 353
172.5 354
172.6 345
172.7 334
172.8 313
172.9 318
173 295
173.1 300
173.2 293
173.3 280
173.4 286
173.5 289
173.6 287
173.7 291
173.8 277
173.9 276
174 279
174.1 276
174.2 245
174.3 192
174.4 174
174.5 172
174.6 162
174.7 163
174.8 172
174.9 161
175 170
175.1 175
175.2 194
175.3 193
175.4 189
175.5 191
175.6 210
175.7 217
175.8 221
175.9 221
176 227
176.1 225
176.2 229
176.3 218
176.4 217
176.5 187
176.6 165
176.7 130
176.8 104
176.9 108
177 77
177.1 63
177.2 68
177.3 73
177.4 87
177.5 105
177.6 113
177.7 122
177.8 140
177.9 155
178 155
178.1 156
178.2 158
178.3 154
178.4 156
178.5 167
178.6 162
178.7 168
178.8 180
178.9 178
179 142
179.1 117
179.2 104
179.3 99
179.4 48
179.5 26
179.6 21
179.7 23
179.8 29
179.9 17
180 20
180.1 31
180.2 22
180.3 25
180.4 14
180.5 16
180.6 6
180.7 9
180.8 7
180.9 10
181 10
181.1 8
181.2 7
181.3 4
181.4 7
181.5 10
181.6 4
181.7 9
181.8 4
181.9 7
182 6
182.1 5
182.2 2
182.3 7
182.4 10
182.5 5
182.6 4
182.7 10
182.8 5
182.9 5
183 6
183.1 5
183.2 8
183.3 6
183.4 13
183.5 7
183.6 8
183.7 8
183.8 11
183.9 13
184 17
184.1 15
184.2 16
184.3 21
184.4 17
184.5 25
184.6 27
184.7 24
184.8 43
184.9 32
185 37
185.1 47
185.2 79
185.3 90
185.4 154
185.5 252
185.6 349
185.7 460
185.8 570
185.9 681
186 765
186.1 809
186.2 861
186.3 915
186.4 963
186.5 999
186.6 1047
186.7 1076
186.8 1104
186.9 1123
187 1135
187.1 1131
187.2 1147
187.3 1154
187.4 1149
187.5 1162
187.6 1156
187.7 1150
187.8 1157
187.9 1143
188 1123
188.1 1119
188.2 1100
188.3 1101
188.4 1092
188.5 1082
188.6 1075
188.7 1052
188.8 1035
188.9 1028
189 1013
189.1 1002
189.2 1002
189.3 988
189.4 978
189.5 967
189.6 947
189.7 936
189.8 920
189.9 910
190 888
190.1 858
190.2 844
190.3 837
190.4 853
190.5 857
190.6 820
190.7 782
190.8 742
190.9 745
191 738
191.1 735
191.2 722
191.3 717
191.4 707
191.5 692
191.6 674
191.7 651
191.8 639
191.9 636
192 642
192.1 664
192.2 657
192.3 636
192.4 617
192.5 584
192.6 577
192.7 577
192.8 567
192.9 553
193 557
193.1 562
193.2 538
193.3 508
193.4 476
193.5 477
193.6 480
193.7 473
193.8 468
193.9 465
194 474
194.1 477
194.2 441
194.3 424
194.4 427
194.5 438
194.6 435
194.7 422
194.8 411
194.9 398
195 381
195.1 380
195.2 383
195.3 350
195.4 356
195.5 334
195.6 257
195.7 236
195.8 241
195.9 246
196 203
196.1 124
196.2 84
196.3 51
196.4 43
196.5 37
196.6 45
196.7 48
196.8 54
196.9 74
197 99
197.1 117
197.2 148
197.3 167
197.4 165
197.5 150
197.6 149
197.7 170
197.8 205
197.9 240
198 260
198.1 244
198.2 137
198.3 81
198.4 77
198.5 60
198.6 47
198.7 45
198.8 36
198.9 40
199 37
199.1 27
199.2 22
199.3 16
199.4 17
199.5 28
199.6 23
199.7 32
199.8 31
199.9 25
200 17
