0 0
0.1 0
0.2 0
0.3 0
0.4 0
0.5 0
0.6 2
0.7 2
0.8 3
0.9 4
1 10
1.1 19
1.2 26
1.3 35
1.4 42
1.5 55
1.6 63
1.7 71
1.8 82
1.9 89
2 107
2.1 124
2.2 135
2.3 149
2.4 171
2.5 191
2.6 206
2.7 225
2.8 243
2.9 269
3 300
3.1 325
3.2 342
3.3 374
3.4 404
3.5 436
3.6 468
3.7 503
3.8 532
3.9 551
4 582
4.1 607
4.2 639
4.3 683
4.4 710
4.5 743
4.6 773
4.7 807
4.8 848
4.9 888
5 912
5.1 934
5.2 959
5.3 992
5.4 1028
5.5 1061
5.6 1090
5.7 1121
5.8 1160
5.9 1195
6 1234
6.1 1259
6.2 1293
6.3 1313
6.4 1353
6.5 1382
6.6 1421
6.7 1445
6.8 1478
6.9 1516
7 1554
7.1 1601
7.2 1629
7.3 1655
7.4 1694
7.5 1708
7.6 1712
7.7 1759
7.8 1771
7.9 1772
8 1796
8.1 1771
8.2 1675
8.3 1590
8.4 1474
8.5 1343
8.6 1262
8.7 1182
8.8 1108
8.9 1021
9 944
9.1 892
9.2 819
9.3 763
9.4 688
9.5 655
9.6 616
9.7 580
9.8 534
9.9 509
10 506
10.1 495
10.2 469
10.3 438
10.4 406
10.5 389
10.6 379
10.7 373
10.8 374
10.9 396
11 408
11.1 401
11.2 380
11.3 388
11.4 368
11.5 364
11.6 363
11.7 351
11.8 333
11.9 331
12 316
12.1 300
12.2 375
12.3 375
12.4 356
12.5 343
12.6 344
12.7 359
12.8 380
12.9 386
13 369
13.1 353
13.2 346
13.3 336
13.4 324
13.5 310
13.6 310
13.7 313
13.8 309
13.9 311
14 308
14.1 302
14.2 319
14.3 375
14.4 394
14.5 384
14.6 355
14.7 337
14.8 327
14.9 310
15 300
15.1 287
15.2 296
15.3 281
15.4 280
15.5 286
15.6 271
15.7 262
15.8 269
15.9 285
16 293
16.1 305
16.2 311
16.3 320
16.4 309
16.5 317
16.6 350
16.7 347
16.8 345
16.9 333
17 342
17.1 324
17.2 301
17.3 297
17.4 274
17.5 278
17.6 281
17.7 283
17.8 270
17.9 274
18 268
18.1 266
18.2 253
18.3 231
18.4 218
18.5 214
18.6 195
18.7 192
18.8 221
18.9 220
19 210
19.1 214
19.2 225
19.3 232
19.4 232
19.5 241
19.6 241
19.7 244
19.8 366
19.9 464
20 519
20.1 538
20.2 547
20.3 550
20.4 554
20.5 556
20.6 560
20.7 564
20.8 572
20.9 582
21 589
21.1 603
21.2 616
21.3 639
21.4 658
21.5 677
21.6 688
21.7 713
21.8 735
21.9 771
22 791
22.1 811
22.2 837
22.3 859
22.4 878
22.5 904
22.6 923
22.7 952
22.8 982
22.9 998
23 1018
23.1 1048
23.2 1066
23.3 1095
23.4 1111
23.5 1150
23.6 1183
23.7 1204
23.8 1237
23.9 1259
24 1276
24.1 1308
24.2 1331
24.3 1366
24.4 1386
24.5 1408
24.6 1437
24.7 1454
24.8 1470
24.9 1495
25 1509
25.1 1534
25.2 1549
25.3 1550
25.4 1537
25.5 1460
25.6 1376
25.7 1269
25.8 1143
25.9 1058
26 998
26.1 932
26.2 870
26.3 803
26.4 753
26.5 708
26.6 673
26.7 640
26.8 602
26.9 588
27 570
27.1 540
27.2 500
27.3 475
27.4 439
27.5 429
27.6 411
27.7 388
27.8 363
27.9 334
28 322
28.1 321
28.2 317
28.3 334
28.4 340
28.5 330
28.6 328
28.7 316
28.8 318
28.9 330
29 345
29.1 342
29.2 336
29.3 318
29.4 305
29.5 305
29.6 290
29.7 272
29.8 267
29.9 247
30 224
30.1 227
30.2 221
30.3 230
30.4 242
30.5 237
30.6 228
30.7 244
30.8 279
30.9 271
31 272
31.1 252
31.2 247
31.3 250
31.4 298
31.5 320
31.6 307
31.7 369
31.8 371
31.9 374
32 371
32.1 357
32.2 348
32.3 359
32.4 350
32.5 341
32.6 324
32.7 303
32.8 279
32.9 266
33 255
33.1 254
33.2 250
33.3 264
33.4 288
33.5 281
33.6 272
33.7 267
33.8 263
33.9 263
34 274
34.1 272
34.2 266
34.3 262
34.4 272
34.5 279
34.6 302
34.7 306
34.8 320
34.9 332
35 309
35.1 307
35.2 311
35.3 312
35.4 306
35.5 332
35.6 333
35.7 329
35.8 333
35.9 331
36 323
36.1 310
36.2 302
36.3 317
36.4 306
36.5 289
36.6 288
36.7 318
36.8 331
36.9 312
37 311
37.1 302
37.2 292
37.3 283
37.4 291
37.5 339
37.6 378
37.7 399
37.8 400
37.9 410
38 414
38.1 407
38.2 391
38.3 395
38.4 396
38.5 382
38.6 380
38.7 379
38.8 381
38.9 435
39 473
39.1 472
39.2 477
39.3 478
39.4 487
39.5 490
39.6 490
39.7 506
39.8 517
39.9 521
40 536
40.1 551
40.2 551
40.3 561
40.4 573
40.5 583
40.6 605
40.7 624
40.8 641
40.9 657
41 674
41.1 695
41.2 718
41.3 736
41.4 755
41.5 766
41.6 789
41.7 804
41.8 834
41.9 848
42 876
42.1 913
42.2 941
42.3 977
42.4 998
42.5 1021
42.6 1054
42.7 1094
42.8 1127
42.9 1172
43 1204
43.1 1227
43.2 1251
43.3 1279
43.4 1321
43.5 1348
43.6 1365
43.7 1396
43.8 1418
43.9 1438
44 1469
44.1 1478
44.2 1474
44.3 1420
44.4 1323
44.5 1221
44.6 1104
44.7 1004
44.8 919
44.9 845
45 775
45.1 722
45.2 663
45.3 624
45.4 606
45.5 571
45.6 539
45.7 514
45.8 510
45.9 476
46 449
46.1 409
46.2 361
46.3 328
46.4 311
46.5 290
46.6 268
46.7 256
46.8 260
46.9 255
47 247
47.1 238
47.2 248
47.3 256
47.4 252
47.5 262
47.6 264
47.7 270
47.8 267
47.9 266
48 285
48.1 370
48.2 414
48.3 424
48.4 402
48.5 391
48.6 375
48.7 365
48.8 352
48.9 330
49 300
49.1 284
49.2 268
49.3 267
49.4 304
49.5 327
49.6 317
49.7 319
49.8 347
49.9 402
50 458
50.1 476
50.2 472
50.3 453
50.4 436
50.5 426
50.6 428
50.7 418
50.8 398
50.9 371
51 363
51.1 355
51.2 349
51.3 349
51.4 344
51.5 345
51.6 343
51.7 349
51.8 341
51.9 333
52 316
52.1 330
52.2 340
52.3 328
52.4 339
52.5 318
52.6 326
52.7 326
52.8 318
52.9 327
53 329
53.1 327
53.2 324
53.3 336
53.4 318
53.5 314
53.6 302
53.7 290
53.8 290
53.9 271
54 257
54.1 233
54.2 223
54.3 206
54.4 196
54.5 184
54.6 189
54.7 194
54.8 192
54.9 215
55 210
55.1 203
55.2 218
55.3 230
55.4 225
55.5 230
55.6 222
55.7 212
55.8 218
55.9 226
56 233
56.1 232
56.2 271
56.3 284
56.4 299
56.5 308
56.6 309
56.7 303
56.8 323
56.9 347
57 370
57.1 433
57.2 458
57.3 471
57.4 477
57.5 483
57.6 499
57.7 508
57.8 520
57.9 524
58 535
58.1 550
58.2 566
58.3 576
58.4 586
58.5 607
58.6 628
58.7 641
58.8 659
58.9 685
59 708
59.1 723
59.2 745
59.3 765
59.4 794
59.5 826
59.6 852
59.7 878
59.8 903
59.9 934
60 977
60.1 1014
60.2 1054
60.3 1087
60.4 1117
60.5 1145
60.6 1178
60.7 1190
60.8 1221
60.9 1255
61 1290
61.1 1336
61.2 1358
61.3 1373
61.4 1409
61.5 1437
61.6 1457
61.7 1496
61.8 1514
61.9 1548
62 1567
62.1 1595
62.2 1621
62.3 1640
62.4 1674
62.5 1689
62.6 1715
62.7 1745
62.8 1743
62.9 1753
63 1731
63.1 1647
63.2 1567
63.3 1445
63.4 1339
63.5 1228
63.6 1142
63.7 1039
63.8 966
63.9 895
64 832
64.1 783
64.2 715
64.3 670
64.4 623
64.5 582
64.6 553
64.7 516
64.8 484
64.9 458
65 457
65.1 427
65.2 394
65.3 390
65.4 374
65.5 368
65.6 344
65.7 317
65.8 306
65.9 312
66 327
66.1 324
66.2 319
66.3 314
66.4 303
66.5 281
66.6 268
66.7 263
66.8 251
66.9 250
67 245
67.1 258
67.2 266
67.3 270
67.4 260
67.5 256
67.6 252
67.7 249
67.8 256
67.9 255
68 263
68.1 273
68.2 283
68.3 303
68.4 301
68.5 315
68.6 346
68.7 343
68.8 340
68.9 323
69 299
69.1 293
69.2 267
69.3 264
69.4 297
69.5 290
69.6 272
69.7 268
69.8 265
69.9 261
70 258
70.1 273
70.2 293
70.3 290
70.4 278
70.5 292
70.6 297
70.7 295
70.8 288
70.9 297
71 296
71.1 296
71.2 282
71.3 302
71.4 296
71.5 297
71.6 299
71.7 326
71.8 349
71.9 383
72 369
72.1 390
72.2 394
72.3 384
72.4 362
72.5 332
72.6 312
72.7 316
72.8 293
72.9 288
73 293
73.1 297
73.2 298
73.3 293
73.4 270
73.5 261
73.6 261
73.7 252
73.8 241
73.9 234
74 254
74.1 340
74.2 424
74.3 461
74.4 476
74.5 483
74.6 476
74.7 463
74.8 453
74.9 449
75 439
75.1 404
75.2 387
75.3 363
75.4 352
75.5 384
75.6 394
75.7 386
75.8 382
75.9 379
76 405
76.1 419
76.2 421
76.3 424
76.4 419
76.5 419
76.6 411
76.7 388
76.8 376
76.9 373
77 368
77.1 401
77.2 456
77.3 463
77.4 449
77.5 463
77.6 493
77.7 509
77.8 517
77.9 518
78 519
78.1 521
78.2 523
78.3 525
78.4 530
78.5 535
78.6 542
78.7 549
78.8 556
78.9 555
79 567
79.1 579
79.2 587
79.3 605
79.4 618
79.5 631
79.6 644
79.7 657
79.8 674
79.9 694
80 712
80.1 735
80.2 764
80.3 779
80.4 802
80.5 826
80.6 855
80.7 878
80.8 909
80.9 932
81 955
81.1 983
81.2 1009
81.3 1039
81.4 1064
81.5 1097
81.6 1130
81.7 1153
81.8 1185
81.9 1216
82 1238
82.1 1253
82.2 1286
82.3 1305
82.4 1336
82.5 1359
82.6 1395
82.7 1420
82.8 1446
82.9 1486
83 1507
83.1 1530
83.2 1553
83.3 1587
83.4 1610
83.5 1635
83.6 1663
83.7 1672
83.8 1680
83.9 1680
84 1695
84.1 1702
84.2 1683
84.3 1625
84.4 1481
84.5 1401
84.6 1259
84.7 1161
84.8 1044
84.9 953
85 869
85.1 787
85.2 738
85.3 688
85.4 637
85.5 602
85.6 565
85.7 525
85.8 480
85.9 450
86 440
86.1 428
86.2 422
86.3 404
86.4 382
86.5 364
86.6 345
86.7 338
86.8 340
86.9 344
87 351
87.1 336
87.2 331
87.3 338
87.4 325
87.5 328
87.6 315
87.7 307
87.8 301
87.9 304
88 313
88.1 325
88.2 321
88.3 330
88.4 326
88.5 313
88.6 296
88.7 273
88.8 261
88.9 243
89 227
89.1 242
89.2 263
89.3 266
89.4 263
89.5 257
89.6 264
89.7 263
89.8 263
89.9 264
90 251
90.1 241
90.2 227
90.3 217
90.4 222
90.5 232
90.6 332
90.7 372
90.8 386
90.9 375
91 370
91.1 360
91.2 344
91.3 345
91.4 330
91.5 332
91.6 323
91.7 321
91.8 313
91.9 304
92 291
92.1 283
92.2 293
92.3 294
92.4 297
92.5 274
92.6 272
92.7 275
92.8 275
92.9 269
93 276
93.1 276
93.2 288
93.3 300
93.4 303
93.5 299
93.6 304
93.7 290
93.8 278
93.9 271
94 269
94.1 269
94.2 255
94.3 245
94.4 235
94.5 228
94.6 222
94.7 221
94.8 221
94.9 234
95 232
95.1 240
95.2 236
95.3 241
95.4 245
95.5 256
95.6 267
95.7 278
95.8 293
95.9 320
96 316
96.1 309
96.2 298
96.3 292
96.4 285
96.5 271
96.6 261
96.7 251
96.8 238
96.9 231
97 213
97.1 217
97.2 223
97.3 226
97.4 219
97.5 213
97.6 216
97.7 219
97.8 228
97.9 240
98 255
98.1 245
98.2 247
98.3 227
98.4 224
98.5 227
98.6 217
98.7 224
98.8 233
98.9 256
99 252
99.1 255
99.2 262
99.3 276
99.4 286
99.5 293
99.6 366
99.7 416
99.8 430
99.9 434
100 447
100.1 449
100.2 456
100.3 472
100.4 479
100.5 493
100.6 503
100.7 512
100.8 526
100.9 535
101 554
101.1 576
101.2 595
101.3 611
101.4 627
101.5 651
101.6 671
101.7 693
101.8 709
101.9 726
102 738
102.1 762
102.2 784
102.3 800
102.4 831
102.5 848
102.6 877
102.7 898
102.8 920
102.9 936
103 956
103.1 979
103.2 1003
103.3 1027
103.4 1054
103.5 1081
103.6 1117
103.7 1141
103.8 1167
103.9 1200
104 1225
104.1 1254
104.2 1292
104.3 1325
104.4 1353
104.5 1386
104.6 1409
104.7 1438
104.8 1475
104.9 1480
105 1490
105.1 1533
105.2 1560
105.3 1596
105.4 1599
105.5 1569
105.6 1466
105.7 1360
105.8 1243
105.9 1143
106 1070
106.1 1010
106.2 942
106.3 868
106.4 802
106.5 743
106.6 684
106.7 633
106.8 601
106.9 580
107 548
107.1 533
107.2 505
107.3 485
107.4 462
107.5 446
107.6 439
107.7 434
107.8 401
107.9 378
108 374
108.1 366
108.2 345
108.3 327
108.4 304
108.5 291
108.6 285
108.7 285
108.8 264
108.9 252
109 240
109.1 230
109.2 235
109.3 239
109.4 226
109.5 222
109.6 232
109.7 250
109.8 256
109.9 241
110 234
110.1 217
110.2 216
110.3 204
110.4 198
110.5 183
110.6 174
110.7 168
110.8 176
110.9 190
111 203
111.1 210
111.2 227
111.3 226
111.4 225
111.5 219
111.6 240
111.7 238
111.8 225
111.9 228
112 233
112.1 242
112.2 280
112.3 315
112.4 309
112.5 304
112.6 295
112.7 291
112.8 285
112.9 276
113 266
113.1 276
113.2 300
113.3 330
113.4 348
113.5 355
113.6 360
113.7 357
113.8 333
113.9 304
114 301
114.1 287
114.2 297
114.3 306
114.4 310
114.5 308
114.6 292
114.7 283
114.8 270
114.9 255
115 235
115.1 222
115.2 224
115.3 247
115.4 278
115.5 279
115.6 267
115.7 249
115.8 231
115.9 225
116 217
116.1 230
116.2 227
116.3 238
116.4 247
116.5 267
116.6 341
116.7 398
116.8 419
116.9 399
117 384
117.1 377
117.2 387
117.3 393
117.4 422
117.5 452
117.6 485
117.7 497
117.8 503
117.9 508
118 506
118.1 527
118.2 524
118.3 529
118.4 544
118.5 543
118.6 558
118.7 568
118.8 577
118.9 592
119 608
119.1 625
119.2 635
119.3 649
119.4 661
119.5 684
119.6 702
119.7 724
119.8 736
119.9 747
120 767
120.1 789
120.2 815
120.3 839
120.4 878
120.5 898
120.6 921
120.7 959
120.8 985
120.9 1012
121 1040
121.1 1063
121.2 1089
121.3 1102
121.4 1126
121.5 1168
121.6 1203
121.7 1231
121.8 1272
121.9 1303
122 1335
122.1 1371
122.2 1402
122.3 1444
122.4 1475
122.5 1495
122.6 1527
122.7 1554
122.8 1583
122.9 1643
123 1681
123.1 1713
123.2 1735
123.3 1742
123.4 1726
123.5 1672
123.6 1553
123.7 1424
123.8 1319
123.9 1197
124 1118
124.1 1044
124.2 990
124.3 917
124.4 865
124.5 789
124.6 747
124.7 710
124.8 691
124.9 638
125 613
125.1 587
125.2 560
125.3 526
125.4 476
125.5 453
125.6 428
125.7 419
125.8 391
125.9 377
126 381
126.1 371
126.2 383
126.3 379
126.4 360
126.5 333
126.6 306
126.7 297
126.8 300
126.9 278
127 276
127.1 279
127.2 280
127.3 290
127.4 283
127.5 283
127.6 280
127.7 294
127.8 295
127.9 283
128 264
128.1 250
128.2 249
128.3 244
128.4 255
128.5 248
128.6 249
128.7 243
128.8 232
128.9 262
129 275
129.1 288
129.2 290
129.3 309
129.4 317
129.5 308
129.6 301
129.7 300
129.8 292
129.9 313
130 333
130.1 340
130.2 338
130.3 338
130.4 335
130.5 328
130.6 327
130.7 316
130.8 301
130.9 301
131 284
131.1 267
131.2 266
131.3 270
131.4 284
131.5 298
131.6 280
131.7 285
131.8 291
131.9 285
132 273
132.1 265
132.2 266
132.3 253
132.4 235
132.5 232
132.6 235
132.7 233
132.8 247
132.9 246
133 259
133.1 271
133.2 283
133.3 277
133.4 266
133.5 251
133.6 262
133.7 255
133.8 246
133.9 245
134 233
134.1 231
134.2 220
134.3 209
134.4 217
134.5 217
134.6 221
134.7 214
134.8 200
134.9 195
135 186
135.1 189
135.2 209
135.3 225
135.4 233
135.5 242
135.6 242
135.7 243
135.8 244
135.9 249
136 275
136.1 308
136.2 320
136.3 359
136.4 367
136.5 366
136.6 355
136.7 341
136.8 326
136.9 315
137 307
137.1 312
137.2 308
137.3 290
137.4 287
137.5 286
137.6 296
137.7 281
137.8 290
137.9 295
138 297
138.1 297
138.2 289
138.3 284
138.4 280
138.5 261
138.6 258
138.7 287
138.8 316
138.9 324
139 315
139.1 315
139.2 300
139.3 287
139.4 279
139.5 263
139.6 249
139.7 236
139.8 229
139.9 234
140 237
140.1 251
140.2 280
140.3 301
140.4 302
140.5 311
140.6 301
140.7 301
140.8 313
140.9 339
141 359
141.1 362
141.2 355
141.3 350
141.4 350
141.5 344
141.6 357
141.7 362
141.8 372
141.9 382
142 409
142.1 429
142.2 453
142.3 463
142.4 465
142.5 482
142.6 486
142.7 494
142.8 508
142.9 520
143 526
143.1 544
143.2 542
143.3 556
143.4 566
143.5 581
143.6 596
143.7 621
143.8 637
143.9 646
144 670
144.1 686
144.2 709
144.3 735
144.4 753
144.5 779
144.6 798
144.7 821
144.8 846
144.9 864
145 892
145.1 917
145.2 945
145.3 977
145.4 1001
145.5 1036
145.6 1071
145.7 1091
145.8 1110
145.9 1136
146 1177
146.1 1206
146.2 1233
146.3 1278
146.4 1302
146.5 1330
146.6 1343
146.7 1387
146.8 1405
146.9 1447
147 1470
147.1 1498
147.2 1527
147.3 1557
147.4 1574
147.5 1608
147.6 1637
147.7 1647
147.8 1690
147.9 1722
148 1750
148.1 1766
148.2 1794
148.3 1789
148.4 1787
148.5 1730
148.6 1621
148.7 1481
148.8 1352
148.9 1255
149 1198
149.1 1205
149.2 1142
149.3 1051
149.4 999
149.5 930
149.6 885
149.7 847
149.8 798
149.9 750
150 714
150.1 657
150.2 596
150.3 538
150.4 529
150.5 504
150.6 468
150.7 449
150.8 423
150.9 404
151 379
151.1 369
151.2 361
151.3 373
151.4 374
151.5 379
151.6 367
151.7 362
151.8 362
151.9 365
152 363
152.1 362
152.2 339
152.3 324
152.4 309
152.5 306
152.6 301
152.7 302
152.8 294
152.9 285
153 273
153.1 253
153.2 237
153.3 231
153.4 225
153.5 246
153.6 271
153.7 284
153.8 293
153.9 288
154 320
154.1 325
154.2 312
154.3 297
154.4 298
154.5 296
154.6 297
154.7 304
154.8 295
154.9 288
155 264
155.1 233
155.2 222
155.3 214
155.4 209
155.5 226
155.6 241
155.7 268
155.8 285
155.9 283
156 287
156.1 300
156.2 290
156.3 299
156.4 291
156.5 315
156.6 339
156.7 362
156.8 360
156.9 355
157 344
157.1 326
157.2 309
157.3 314
157.4 321
157.5 323
157.6 309
157.7 304
157.8 285
157.9 273
158 277
158.1 275
158.2 269
158.3 281
158.4 294
158.5 299
158.6 284
158.7 268
158.8 255
158.9 245
159 299
159.1 385
159.2 428
159.3 436
159.4 421
159.5 408
159.6 384
159.7 367
159.8 340
159.9 316
160 315
160.1 308
160.2 308
160.3 385
160.4 426
160.5 429
160.6 429
160.7 467
160.8 484
160.9 483
161 478
161.1 482
161.2 488
161.3 488
161.4 481
161.5 468
161.6 455
161.7 427
161.8 413
161.9 394
162 384
162.1 361
162.2 348
162.3 334
162.4 353
162.5 346
162.6 329
162.7 306
162.8 282
162.9 268
163 265
163.1 249
163.2 237
163.3 244
163.4 223
163.5 213
163.6 209
163.7 196
163.8 198
163.9 220
164 233
164.1 234
164.2 221
164.3 213
164.4 228
164.5 254
164.6 301
164.7 308
164.8 296
164.9 269
165 240
165.1 216
165.2 222
165.3 215
165.4 199
165.5 202
165.6 198
165.7 224
165.8 234
165.9 236
166 238
166.1 235
166.2 226
166.3 237
166.4 293
166.5 321
166.6 347
166.7 351
166.8 354
166.9 353
167 335
167.1 332
167.2 315
167.3 296
167.4 297
167.5 285
167.6 287
167.7 292
167.8 287
167.9 270
168 265
168.1 256
168.2 270
168.3 268
168.4 264
168.5 293
168.6 360
168.7 379
168.8 387
168.9 393
169 391
169.1 410
169.2 412
169.3 420
169.4 427
169.5 426
169.6 436
169.7 443
169.8 446
169.9 459
170 470
170.1 480
170.2 500
170.3 519
170.4 538
170.5 553
170.6 569
170.7 591
170.8 610
170.9 629
171 656
171.1 685
171.2 711
171.3 719
171.4 755
171.5 783
171.6 808
171.7 831
171.8 841
171.9 862
172 885
172.1 914
172.2 940
172.3 963
172.4 993
172.5 1031
172.6 1055
172.7 1092
172.8 1133
172.9 1150
173 1187
173.1 1213
173.2 1233
173.3 1260
173.4 1299
173.5 1318
173.6 1352
173.7 1367
173.8 1412
173.9 1455
174 1463
174.1 1498
174.2 1535
174.3 1557
174.4 1574
174.5 1589
174.6 1597
174.7 1587
174.8 1588
174.9 1535
175 1505
175.1 1486
175.2 1474
175.3 1416
175.4 1354
175.5 1247
175.6 1168
175.7 1066
175.8 1003
175.9 934
176 890
176.1 837
176.2 790
176.3 742
176.4 691
176.5 651
176.6 591
176.7 543
176.8 502
176.9 467
177 443
177.1 426
177.2 422
177.3 405
177.4 400
177.5 378
177.6 373
177.7 354
177.8 331
177.9 305
178 289
178.1 274
178.2 259
178.3 254
178.4 236
178.5 222
178.6 215
178.7 229
178.8 224
178.9 231
179 247
179.1 253
179.2 242
179.3 250
179.4 289
179.5 303
179.6 308
179.7 309
179.8 308
179.9 316
180 312
180.1 305
180.2 298
180.3 278
180.4 277
180.5 275
180.6 260
180.7 253
180.8 239
180.9 227
181 242
181.1 244
181.2 253
181.3 260
181.4 263
181.5 267
181.6 263
181.7 286
181.8 277
181.9 261
182 242
182.1 224
182.2 224
182.3 251
182.4 296
182.5 282
182.6 265
182.7 262
182.8 250
182.9 236
183 216
183.1 251
183.2 281
183.3 293
183.4 299
183.5 289
183.6 274
183.7 268
183.8 275
183.9 283
184 272
184.1 269
184.2 265
184.3 261
184.4 266
184.5 277
184.6 277
184.7 290
184.8 288
184.9 276
185 270
185.1 279
185.2 276
185.3 278
185.4 289
185.5 326
185.6 361
185.7 391
185.8 381
185.9 374
186 348
186.1 342
186.2 325
186.3 327
186.4 331
186.5 309
186.6 314
186.7 329
186.8 335
186.9 344
187 347
187.1 357
187.2 340
187.3 338
187.4 337
187.5 326
187.6 318
187.7 319
187.8 318
187.9 312
188 316
188.1 302
188.2 302
188.3 297
188.4 299
188.5 296
188.6 297
188.7 279
188.8 268
188.9 243
189 233
189.1 249
189.2 262
189.3 246
189.4 241
189.5 239
189.6 278
189.7 300
189.8 309
189.9 294
190 281
190.1 275
190.2 276
190.3 271
190.4 267
190.5 264
190.6 308
190.7 334
190.8 347
190.9 360
191 378
191.1 382
191.2 386
191.3 391
191.4 395
191.5 404
191.6 406
191.7 411
191.8 417
191.9 426
192 438
192.1 456
192.2 464
192.3 476
192.4 490
192.5 502
192.6 518
192.7 534
192.8 552
192.9 568
193 585
193.1 599
193.2 641
193.3 659
193.4 680
193.5 693
193.6 711
193.7 733
193.8 761
193.9 797
194 806
194.1 834
194.2 859
194.3 887
194.4 923
194.5 956
194.6 980
194.7 1000
194.8 1022
194.9 1049
195 1082
195.1 1105
195.2 1146
195.3 1166
195.4 1206
195.5 1228
195.6 1259
195.7 1282
195.8 1312
195.9 1341
196 1370
196.1 1399
196.2 1417
196.3 1425
196.4 1436
196.5 1423
196.6 1431
196.7 1456
196.8 1428
196.9 1421
197 1403
197.1 1410
197.2 1355
197.3 1283
197.4 1189
197.5 1114
197.6 1027
197.7 964
197.8 901
197.9 847
198 817
198.1 776
198.2 735
198.3 679
198.4 629
198.5 584
198.6 545
198.7 514
198.8 490
198.9 466
199 431
199.1 404
199.2 385
199.3 365
199.4 343
199.5 320
199.6 284
199.7 267
199.8 267
199.9 259
200 250
