0 0
0.1 0
0.2 0
0.3 0
0.4 0
0.5 1
0.6 0
0.7 0
0.8 0
0.9 1
1 2
1.1 0
1.2 0
1.3 2
1.4 3
1.5 0
1.6 1
1.7 2
1.8 2
1.9 1
2 3
2.1 0
2.2 2
2.3 1
2.4 1
2.5 3
2.6 2
2.7 1
2.8 2
2.9 2
3 3
3.1 2
3.2 3
3.3 0
3.4 1
3.5 2
3.6 1
3.7 1
3.8 1
3.9 3
4 2
4.1 1
4.2 7
4.3 2
4.4 9
4.5 5
4.6 5
4.7 7
4.8 5
4.9 6
5 8
5.1 6
5.2 11
5.3 8
5.4 12
5.5 11
5.6 6
5.7 9
5.8 9
5.9 9
6 3
6.1 5
6.2 10
6.3 19
6.4 12
6.5 13
6.6 8
6.7 11
6.8 22
6.9 21
7 25
7.1 24
7.2 31
7.3 45
7.4 41
7.5 55
7.6 73
7.7 56
7.8 66
7.9 87
8 94
8.1 148
8.2 256
8.3 356
8.4 494
8.5 635
8.6 721
8.7 804
8.8 891
8.9 978
9 1043
9.1 1085
9.2 1153
9.3 1194
9.4 1257
9.5 1275
9.6 1307
9.7 1320
9.8 1369
9.9 1383
10 1371
10.1 1356
10.2 1362
10.3 1367
10.4 1381
10.5 1372
10.6 1362
10.7 1356
10.8 1327
10.9 1280
11 1250
11.1 1241
11.2 1244
11.3 1219
11.4 1211
11.5 1200
11.6 1172
11.7 1163
11.8 1161
11.9 1153
12 1151
12.1 1147
12.2 1040
12.3 1029
12.4 1033
12.5 1026
12.6 1009
12.7 983
12.8 950
12.9 925
13 927
13.1 932
13.2 922
13.3 912
13.4 909
13.5 908
13.6 891
13.7 873
13.8 860
13.9 847
14 826
14.1 814
14.2 780
14.3 709
14.4 676
14.5 676
14.6 697
14.7 703
14.8 701
14.9 701
15 695
15.1 699
15.2 681
15.3 688
15.4 677
15.5 654
15.6 659
15.7 648
15.8 627
15.9 599
16 587
16.1 566
16.2 550
16.3 534
16.4 535
16.5 516
16.6 471
16.7 466
16.8 459
16.9 465
17 446
17.1 450
17.2 463
17.3 461
17.4 474
17.5 462
17.6 448
17.7 441
17.8 446
17.9 436
18 437
18.1 430
18.2 426
18.3 438
18.4 441
18.5 441
18.6 449
18.7 443
18.8 405
18.9 393
19 398
19.1 388
19.2 368
19.3 355
19.4 348
19.5 332
19.6 327
19.7 318
19.8 195
19.9 94
20 39
20.1 20
20.2 12
20.3 9
20.4 6
20.5 5
20.6 5
20.7 8
20.8 6
20.9 5
21 8
21.1 3
21.2 4
21.3 7
21.4 6
21.5 2
21.6 8
21.7 5
21.8 5
21.9 1
22 1
22.1 6
22.2 9
22.3 8
22.4 8
22.5 5
22.6 9
22.7 6
22.8 2
22.9 4
23 10
23.1 7
23.2 12
23.3 8
23.4 8
23.5 3
23.6 9
23.7 9
23.8 9
23.9 10
24 15
24.1 11
24.2 17
24.3 13
24.4 19
24.5 23
24.6 15
24.7 16
24.8 25
24.9 15
25 23
25.1 27
25.2 43
25.3 58
25.4 94
25.5 196
25.6 292
25.7 420
25.8 560
25.9 657
26 723
26.1 786
26.2 851
26.3 917
26.4 946
26.5 985
26.6 1012
26.7 1038
26.8 1075
26.9 1083
27 1091
27.1 1106
27.2 1138
27.3 1153
27.4 1175
27.5 1169
27.6 1171
27.7 1174
27.8 1177
27.9 1182
28 1180
28.1 1174
28.2 1156
28.3 1115
28.4 1092
28.5 1083
28.6 1066
28.7 1057
28.8 1030
28.9 1007
29 973
29.1 956
29.2 941
29.3 933
29.4 937
29.5 921
29.6 919
29.7 919
29.8 902
29.9 906
30 918
30.1 897
30.2 894
30.3 866
30.4 845
30.5 834
30.6 834
30.7 807
30.8 758
30.9 744
31 732
31.1 740
31.2 728
31.3 707
31.4 644
31.5 617
31.6 622
31.7 547
31.8 540
31.9 527
32 518
32.1 524
32.2 524
32.3 505
32.4 503
32.5 505
32.6 516
32.7 522
32.8 541
32.9 547
33 546
33.1 539
33.2 536
33.3 514
33.4 482
33.5 482
33.6 481
33.7 481
33.8 477
33.9 470
34 446
34.1 440
34.2 437
34.3 434
34.4 416
34.5 402
34.6 368
34.7 357
34.8 331
34.9 311
35 331
35.1 328
35.2 316
35.3 307
35.4 305
35.5 270
35.6 264
35.7 264
35.8 252
35.9 252
36 253
36.1 261
36.2 265
36.3 248
36.4 252
36.5 261
36.6 255
36.7 221
36.8 204
36.9 220
37 220
37.1 225
37.2 229
37.3 233
37.4 220
37.5 167
37.6 124
37.7 102
37.8 101
37.9 91
38 86
38.1 94
38.2 106
38.3 98
38.4 93
38.5 106
38.6 107
38.7 108
38.8 104
38.9 51
39 13
39.1 16
39.2 11
39.3 11
39.4 4
39.5 7
39.6 12
39.7 5
39.8 7
39.9 7
40 4
40.1 5
40.2 7
40.3 7
40.4 6
40.5 6
40.6 7
40.7 4
40.8 6
40.9 7
41 9
41.1 4
41.2 6
41.3 2
41.4 1
41.5 6
41.6 2
41.7 7
41.8 1
41.9 11
42 15
42.1 5
42.2 7
42.3 4
42.4 10
42.5 15
42.6 21
42.7 11
42.8 14
42.9 11
43 14
43.1 25
43.2 31
43.3 31
43.4 17
43.5 18
43.6 24
43.7 32
43.8 35
43.9 41
44 33
44.1 60
44.2 87
44.3 163
44.4 278
44.5 400
44.6 534
44.7 641
44.8 737
44.9 814
45 889
45.1 934
45.2 991
45.3 1031
45.4 1036
45.5 1070
45.6 1104
45.7 1126
45.8 1114
45.9 1130
46 1147
46.1 1187
46.2 1229
46.3 1250
46.4 1250
46.5 1254
46.6 1261
46.7 1257
46.8 1237
46.9 1229
47 1213
47.1 1213
47.2 1182
47.3 1165
47.4 1147
47.5 1107
47.6 1085
47.7 1068
47.8 1043
47.9 1029
48 998
48.1 899
48.2 841
48.3 814
48.4 828
48.5 826
48.6 833
48.7 831
48.8 823
48.9 829
49 837
49.1 828
49.2 828
49.3 819
49.4 767
49.5 726
49.6 724
49.7 713
49.8 675
49.9 606
50 542
50.1 515
50.2 510
50.3 522
50.4 527
50.5 529
50.6 517
50.7 517
50.8 529
50.9 541
51 547
51.1 547
51.2 539
51.3 526
51.4 520
51.5 505
51.6 495
51.7 482
51.8 485
51.9 487
52 497
52.1 477
52.2 461
52.3 468
52.4 453
52.5 467
52.6 447
52.7 443
52.8 444
52.9 430
53 420
53.1 413
53.2 407
53.3 384
53.4 394
53.5 392
53.6 394
53.7 406
53.8 399
53.9 411
54 420
54.1 436
54.2 438
54.3 455
54.4 464
54.5 471
54.6 453
54.7 439
54.8 431
54.9 400
55 396
55.1 396
55.2 379
55.3 361
55.4 359
55.5 352
55.6 355
55.7 355
55.8 343
55.9 329
56 312
56.1 308
56.2 265
56.3 249
56.4 230
56.5 213
56.6 207
56.7 211
56.8 189
56.9 162
57 130
57.1 67
57.2 45
57.3 33
57.4 27
57.5 22
57.6 13
57.7 13
57.8 8
57.9 10
58 9
58.1 4
58.2 5
58.3 4
58.4 9
58.5 5
58.6 2
58.7 4
58.8 6
58.9 4
59 2
59.1 4
59.2 9
59.3 9
59.4 6
59.5 8
59.6 5
59.7 9
59.8 8
59.9 12
60 8
60.1 8
60.2 8
60.3 8
60.4 6
60.5 8
60.6 7
60.7 9
60.8 9
60.9 8
61 15
61.1 7
61.2 15
61.3 17
61.4 17
61.5 15
61.6 21
61.7 12
61.8 24
61.9 18
62 25
62.1 28
62.2 28
62.3 33
62.4 27
62.5 41
62.6 56
62.7 48
62.8 77
62.9 89
63 141
63.1 243
63.2 337
63.3 473
63.4 594
63.5 720
63.6 814
63.7 924
63.8 988
63.9 1059
64 1108
64.1 1146
64.2 1195
64.3 1233
64.4 1259
64.5 1285
64.6 1300
64.7 1326
64.8 1346
64.9 1356
65 1334
65.1 1346
65.2 1364
65.3 1353
65.4 1341
65.5 1329
65.6 1343
65.7 1357
65.8 1342
65.9 1310
66 1273
66.1 1247
66.2 1239
66.3 1233
66.4 1224
66.5 1230
66.6 1214
66.7 1204
66.8 1198
66.9 1175
67 1161
67.1 1138
67.2 1114
67.3 1094
67.4 1081
67.5 1075
67.6 1065
67.7 1051
67.8 1024
67.9 1002
68 979
68.1 949
68.2 920
68.3 890
68.4 872
68.5 842
68.6 796
68.7 788
68.8 779
68.9 786
69 792
69.1 784
69.2 800
69.3 794
69.4 753
69.5 751
69.6 757
69.7 749
69.8 739
69.9 722
70 713
70.1 687
70.2 647
70.3 638
70.4 637
70.5 613
70.6 597
70.7 590
70.8 586
70.9 564
71 555
71.1 541
71.2 541
71.3 515
71.4 510
71.5 501
71.6 492
71.7 454
71.8 421
71.9 382
72 390
72.1 362
72.2 353
72.3 357
72.4 373
72.5 397
72.6 409
72.7 393
72.8 409
72.9 410
73 399
73.1 390
73.2 380
73.3 382
73.4 400
73.5 404
73.6 393
73.7 399
73.8 400
73.9 394
74 364
74.1 268
74.2 182
74.3 145
74.4 129
74.5 119
74.6 125
74.7 137
74.8 145
74.9 146
75 154
75.1 186
75.2 202
75.3 220
75.4 227
75.5 193
75.6 180
75.7 185
75.8 187
75.9 188
76 156
76.1 139
76.2 137
76.3 132
76.4 136
76.5 133
76.6 138
76.7 154
76.8 165
76.9 166
77 168
77.1 134
77.2 77
77.3 70
77.4 83
77.5 66
77.6 36
77.7 18
77.8 10
77.9 9
78 8
78.1 6
78.2 5
78.3 4
78.4 4
78.5 5
78.6 4
78.7 2
78.8 1
78.9 5
79 5
79.1 3
79.2 6
79.3 4
79.4 4
79.5 4
79.6 2
79.7 4
79.8 2
79.9 2
80 4
80.1 1
80.2 2
80.3 5
80.4 6
80.5 6
80.6 2
80.7 7
80.8 7
80.9 9
81 9
81.1 12
81.2 16
81.3 8
81.4 7
81.5 11
81.6 9
81.7 11
81.8 9
81.9 8
82 15
82.1 21
82.2 16
82.3 22
82.4 18
82.5 20
82.6 19
82.7 25
82.8 25
82.9 26
83 27
83.1 28
83.2 38
83.3 31
83.4 36
83.5 28
83.6 34
83.7 56
83.8 61
83.9 92
84 101
84.1 125
84.2 171
84.3 257
84.4 416
84.5 514
84.6 660
84.7 761
84.8 880
84.9 972
85 1058
85.1 1154
85.2 1204
85.3 1242
85.4 1286
85.5 1302
85.6 1321
85.7 1355
85.8 1370
85.9 1385
86 1386
86.1 1390
86.2 1385
86.3 1387
86.4 1400
86.5 1397
86.6 1404
86.7 1391
86.8 1364
86.9 1338
87 1310
87.1 1316
87.2 1295
87.3 1272
87.4 1270
87.5 1249
87.6 1250
87.7 1238
87.8 1220
87.9 1191
88 1163
88.1 1136
88.2 1126
88.3 1103
88.4 1086
88.5 1082
88.6 1073
88.7 1073
88.8 1057
88.9 1062
89 1061
89.1 1022
89.2 984
89.3 969
89.4 961
89.5 950
89.6 927
89.7 916
89.8 899
89.9 884
90 876
90.1 870
90.2 863
90.3 870
90.4 857
90.5 838
90.6 723
90.7 668
90.8 643
90.9 643
91 641
91.1 641
91.2 644
91.3 634
91.4 632
91.5 620
91.6 623
91.7 617
91.8 616
91.9 609
92 603
92.1 601
92.2 580
92.3 569
92.4 557
92.5 570
92.6 563
92.7 554
92.8 546
92.9 546
93 533
93.1 526
93.2 508
93.3 485
93.4 475
93.5 478
93.6 461
93.7 466
93.8 473
93.9 470
94 465
94.1 455
94.2 463
94.3 469
94.4 471
94.5 463
94.6 460
94.7 456
94.8 446
94.9 428
95 420
95.1 405
95.2 405
95.3 392
95.4 378
95.5 360
95.6 339
95.7 323
95.8 303
95.9 265
96 264
96.1 263
96.2 271
96.3 274
96.4 275
96.5 284
96.6 292
96.7 290
96.8 299
96.9 301
97 312
97.1 300
97.2 289
97.3 282
97.4 281
97.5 280
97.6 272
97.7 259
97.8 247
97.9 234
98 215
98.1 219
98.2 208
98.3 225
98.4 224
98.5 217
98.6 223
98.7 215
98.8 207
98.9 179
99 185
99.1 184
99.2 177
99.3 160
99.4 151
99.5 144
99.6 68
99.7 22
99.8 9
99.9 9
100 4
100.1 10
100.2 10
100.3 3
100.4 5
100.5 2
100.6 6
100.7 5
100.8 2
100.9 7
101 5
101.1 2
101.2 4
101.3 4
101.4 5
101.5 7
101.6 6
101.7 3
101.8 6
101.9 6
102 7
102.1 5
102.2 7
102.3 8
102.4 3
102.5 8
102.6 4
102.7 3
102.8 4
102.9 5
103 5
103.1 7
103.2 10
103.3 7
103.4 6
103.5 9
103.6 8
103.7 6
103.8 7
103.9 9
104 16
104.1 14
104.2 5
104.3 11
104.4 12
104.5 15
104.6 22
104.7 24
104.8 35
104.9 65
105 82
105.1 62
105.2 61
105.3 63
105.4 93
105.5 151
105.6 272
105.7 403
105.8 534
105.9 646
106 729
106.1 799
106.2 872
106.3 946
106.4 1011
106.5 1071
106.6 1132
106.7 1171
106.8 1189
106.9 1196
107 1222
107.1 1232
107.2 1247
107.3 1260
107.4 1274
107.5 1278
107.6 1264
107.7 1256
107.8 1275
107.9 1277
108 1264
108.1 1263
108.2 1259
108.3 1260
108.4 1263
108.5 1258
108.6 1245
108.7 1224
108.8 1239
108.9 1232
109 1220
109.1 1218
109.2 1199
109.3 1174
109.4 1160
109.5 1142
109.6 1110
109.7 1067
109.8 1042
109.9 1037
110 1027
110.1 1019
110.2 1003
110.3 1003
110.4 991
110.5 989
110.6 982
110.7 972
110.8 944
110.9 917
111 889
111.1 861
111.2 823
111.3 811
111.4 791
111.5 784
111.6 744
111.7 726
111.8 721
111.9 711
112 696
112.1 677
112.2 627
112.3 582
112.4 582
112.5 572
112.6 570
112.7 569
112.8 561
112.9 561
113 560
113.1 536
113.2 502
113.3 465
113.4 440
113.5 424
113.6 412
113.7 403
113.8 419
113.9 442
114 433
114.1 443
114.2 427
114.3 409
114.4 399
114.5 393
114.6 400
114.7 402
114.8 405
114.9 413
115 431
115.1 433
115.2 418
115.3 388
115.4 355
115.5 345
115.6 349
115.7 356
115.8 368
115.9 363
116 359
116.1 340
116.2 334
116.3 314
116.4 297
116.5 272
116.6 196
116.7 139
116.8 120
116.9 137
117 153
117.1 161
117.2 146
117.3 132
117.4 103
117.5 73
117.6 41
117.7 28
117.8 25
117.9 24
118 26
118.1 8
118.2 14
118.3 12
118.4 5
118.5 12
118.6 5
118.7 8
118.8 9
118.9 7
119 7
119.1 5
119.2 7
119.3 7
119.4 13
119.5 7
119.6 8
119.7 3
119.8 9
119.9 12
120 12
120.1 5
120.2 5
120.3 4
120.4 1
120.5 4
120.6 14
120.7 3
120.8 11
120.9 7
121 12
121.1 9
121.2 14
121.3 16
121.4 20
121.5 14
121.6 13
121.7 14
121.8 11
121.9 22
122 23
122.1 21
122.2 19
122.3 19
122.4 18
122.5 25
122.6 26
122.7 35
122.8 48
122.9 31
123 44
123.1 50
123.2 66
123.3 92
123.4 140
123.5 231
123.6 379
123.7 539
123.8 673
123.9 803
124 885
124.1 958
124.2 1024
124.3 1108
124.4 1161
124.5 1219
124.6 1252
124.7 1295
124.8 1304
124.9 1345
125 1361
125.1 1365
125.2 1383
125.3 1397
125.4 1420
125.5 1420
125.6 1427
125.7 1418
125.8 1431
125.9 1440
126 1417
126.1 1408
126.2 1392
126.3 1384
126.4 1380
126.5 1386
126.6 1399
126.7 1382
126.8 1359
126.9 1366
127 1343
127.1 1315
127.2 1280
127.3 1256
127.4 1245
127.5 1230
127.6 1216
127.7 1182
127.8 1162
127.9 1159
128 1153
128.1 1154
128.2 1134
128.3 1116
128.4 1086
128.5 1062
128.6 1041
128.7 1025
128.8 1015
128.9 972
129 940
129.1 917
129.2 895
129.3 855
129.4 831
129.5 822
129.6 811
129.7 801
129.8 799
129.9 762
130 731
130.1 713
130.2 702
130.3 683
130.4 675
130.5 666
130.6 657
130.7 660
130.8 665
130.9 653
131 657
131.1 656
131.2 648
131.3 637
131.4 609
131.5 589
131.6 589
131.7 578
131.8 561
131.9 561
132 561
132.1 562
132.2 551
132.3 549
132.4 552
132.5 546
132.6 535
132.7 525
132.8 498
132.9 486
133 468
133.1 451
133.2 424
133.3 423
133.4 424
133.5 431
133.6 415
133.7 418
133.8 417
133.9 409
134 414
134.1 409
134.2 412
134.3 410
134.4 390
134.5 383
134.6 376
134.7 377
134.8 384
134.9 382
135 384
135.1 375
135.2 349
135.3 326
135.4 311
135.5 294
135.6 287
135.7 284
135.8 275
135.9 263
136 228
136.1 191
136.2 177
136.3 133
136.4 122
136.5 119
136.6 127
136.7 138
136.8 154
136.9 163
137 166
137.1 154
137.2 155
137.3 172
137.4 171
137.5 165
137.6 153
137.7 163
137.8 150
137.9 142
138 137
138.1 136
138.2 143
138.3 146
138.4 143
138.5 159
138.6 158
138.7 128
138.8 97
138.9 89
139 97
139.1 95
139.2 112
139.3 123
139.4 129
139.5 139
139.6 150
139.7 159
139.8 164
139.9 155
140 148
140.1 134
140.2 106
140.3 91
140.4 91
140.5 87
140.6 99
140.7 102
140.8 88
140.9 69
141 52
141.1 52
141.2 64
141.3 72
141.4 77
141.5 84
141.6 76
141.7 75
141.8 70
141.9 65
142 44
142.1 31
142.2 20
142.3 9
142.4 15
142.5 5
142.6 13
142.7 13
142.8 7
142.9 8
143 8
143.1 0
143.2 9
143.3 3
143.4 3
143.5 4
143.6 10
143.7 4
143.8 3
143.9 8
144 7
144.1 8
144.2 6
144.3 3
144.4 5
144.5 7
144.6 6
144.7 7
144.8 2
144.9 5
145 5
145.1 4
145.2 3
145.3 4
145.4 10
145.5 9
145.6 8
145.7 6
145.8 10
145.9 11
146 9
146.1 7
146.2 11
146.3 6
146.4 9
146.5 7
146.6 22
146.7 7
146.8 21
146.9 13
147 23
147.1 19
147.2 17
147.3 14
147.4 25
147.5 18
147.6 17
147.7 43
147.8 31
147.9 31
148 32
148.1 44
148.2 39
148.3 70
148.4 97
148.5 175
148.6 304
148.7 452
148.8 583
148.9 689
149 757
149.1 743
149.2 810
149.3 901
149.4 953
149.5 1010
149.6 1050
149.7 1082
149.8 1118
149.9 1138
150 1164
150.1 1211
150.2 1251
150.3 1297
150.4 1292
150.5 1292
150.6 1309
150.7 1319
150.8 1328
150.9 1333
151 1344
151.1 1350
151.2 1336
151.3 1305
151.4 1274
151.5 1260
151.6 1256
151.7 1247
151.8 1234
151.9 1205
152 1183
152.1 1165
152.2 1165
152.3 1167
152.4 1168
152.5 1151
152.6 1136
152.7 1122
152.8 1114
152.9 1109
153 1093
153.1 1095
153.2 1084
153.3 1066
153.4 1055
153.5 1010
153.6 967
153.7 941
153.8 917
153.9 909
154 859
154.1 840
154.2 841
154.3 840
154.4 826
154.5 808
154.6 796
154.7 782
154.8 780
154.9 775
155 786
155.1 799
155.2 796
155.3 789
155.4 777
155.5 748
155.6 717
155.7 676
155.8 642
155.9 628
156 613
156.1 586
156.2 583
156.3 558
156.4 559
156.5 523
156.6 489
156.7 460
156.8 453
156.9 450
157 456
157.1 466
157.2 473
157.3 460
157.4 443
157.5 434
157.6 444
157.7 441
157.8 451
157.9 457
158 445
158.1 440
158.2 440
158.3 430
158.4 411
158.5 406
158.6 419
158.7 429
158.8 433
158.9 439
159 376
159.1 288
159.2 245
159.3 233
159.4 246
159.5 258
159.6 285
159.7 296
159.8 326
159.9 343
160 341
160.1 342
160.2 338
160.3 255
160.4 212
160.5 208
160.6 210
160.7 172
160.8 152
160.9 157
161 161
161.1 155
161.2 146
161.3 147
161.4 154
161.5 167
161.6 178
161.7 201
161.8 215
161.9 236
162 246
162.1 269
162.2 274
162.3 284
162.4 269
162.5 271
162.6 283
162.7 302
162.8 326
162.9 332
163 331
163.1 339
163.2 347
163.3 333
163.4 349
163.5 355
163.6 352
163.7 361
163.8 351
163.9 326
164 305
164.1 298
164.2 306
164.3 307
164.4 287
164.5 256
164.6 205
164.7 194
164.8 203
164.9 228
165 252
165.1 269
165.2 258
165.3 265
165.4 278
165.5 272
165.6 274
165.7 246
165.8 228
165.9 216
166 207
166.1 209
166.2 216
166.3 200
166.4 143
166.5 113
166.6 87
166.7 82
166.8 80
166.9 81
167 98
167.1 100
167.2 117
167.3 136
167.4 131
167.5 138
167.6 136
167.7 129
167.8 131
167.9 147
168 152
168.1 161
168.2 142
168.3 142
168.4 145
168.5 110
168.6 45
168.7 28
168.8 22
168.9 23
169 31
169.1 17
169.2 17
169.3 12
169.4 8
169.5 11
169.6 10
169.7 6
169.8 10
169.9 5
170 7
170.1 5
170.2 6
170.3 3
170.4 5
170.5 4
170.6 7
170.7 8
170.8 2
170.9 4
171 5
171.1 6
171.2 6
171.3 12
171.4 3
171.5 6
171.6 2
171.7 4
171.8 9
171.9 7
172 3
172.1 6
172.2 6
172.3 9
172.4 11
172.5 6
172.6 10
172.7 14
172.8 10
172.9 23
173 13
173.1 14
173.2 21
173.3 23
173.4 15
173.5 21
173.6 25
173.7 36
173.8 29
173.9 21
174 41
174.1 38
174.2 33
174.3 43
174.4 42
174.5 55
174.6 77
174.7 112
174.8 131
174.9 200
175 253
175.1 290
175.2 324
175.3 393
175.4 460
175.5 569
175.6 652
175.7 760
175.8 809
175.9 875
176 921
176.1 951
176.2 989
176.3 1023
176.4 1059
176.5 1084
176.6 1130
176.7 1165
176.8 1199
176.9 1204
177 1216
177.1 1208
177.2 1192
177.3 1191
177.4 1183
177.5 1176
177.6 1156
177.7 1144
177.8 1144
177.9 1150
178 1146
178.1 1145
178.2 1142
178.3 1121
178.4 1116
178.5 1103
178.6 1095
178.7 1064
178.8 1050
178.9 1022
179 978
179.1 956
179.2 933
179.3 909
179.4 859
179.5 824
179.6 805
179.7 789
179.8 780
179.9 759
180 748
180.1 740
180.2 738
180.3 737
180.4 727
180.5 712
180.6 712
180.7 703
180.8 704
180.9 701
181 673
181.1 659
181.2 642
181.3 624
181.4 606
181.5 587
181.6 583
181.7 542
181.8 543
181.9 548
182 554
182.1 564
182.2 554
182.3 515
182.4 457
182.5 463
182.6 474
182.7 470
182.8 471
182.9 476
183 484
183.1 444
183.2 406
183.3 389
183.4 379
183.5 381
183.6 392
183.7 396
183.8 382
183.9 367
184 369
184.1 367
184.2 364
184.3 359
184.4 349
184.5 330
184.6 323
184.7 305
184.8 301
184.9 305
185 305
185.1 288
185.2 288
185.3 280
185.4 263
185.5 222
185.6 181
185.7 146
185.8 149
185.9 152
186 175
186.1 175
186.2 188
186.3 183
186.4 171
186.5 186
186.6 177
186.7 157
186.8 149
186.9 136
187 132
187.1 121
187.2 135
187.3 135
187.4 136
187.5 145
187.6 150
187.7 146
187.8 146
187.9 153
188 144
188.1 157
188.2 156
188.3 158
188.4 152
188.5 154
188.6 146
188.7 161
188.8 170
188.9 193
189 198
189.1 177
189.2 161
189.3 172
189.4 175
189.5 172
189.6 133
189.7 108
189.8 99
189.9 111
190 123
190.1 127
190.2 125
190.3 126
190.4 130
190.5 127
190.6 82
190.7 56
190.8 45
190.9 36
191 20
191.1 19
191.2 18
191.3 17
191.4 18
191.5 12
191.6 12
191.7 13
191.8 14
191.9 13
192 15
192.1 7
192.2 10
192.3 9
192.4 9
192.5 9
192.6 5
192.7 9
192.8 7
192.9 4
193 9
193.1 15
193.2 5
193.3 4
193.4 7
193.5 3
193.6 5
193.7 6
193.8 8
193.9 6
194 11
194.1 2
194.2 8
194.3 6
194.4 9
194.5 5
194.6 7
194.7 10
194.8 7
194.9 10
195 5
195.1 10
195.2 9
195.3 19
195.4 9
195.5 13
195.6 13
195.7 20
195.8 15
195.9 14
196 17
196.1 26
196.2 38
196.3 55
196.4 66
196.5 106
196.6 124
196.7 118
196.8 162
196.9 198
197 230
197.1 230
197.2 298
197.3 388
197.4 489
197.5 572
197.6 664
197.7 735
197.8 794
197.9 847
198 880
198.1 918
198.2 952
198.3 986
198.4 1023
198.5 1052
198.6 1076
198.7 1095
198.8 1098
198.9 1111
199 1138
199.1 1156
199.2 1164
199.3 1166
199.4 1174
199.5 1180
199.6 1197
199.7 1187
199.8 1171
199.9 1168
200 1156
