0 0
0.1 0
0.2 0
0.3 0
0.4 0
0.5 0
0.6 0
0.7 0
0.8 3
0.9 9
1 16
1.1 26
1.2 39
1.3 46
1.4 57
1.5 74
1.6 84
1.7 94
1.8 109
1.9 127
2 146
2.1 166
2.2 176
2.3 197
2.4 213
2.5 233
2.6 255
2.7 278
2.8 305
2.9 320
3 343
3.1 376
3.2 400
3.3 427
3.4 446
3.5 476
3.6 507
3.7 529
3.8 555
3.9 584
4 619
4.1 654
4.2 692
4.3 720
4.4 751
4.5 782
4.6 814
4.7 839
4.8 871
4.9 907
5 943
5.1 985
5.2 1021
5.3 1062
5.4 1090
5.5 1120
5.6 1160
5.7 1189
5.8 1225
5.9 1241
6 1273
6.1 1295
6.2 1313
6.3 1328
6.4 1361
6.5 1383
6.6 1392
6.7 1411
6.8 1447
6.9 1449
7 1454
7.1 1421
7.2 1372
7.3 1272
7.4 1196
7.5 1112
7.6 1038
7.7 970
7.8 902
7.9 832
8 773
8.1 712
8.2 661
8.3 635
8.4 619
8.5 597
8.6 564
8.7 531
8.8 500
8.9 481
9 448
9.1 420
9.2 395
9.3 378
9.4 351
9.5 348
9.6 367
9.7 374
9.8 365
9.9 370
10 356
10.1 347
10.2 338
10.3 322
10.4 317
10.5 298
10.6 301
10.7 293
10.8 290
10.9 290
11 291
11.1 277
11.2 271
11.3 259
11.4 238
11.5 231
11.6 234
11.7 228
11.8 224
11.9 224
12 211
12.1 210
12.2 208
12.3 230
12.4 239
12.5 240
12.6 233
12.7 215
12.8 219
12.9 209
13 227
13.1 257
13.2 270
13.3 286
13.4 283
13.5 294
13.6 305
13.7 298
13.8 282
13.9 285
14 277
14.1 265
14.2 266
14.3 275
14.4 262
14.5 247
14.6 240
14.7 247
14.8 228
14.9 213
15 200
15.1 197
15.2 203
15.3 199
15.4 190
15.5 187
15.6 202
15.7 195
15.8 208
15.9 200
16 194
16.1 201
16.2 202
16.3 208
16.4 265
16.5 289
16.6 315
16.7 325
16.8 336
16.9 328
17 298
17.1 296
17.2 284
17.3 292
17.4 278
17.5 283
17.6 285
17.7 283
17.8 289
17.9 300
18 299
18.1 291
18.2 289
18.3 299
18.4 294
18.5 281
18.6 268
18.7 266
18.8 269
18.9 296
19 294
19.1 279
19.2 259
19.3 244
19.4 233
19.5 237
19.6 232
19.7 236
19.8 268
19.9 310
20 325
20.1 351
20.2 396
20.3 424
20.4 436
20.5 439
20.6 439
20.7 444
20.8 451
20.9 459
21 462
21.1 470
21.2 480
21.3 486
21.4 491
21.5 507
21.6 512
21.7 524
21.8 539
21.9 553
22 573
22.1 580
22.2 604
22.3 622
22.4 638
22.5 661
22.6 676
22.7 696
22.8 724
22.9 748
23 771
23.1 792
23.2 815
23.3 838
23.4 872
23.5 903
23.6 929
23.7 959
23.8 983
23.9 1009
24 1026
24.1 1050
24.2 1068
24.3 1106
24.4 1130
24.5 1159
24.6 1199
24.7 1231
24.8 1268
24.9 1291
25 1327
25.1 1354
25.2 1373
25.3 1407
25.4 1428
25.5 1462
25.6 1499
25.7 1533
25.8 1544
25.9 1571
26 1584
26.1 1601
26.2 1630
26.3 1651
26.4 1674
26.5 1673
26.6 1653
26.7 1598
26.8 1529
26.9 1431
27 1327
27.1 1257
27.2 1167
27.3 1072
27.4 979
27.5 908
27.6 846
27.7 790
27.8 736
27.9 704
28 680
28.1 632
28.2 592
28.3 563
28.4 535
28.5 488
28.6 463
28.7 451
28.8 431
28.9 418
29 382
29.1 365
29.2 329
29.3 310
29.4 281
29.5 277
29.6 268
29.7 270
29.8 247
29.9 235
30 240
30.1 251
30.2 248
30.3 254
30.4 273
30.5 284
30.6 280
30.7 287
30.8 287
30.9 294
31 324
31.1 334
31.2 329
31.3 391
31.4 457
31.5 509
31.6 557
31.7 568
31.8 572
31.9 543
32 520
32.1 511
32.2 500
32.3 468
32.4 429
32.5 411
32.6 391
32.7 358
32.8 334
32.9 325
33 319
33.1 313
33.2 333
33.3 335
33.4 321
33.5 296
33.6 297
33.7 292
33.8 284
33.9 290
34 294
34.1 288
34.2 288
34.3 289
34.4 290
34.5 290
34.6 270
34.7 254
34.8 242
34.9 221
35 225
35.1 221
35.2 221
35.3 226
35.4 247
35.5 247
35.6 237
35.7 217
35.8 217
35.9 215
36 224
36.1 230
36.2 224
36.3 218
36.4 236
36.5 256
36.6 256
36.7 261
36.8 257
36.9 269
37 271
37.1 264
37.2 263
37.3 260
37.4 258
37.5 279
37.6 280
37.7 278
37.8 284
37.9 295
38 337
38.1 359
38.2 347
38.3 341
38.4 332
38.5 327
38.6 322
38.7 364
38.8 393
38.9 398
39 384
39.1 371
39.2 343
39.3 321
39.4 315
39.5 302
39.6 303
39.7 304
39.8 314
39.9 333
40 369
40.1 437
40.2 446
40.3 460
40.4 475
40.5 471
40.6 473
40.7 477
40.8 512
40.9 510
41 512
41.1 517
41.2 519
41.3 531
41.4 540
41.5 544
41.6 547
41.7 569
41.8 585
41.9 595
42 607
42.1 612
42.2 625
42.3 642
42.4 658
42.5 669
42.6 682
42.7 694
42.8 705
42.9 716
43 735
43.1 743
43.2 761
43.3 776
43.4 789
43.5 806
43.6 821
43.7 840
43.8 850
43.9 871
44 879
44.1 901
44.2 920
44.3 942
44.4 954
44.5 983
44.6 1011
44.7 1024
44.8 1049
44.9 1079
45 1094
45.1 1118
45.2 1157
45.3 1177
45.4 1213
45.5 1236
45.6 1251
45.7 1281
45.8 1298
45.9 1316
46 1342
46.1 1364
46.2 1375
46.3 1392
46.4 1417
46.5 1432
46.6 1452
46.7 1462
46.8 1448
46.9 1477
47 1482
47.1 1503
47.2 1531
47.3 1510
47.4 1494
47.5 1530
47.6 1564
47.7 1562
47.8 1504
47.9 1435
48 1335
48.1 1263
48.2 1169
48.3 1088
48.4 1004
48.5 906
48.6 843
48.7 792
48.8 738
48.9 682
49 649
49.1 625
49.2 600
49.3 571
49.4 540
49.5 500
49.6 477
49.7 466
49.8 452
49.9 425
50 411
50.1 405
50.2 397
50.3 397
50.4 403
50.5 404
50.6 399
50.7 395
50.8 383
50.9 377
51 371
51.1 357
51.2 356
51.3 336
51.4 310
51.5 303
51.6 304
51.7 301
51.8 289
51.9 279
52 269
52.1 256
52.2 250
52.3 265
52.4 265
52.5 262
52.6 246
52.7 236
52.8 235
52.9 236
53 228
53.1 223
53.2 242
53.3 255
53.4 288
53.5 304
53.6 299
53.7 280
53.8 259
53.9 278
54 286
54.1 268
54.2 262
54.3 254
54.4 263
54.5 311
54.6 336
54.7 335
54.8 345
54.9 342
55 342
55.1 328
55.2 329
55.3 311
55.4 326
55.5 319
55.6 299
55.7 272
55.8 260
55.9 245
56 239
56.1 240
56.2 235
56.3 240
56.4 252
56.5 249
56.6 232
56.7 229
56.8 224
56.9 213
57 221
57.1 226
57.2 231
57.3 236
57.4 246
57.5 248
57.6 247
57.7 263
57.8 257
57.9 255
58 238
58.1 236
58.2 237
58.3 235
58.4 226
58.5 231
58.6 238
58.7 252
58.8 259
58.9 267
59 278
59.1 275
59.2 267
59.3 265
59.4 291
59.5 294
59.6 282
59.7 287
59.8 295
59.9 323
60 341
60.1 343
60.2 328
60.3 324
60.4 326
60.5 329
60.6 344
60.7 333
60.8 323
60.9 296
61 303
61.1 305
61.2 298
61.3 282
61.4 280
61.5 288
61.6 309
61.7 316
61.8 328
61.9 310
62 314
62.1 317
62.2 338
62.3 346
62.4 340
62.5 350
62.6 348
62.7 343
62.8 351
62.9 390
63 431
63.1 452
63.2 462
63.3 463
63.4 468
63.5 472
63.6 483
63.7 492
63.8 498
63.9 514
64 526
64.1 536
64.2 558
64.3 572
64.4 577
64.5 592
64.6 610
64.7 629
64.8 642
64.9 653
65 664
65.1 681
65.2 699
65.3 726
65.4 741
65.5 755
65.6 775
65.7 795
65.8 824
65.9 849
66 871
66.1 894
66.2 916
66.3 956
66.4 981
66.5 1014
66.6 1047
66.7 1084
66.8 1110
66.9 1131
67 1174
67.1 1210
67.2 1241
67.3 1271
67.4 1306
67.5 1322
67.6 1355
67.7 1368
67.8 1390
67.9 1421
68 1457
68.1 1496
68.2 1517
68.3 1549
68.4 1549
68.5 1570
68.6 1566
68.7 1565
68.8 1523
68.9 1480
69 1497
69.1 1426
69.2 1307
69.3 1219
69.4 1113
69.5 1038
69.6 953
69.7 897
69.8 833
69.9 799
70 737
70.1 677
70.2 627
70.3 588
70.4 543
70.5 501
70.6 460
70.7 435
70.8 417
70.9 411
71 396
71.1 389
71.2 373
71.3 348
71.4 327
71.5 316
71.6 322
71.7 307
71.8 308
71.9 302
72 303
72.1 299
72.2 301
72.3 307
72.4 302
72.5 309
72.6 302
72.7 320
72.8 330
72.9 331
73 327
73.1 357
73.2 370
73.3 369
73.4 366
73.5 345
73.6 322
73.7 308
73.8 314
73.9 313
74 286
74.1 269
74.2 288
74.3 333
74.4 336
74.5 327
74.6 317
74.7 327
74.8 325
74.9 313
75 298
75.1 293
75.2 314
75.3 312
75.4 295
75.5 288
75.6 266
75.7 258
75.8 247
75.9 248
76 255
76.1 250
76.2 236
76.3 220
76.4 198
76.5 193
76.6 212
76.7 215
76.8 214
76.9 221
77 218
77.1 305
77.2 366
77.3 394
77.4 393
77.5 397
77.6 380
77.7 404
77.8 428
77.9 440
78 417
78.1 387
78.2 379
78.3 359
78.4 345
78.5 351
78.6 351
78.7 339
78.8 342
78.9 346
79 338
79.1 317
79.2 309
79.3 298
79.4 310
79.5 324
79.6 334
79.7 415
79.8 435
79.9 442
80 443
80.1 423
80.2 415
80.3 397
80.4 374
80.5 348
80.6 338
80.7 335
80.8 315
80.9 299
81 295
81.1 302
81.2 284
81.3 269
81.4 245
81.5 224
81.6 210
81.7 216
81.8 230
81.9 258
82 260
82.1 251
82.2 242
82.3 234
82.4 229
82.5 235
82.6 240
82.7 237
82.8 227
82.9 226
83 296
83.1 371
83.2 388
83.3 387
83.4 391
83.5 370
83.6 341
83.7 319
83.8 303
83.9 276
84 269
84.1 276
84.2 286
84.3 278
84.4 275
84.5 278
84.6 275
84.7 281
84.8 367
84.9 392
85 390
85.1 371
85.2 352
85.3 317
85.4 307
85.5 292
85.6 285
85.7 287
85.8 286
85.9 287
86 283
86.1 285
86.2 282
86.3 279
86.4 274
86.5 261
86.6 250
86.7 250
86.8 232
86.9 229
87 226
87.1 215
87.2 214
87.3 211
87.4 213
87.5 224
87.6 222
87.7 233
87.8 225
87.9 232
88 222
88.1 221
88.2 228
88.3 292
88.4 350
88.5 372
88.6 380
88.7 392
88.8 405
88.9 410
89 413
89.1 421
89.2 429
89.3 436
89.4 447
89.5 448
89.6 457
89.7 467
89.8 479
89.9 493
90 506
90.1 511
90.2 521
90.3 536
90.4 541
90.5 554
90.6 570
90.7 585
90.8 606
90.9 621
91 635
91.1 649
91.2 670
91.3 693
91.4 710
91.5 741
91.6 758
91.7 781
91.8 795
91.9 817
92 833
92.1 859
92.2 877
92.3 896
92.4 920
92.5 948
92.6 978
92.7 1006
92.8 1027
92.9 1057
93 1089
93.1 1121
93.2 1148
93.3 1181
93.4 1205
93.5 1233
93.6 1267
93.7 1286
93.8 1319
93.9 1336
94 1360
94.1 1391
94.2 1405
94.3 1425
94.4 1449
94.5 1445
94.6 1447
94.7 1466
94.8 1471
94.9 1456
95 1435
95.1 1412
95.2 1448
95.3 1453
95.4 1464
95.5 1453
95.6 1376
95.7 1249
95.8 1152
95.9 1041
96 984
96.1 931
96.2 859
96.3 792
96.4 758
96.5 715
96.6 702
96.7 685
96.8 674
96.9 648
97 605
97.1 582
97.2 574
97.3 532
97.4 499
97.5 500
97.6 467
97.7 434
97.8 417
97.9 402
98 379
98.1 361
98.2 335
98.3 327
98.4 315
98.5 330
98.6 327
98.7 311
98.8 296
98.9 293
99 325
99.1 343
99.2 339
99.3 342
99.4 350
99.5 374
99.6 396
99.7 390
99.8 376
99.9 370
100 361
100.1 376
100.2 412
100.3 409
100.4 390
100.5 366
100.6 344
100.7 319
100.8 311
100.9 296
101 320
101.1 311
101.2 293
101.3 297
101.4 277
101.5 262
101.6 265
101.7 266
101.8 262
101.9 249
102 257
102.1 259
102.2 276
102.3 278
102.4 270
102.5 253
102.6 254
102.7 246
102.8 245
102.9 242
103 243
103.1 239
103.2 238
103.3 231
103.4 218
103.5 221
103.6 223
103.7 246
103.8 332
103.9 372
104 375
104.1 358
104.2 357
104.3 341
104.4 339
104.5 329
104.6 321
104.7 313
104.8 312
104.9 325
105 352
105.1 360
105.2 352
105.3 346
105.4 330
105.5 310
105.6 308
105.7 313
105.8 304
105.9 305
106 308
106.1 307
106.2 371
106.3 400
106.4 423
106.5 427
106.6 414
106.7 399
106.8 380
106.9 367
107 353
107.1 337
107.2 327
107.3 310
107.4 300
107.5 292
107.6 270
107.7 269
107.8 266
107.9 282
108 289
108.1 286
108.2 275
108.3 306
108.4 307
108.5 312
108.6 298
108.7 292
108.8 289
108.9 287
109 287
109.1 263
109.2 257
109.3 252
109.4 255
109.5 262
109.6 275
109.7 260
109.8 272
109.9 298
110 320
110.1 336
110.2 342
110.3 342
110.4 333
110.5 354
110.6 360
110.7 358
110.8 336
110.9 311
111 315
111.1 306
111.2 285
111.3 293
111.4 289
111.5 279
111.6 272
111.7 275
111.8 288
111.9 343
112 380
112.1 398
112.2 410
112.3 401
112.4 398
112.5 394
112.6 414
112.7 420
112.8 414
112.9 405
113 393
113.1 387
113.2 371
113.3 360
113.4 361
113.5 368
113.6 359
113.7 358
113.8 400
113.9 405
114 399
114.1 414
114.2 399
114.3 381
114.4 360
114.5 345
114.6 329
114.7 321
114.8 306
114.9 293
115 293
115.1 286
115.2 298
115.3 319
115.4 409
115.5 487
115.6 526
115.7 538
115.8 547
115.9 555
116 561
116.1 581
116.2 592
116.3 607
116.4 625
116.5 629
116.6 649
116.7 664
116.8 686
116.9 697
117 709
117.1 719
117.2 740
117.3 755
117.4 775
117.5 794
117.6 811
117.7 831
117.8 847
117.9 867
118 889
118.1 908
118.2 926
118.3 940
118.4 957
118.5 975
118.6 990
118.7 1004
118.8 1030
118.9 1056
119 1079
119.1 1101
119.2 1130
119.3 1159
119.4 1183
119.5 1219
119.6 1246
119.7 1277
119.8 1302
119.9 1328
120 1357
120.1 1390
120.2 1422
120.3 1453
120.4 1485
120.5 1504
120.6 1533
120.7 1565
120.8 1580
120.9 1625
121 1650
121.1 1683
121.2 1693
121.3 1701
121.4 1713
121.5 1669
121.6 1602
121.7 1509
121.8 1408
121.9 1309
122 1184
122.1 1085
122.2 1018
122.3 958
122.4 904
122.5 808
122.6 752
122.7 709
122.8 696
122.9 679
123 680
123.1 738
123.2 709
123.3 673
123.4 651
123.5 628
123.6 623
123.7 607
123.8 580
123.9 548
124 516
124.1 474
124.2 458
124.3 443
124.4 429
124.5 404
124.6 375
124.7 359
124.8 357
124.9 349
125 322
125.1 311
125.2 322
125.3 338
125.4 320
125.5 328
125.6 330
125.7 321
125.8 319
125.9 327
126 321
126.1 313
126.2 299
126.3 285
126.4 263
126.5 246
126.6 237
126.7 242
126.8 240
126.9 265
127 278
127.1 280
127.2 270
127.3 250
127.4 242
127.5 234
127.6 238
127.7 240
127.8 240
127.9 233
128 228
128.1 217
128.2 204
128.3 203
128.4 189
128.5 193
128.6 194
128.7 201
128.8 201
128.9 204
129 197
129.1 181
129.2 181
129.3 176
129.4 184
129.5 216
129.6 261
129.7 287
129.8 307
129.9 309
130 336
130.1 343
130.2 350
130.3 342
130.4 339
130.5 335
130.6 327
130.7 341
130.8 362
130.9 354
131 352
131.1 372
131.2 376
131.3 370
131.4 365
131.5 374
131.6 370
131.7 336
131.8 322
131.9 313
132 305
132.1 284
132.2 278
132.3 260
132.4 234
132.5 211
132.6 217
132.7 218
132.8 203
132.9 199
133 191
133.1 193
133.2 202
133.3 210
133.4 212
133.5 230
133.6 238
133.7 240
133.8 236
133.9 234
134 236
134.1 249
134.2 247
134.3 226
134.4 207
134.5 226
134.6 238
134.7 241
134.8 237
134.9 250
135 241
135.1 261
135.2 251
135.3 231
135.4 250
135.5 265
135.6 282
135.7 286
135.8 284
135.9 279
136 269
136.1 257
136.2 245
136.3 240
136.4 256
136.5 256
136.6 249
136.7 261
136.8 264
136.9 258
137 245
137.1 241
137.2 247
137.3 238
137.4 230
137.5 222
137.6 220
137.7 228
137.8 231
137.9 222
138 229
138.1 234
138.2 232
138.3 220
138.4 202
138.5 204
138.6 207
138.7 207
138.8 209
138.9 241
139 267
139.1 293
139.2 330
139.3 336
139.4 337
139.5 343
139.6 347
139.7 352
139.8 358
139.9 361
140 371
140.1 377
140.2 387
140.3 390
140.4 397
140.5 403
140.6 415
140.7 435
140.8 452
140.9 469
141 492
141.1 513
141.2 528
141.3 548
141.4 569
141.5 584
141.6 605
141.7 626
141.8 642
141.9 661
142 688
142.1 721
142.2 746
142.3 766
142.4 790
142.5 813
142.6 834
142.7 859
142.8 885
142.9 913
143 938
143.1 956
143.2 979
143.3 1006
143.4 1026
143.5 1048
143.6 1064
143.7 1081
143.8 1087
143.9 1119
144 1135
144.1 1156
144.2 1185
144.3 1205
144.4 1233
144.5 1266
144.6 1288
144.7 1310
144.8 1325
144.9 1355
145 1383
145.1 1399
145.2 1423
145.3 1446
145.4 1463
145.5 1470
145.6 1483
145.7 1492
145.8 1480
145.9 1425
146 1392
146.1 1337
146.2 1247
146.3 1145
146.4 1075
146.5 996
146.6 916
146.7 861
146.8 777
146.9 708
147 657
147.1 606
147.2 560
147.3 506
147.4 465
147.5 426
147.6 402
147.7 390
147.8 369
147.9 366
148 388
148.1 373
148.2 354
148.3 340
148.4 318
148.5 311
148.6 293
148.7 308
148.8 312
148.9 333
149 330
149.1 332
149.2 320
149.3 307
149.4 301
149.5 273
149.6 271
149.7 264
149.8 273
149.9 303
150 298
150.1 290
150.2 293
150.3 284
150.4 282
150.5 273
150.6 255
150.7 245
150.8 232
150.9 237
151 228
151.1 222
151.2 209
151.3 207
151.4 214
151.5 221
151.6 214
151.7 235
151.8 291
151.9 280
152 278
152.1 261
152.2 244
152.3 241
152.4 228
152.5 229
152.6 219
152.7 229
152.8 231
152.9 224
153 218
153.1 209
153.2 209
153.3 217
153.4 217
153.5 240
153.6 229
153.7 223
153.8 217
153.9 212
154 207
154.1 217
154.2 229
154.3 238
154.4 253
154.5 267
154.6 263
154.7 260
154.8 246
154.9 238
155 228
155.1 220
155.2 207
155.3 195
155.4 195
155.5 191
155.6 205
155.7 211
155.8 224
155.9 277
156 298
156.1 305
156.2 288
156.3 294
156.4 314
156.5 316
156.6 324
156.7 345
156.8 401
156.9 457
157 476
157.1 467
157.2 464
157.3 474
157.4 477
157.5 499
157.6 498
157.7 505
157.8 508
157.9 521
158 528
158.1 532
158.2 539
158.3 547
158.4 559
158.5 574
158.6 590
158.7 608
158.8 620
158.9 639
159 657
159.1 672
159.2 685
159.3 702
159.4 730
159.5 755
159.6 787
159.7 795
159.8 815
159.9 838
160 863
160.1 883
160.2 906
160.3 931
160.4 945
160.5 977
160.6 1007
160.7 1033
160.8 1060
160.9 1092
161 1109
161.1 1133
161.2 1176
161.3 1201
161.4 1227
161.5 1243
161.6 1267
161.7 1290
161.8 1319
161.9 1344
162 1376
162.1 1399
162.2 1427
162.3 1465
162.4 1481
162.5 1513
162.6 1545
162.7 1565
162.8 1599
162.9 1614
163 1620
163.1 1624
163.2 1605
163.3 1560
163.4 1519
163.5 1451
163.6 1360
163.7 1252
163.8 1167
163.9 1065
164 976
164.1 911
164.2 832
164.3 766
164.4 728
164.5 672
164.6 623
164.7 586
164.8 544
164.9 502
165 483
165.1 465
165.2 472
165.3 459
165.4 431
165.5 424
165.6 406
165.7 395
165.8 381
165.9 377
166 378
166.1 365
166.2 331
166.3 315
166.4 306
166.5 300
166.6 290
166.7 265
166.8 256
166.9 271
167 289
167.1 312
167.2 313
167.3 301
167.4 342
167.5 416
167.6 436
167.7 444
167.8 430
167.9 409
168 407
168.1 385
168.2 346
168.3 328
168.4 392
168.5 457
168.6 480
168.7 499
168.8 487
168.9 506
169 507
169.1 501
169.2 489
169.3 464
169.4 449
169.5 415
169.6 402
169.7 383
169.8 373
169.9 345
170 335
170.1 351
170.2 345
170.3 321
170.4 303
170.5 303
170.6 299
170.7 300
170.8 276
170.9 272
171 268
171.1 248
171.2 260
171.3 268
171.4 258
171.5 262
171.6 263
171.7 273
171.8 272
171.9 258
172 247
172.1 255
172.2 287
172.3 296
172.4 316
172.5 320
172.6 335
172.7 338
172.8 337
172.9 325
173 318
173.1 306
173.2 318
173.3 322
173.4 308
173.5 311
173.6 300
173.7 314
173.8 316
173.9 315
174 316
174.1 308
174.2 312
174.3 304
174.4 303
174.5 297
174.6 296
174.7 293
174.8 307
174.9 313
175 313
175.1 321
175.2 293
175.3 294
175.4 304
175.5 301
175.6 289
175.7 291
175.8 306
175.9 302
176 288
176.1 271
176.2 253
176.3 245
176.4 260
176.5 249
176.6 253
176.7 246
176.8 235
176.9 247
177 261
177.1 258
177.2 301
177.3 337
177.4 338
177.5 331
177.6 318
177.7 301
177.8 287
177.9 280
178 261
178.1 253
178.2 244
178.3 246
178.4 248
178.5 273
178.6 320
178.7 349
178.8 374
178.9 375
179 384
179.1 403
179.2 420
179.3 419
179.4 429
179.5 437
179.6 440
179.7 444
179.8 446
179.9 459
180 470
180.1 478
180.2 486
180.3 496
180.4 508
180.5 516
180.6 532
180.7 557
180.8 572
180.9 586
181 607
181.1 630
181.2 647
181.3 666
181.4 695
181.5 726
181.6 750
181.7 764
181.8 782
181.9 819
182 836
182.1 856
182.2 879
182.3 902
182.4 931
182.5 967
182.6 982
182.7 1009
182.8 1040
182.9 1058
183 1087
183.1 1119
183.2 1139
183.3 1181
183.4 1222
183.5 1253
183.6 1298
183.7 1333
183.8 1369
183.9 1394
184 1408
184.1 1444
184.2 1477
184.3 1505
184.4 1523
184.5 1553
184.6 1566
184.7 1596
184.8 1623
184.9 1664
185 1676
185.1 1687
185.2 1696
185.3 1625
185.4 1526
185.5 1409
185.6 1361
185.7 1403
185.8 1372
185.9 1264
186 1149
186.1 1073
186.2 998
186.3 913
186.4 825
186.5 765
186.6 694
186.7 644
186.8 578
186.9 537
187 513
187.1 486
187.2 439
187.3 409
187.4 400
187.5 380
187.6 355
187.7 353
187.8 369
187.9 358
188 336
188.1 328
188.2 311
188.3 319
188.4 299
188.5 292
188.6 278
188.7 275
188.8 273
188.9 270
189 256
189.1 259
189.2 254
189.3 254
189.4 245
189.5 251
189.6 229
189.7 228
189.8 228
189.9 234
190 239
190.1 230
190.2 225
190.3 231
190.4 231
190.5 228
190.6 222
190.7 204
190.8 193
190.9 180
191 191
191.1 184
191.2 198
191.3 211
191.4 205
191.5 227
191.6 235
191.7 234
191.8 225
191.9 223
192 214
192.1 218
192.2 221
192.3 227
192.4 246
192.5 254
192.6 248
192.7 242
192.8 239
192.9 224
193 207
193.1 207
193.2 201
193.3 215
193.4 211
193.5 214
193.6 224
193.7 245
193.8 250
193.9 251
194 229
194.1 225
194.2 237
194.3 243
194.4 232
194.5 272
194.6 281
194.7 283
194.8 293
194.9 285
195 275
195.1 267
195.2 273
195.3 314
195.4 316
195.5 304
195.6 336
195.7 348
195.8 355
195.9 362
196 379
196.1 373
196.2 434
196.3 452
196.4 442
196.5 418
196.6 451
196.7 508
196.8 517
196.9 533
197 540
197.1 544
197.2 540
197.3 539
197.4 545
197.5 547
197.6 559
197.7 553
197.8 586
197.9 588
198 600
198.1 609
198.2 605
198.3 624
198.4 632
198.5 647
198.6 660
198.7 684
198.8 703
198.9 709
199 730
199.1 745
199.2 758
199.3 775
199.4 801
199.5 819
199.6 830
199.7 857
199.8 881
199.9 899
200 924
