0 0
0.1 0
0.2 0
0.3 0
0.4 1
0.5 1
0.6 2
0.7 2
0.8 7
0.9 11
1 16
1.1 16
1.2 17
1.3 20
1.4 22
1.5 24
1.6 27
1.7 29
1.8 30
1.9 30
2 33
2.1 33
2.2 38
2.3 39
2.4 42
2.5 41
2.6 40
2.7 41
2.8 41
2.9 44
3 48
3.1 52
3.2 54
3.3 54
3.4 55
3.5 61
3.6 62
3.7 63
3.8 67
3.9 64
4 66
4.1 64
4.2 65
4.3 66
4.4 62
4.5 62
4.6 67
4.7 65
4.8 67
4.9 71
5 72
5.1 69
5.2 68
5.3 68
5.4 64
5.5 70
5.6 67
5.7 69
5.8 67
5.9 59
6 56
6.1 53
6.2 53
6.3 50
6.4 49
6.5 49
6.6 48
6.7 48
6.8 50
6.9 49
7 49
7.1 46
7.2 45
7.3 41
7.4 40
7.5 38
7.6 36
7.7 33
7.8 32
7.9 32
8 31
8.1 29
8.2 28
8.3 28
8.4 27
8.5 27
8.6 24
8.7 24
8.8 24
8.9 22
9 20
9.1 20
9.2 19
9.3 19
9.4 19
9.5 17
9.6 17
9.7 16
9.8 16
9.9 15
10 15
10.1 15
10.2 15
10.3 15
10.4 14
10.5 13
10.6 12
10.7 11
10.8 10
10.9 10
11 10
11.1 8
11.2 7
11.3 6
11.4 6
11.5 6
11.6 6
11.7 4
11.8 4
11.9 4
12 4
12.1 4
12.2 4
12.3 4
12.4 4
12.5 4
12.6 4
12.7 4
12.8 4
12.9 4
13 4
13.1 4
13.2 4
13.3 4
13.4 4
13.5 4
13.6 4
13.7 4
13.8 4
13.9 3
14 3
14.1 3
14.2 3
14.3 3
14.4 3
14.5 3
14.6 3
14.7 3
14.8 3
14.9 3
15 3
15.1 3
15.2 3
15.3 2
15.4 2
15.5 1
15.6 1
15.7 1
15.8 1
15.9 1
16 1
16.1 1
16.2 1
16.3 1
16.4 1
16.5 2
16.6 2
16.7 2
16.8 2
16.9 2
17 2
17.1 2
17.2 2
17.3 2
17.4 2
17.5 1
17.6 0
17.7 0
17.8 0
17.9 0
18 0
18.1 0
18.2 0
18.3 0
18.4 0
18.5 0
18.6 0
18.7 0
18.8 0
18.9 0
19 0
19.1 0
19.2 0
19.3 0
19.4 0
19.5 0
19.6 0
19.7 0
19.8 0
19.9 0
20 0
20.1 0
20.2 1
20.3 1
20.4 1
20.5 1
20.6 6
20.7 9
20.8 12
20.9 12
21 12
21.1 12
21.2 15
21.3 17
21.4 16
21.5 16
21.6 20
21.7 21
21.8 24
21.9 24
22 26
22.1 30
22.2 34
22.3 38
22.4 44
22.5 45
22.6 48
22.7 47
22.8 49
22.9 49
23 49
23.1 51
23.2 52
23.3 53
23.4 53
23.5 52
23.6 52
23.7 54
23.8 54
23.9 58
24 54
24.1 54
24.2 57
24.3 59
24.4 59
24.5 62
24.6 66
24.7 64
24.8 61
24.9 60
25 65
25.1 64
25.2 69
25.3 65
25.4 64
25.5 62
25.6 64
25.7 62
25.8 63
25.9 62
26 62
26.1 62
26.2 62
26.3 58
26.4 58
26.5 58
26.6 55
26.7 52
26.8 50
26.9 47
27 45
27.1 39
27.2 36
27.3 36
27.4 34
27.5 31
27.6 28
27.7 25
27.8 25
27.9 24
28 21
28.1 20
28.2 20
28.3 19
28.4 17
28.5 15
28.6 15
28.7 14
28.8 14
28.9 14
29 13
29.1 13
29.2 12
29.3 12
29.4 12
29.5 12
29.6 15
29.7 15
29.8 15
29.9 15
30 14
30.1 12
30.2 12
30.3 11
30.4 9
30.5 7
30.6 6
30.7 4
30.8 4
30.9 2
31 2
31.1 2
31.2 2
31.3 2
31.4 2
31.5 2
31.6 1
31.7 1
31.8 1
31.9 1
32 1
32.1 1
32.2 1
32.3 0
32.4 0
32.5 0
32.6 0
32.7 0
32.8 0
32.9 0
33 0
33.1 0
33.2 0
33.3 0
33.4 0
33.5 0
33.6 0
33.7 0
33.8 0
33.9 0
34 0
34.1 0
34.2 0
34.3 0
34.4 0
34.5 0
34.6 0
34.7 0
34.8 0
34.9 0
35 0
35.1 0
35.2 0
35.3 0
35.4 0
35.5 0
35.6 0
35.7 0
35.8 0
35.9 0
36 0
36.1 0
36.2 0
36.3 0
36.4 0
36.5 0
36.6 0
36.7 0
36.8 0
36.9 0
37 0
37.1 0
37.2 0
37.3 2
37.4 4
37.5 4
37.6 4
37.7 5
37.8 6
37.9 5
38 5
38.1 5
38.2 5
38.3 5
38.4 5
38.5 5
38.6 4
38.7 4
38.8 4
38.9 4
39 3
39.1 3
39.2 3
39.3 3
39.4 3
39.5 3
39.6 3
39.7 3
39.8 4
39.9 4
40 7
40.1 7
40.2 7
40.3 6
40.4 5
40.5 3
40.6 3
40.7 3
40.8 4
40.9 6
41 9
41.1 9
41.2 12
41.3 12
41.4 15
41.5 19
41.6 20
41.7 19
41.8 18
41.9 20
42 21
42.1 22
42.2 23
42.3 21
42.4 23
42.5 25
42.6 25
42.7 31
42.8 31
42.9 27
43 28
43.1 28
43.2 28
43.3 27
43.4 27
43.5 28
43.6 33
43.7 31
43.8 30
43.9 33
44 35
44.1 35
44.2 40
44.3 42
44.4 43
44.5 46
44.6 45
44.7 52
44.8 51
44.9 53
45 52
45.1 55
45.2 55
45.3 55
45.4 53
45.5 56
45.6 52
45.7 49
45.8 46
45.9 47
46 45
46.1 47
46.2 47
46.3 44
46.4 47
46.5 46
46.6 46
46.7 46
46.8 45
46.9 45
47 46
47.1 43
47.2 47
47.3 46
47.4 43
47.5 42
47.6 38
47.7 36
47.8 35
47.9 34
48 31
48.1 29
48.2 25
48.3 25
48.4 25
48.5 23
48.6 23
48.7 20
48.8 17
48.9 16
49 16
49.1 16
49.2 13
49.3 13
49.4 12
49.5 11
49.6 10
49.7 10
49.8 10
49.9 10
50 10
50.1 9
50.2 9
50.3 9
50.4 9
50.5 8
50.6 7
50.7 6
50.8 5
50.9 6
51 7
51.1 7
51.2 6
51.3 6
51.4 6
51.5 6
51.6 5
51.7 5
51.8 5
51.9 5
52 5
52.1 5
52.2 5
52.3 5
52.4 5
52.5 5
52.6 5
52.7 5
52.8 5
52.9 5
53 5
53.1 5
53.2 5
53.3 5
53.4 5
53.5 4
53.6 4
53.7 4
53.8 4
53.9 4
54 4
54.1 4
54.2 4
54.3 4
54.4 4
54.5 4
54.6 4
54.7 3
54.8 3
54.9 3
55 3
55.1 3
55.2 3
55.3 3
55.4 3
55.5 3
55.6 3
55.7 3
55.8 3
55.9 3
56 3
56.1 3
56.2 3
56.3 3
56.4 3
56.5 3
56.6 3
56.7 2
56.8 2
56.9 2
57 1
57.1 1
57.2 1
57.3 1
57.4 1
57.5 1
57.6 2
57.7 2
57.8 1
57.9 1
58 1
58.1 1
58.2 1
58.3 1
58.4 1
58.5 1
58.6 1
58.7 1
58.8 1
58.9 1
59 1
59.1 1
59.2 1
59.3 1
59.4 1
59.5 1
59.6 1
59.7 1
59.8 1
59.9 1
60 3
60.1 3
60.2 3
60.3 4
60.4 3
60.5 2
60.6 2
60.7 2
60.8 2
60.9 2
61 2
61.1 2
61.2 4
61.3 4
61.4 3
61.5 3
61.6 3
61.7 3
61.8 2
61.9 2
62 4
62.1 4
62.2 4
62.3 4
62.4 3
62.5 3
62.6 3
62.7 4
62.8 4
62.9 3
63 4
63.1 4
63.2 4
63.3 8
63.4 11
63.5 14
63.6 19
63.7 19
63.8 20
63.9 23
64 26
64.1 27
64.2 31
64.3 31
64.4 34
64.5 37
64.6 40
64.7 37
64.8 36
64.9 38
65 39
65.1 41
65.2 38
65.3 40
65.4 39
65.5 40
65.6 43
65.7 43
65.8 45
65.9 49
66 50
66.1 55
66.2 54
66.3 55
66.4 56
66.5 53
66.6 56
66.7 55
66.8 56
66.9 56
67 61
67.1 56
67.2 55
67.3 57
67.4 59
67.5 60
67.6 56
67.7 59
67.8 59
67.9 59
68 59
68.1 57
68.2 62
68.3 60
68.4 62
68.5 65
68.6 62
68.7 59
68.8 58
68.9 52
69 50
69.1 47
69.2 43
69.3 42
69.4 41
69.5 40
69.6 40
69.7 37
69.8 34
69.9 34
70 32
70.1 30
70.2 30
70.3 27
70.4 26
70.5 25
70.6 23
70.7 20
70.8 20
70.9 20
71 20
71.1 20
71.2 18
71.3 17
71.4 15
71.5 14
71.6 14
71.7 14
71.8 12
71.9 12
72 12
72.1 12
72.2 12
72.3 12
72.4 11
72.5 10
72.6 10
72.7 9
72.8 8
72.9 8
73 7
73.1 7
73.2 7
73.3 7
73.4 7
73.5 7
73.6 7
73.7 7
73.8 7
73.9 7
74 7
74.1 5
74.2 4
74.3 4
74.4 4
74.5 4
74.6 4
74.7 4
74.8 7
74.9 6
75 5
75.1 4
75.2 4
75.3 4
75.4 4
75.5 4
75.6 4
75.7 4
75.8 4
75.9 4
76 4
76.1 4
76.2 3
76.3 3
76.4 3
76.5 3
76.6 3
76.7 3
76.8 3
76.9 3
77 3
77.1 4
77.2 6
77.3 6
77.4 6
77.5 6
77.6 5
77.7 5
77.8 5
77.9 4
78 4
78.1 4
78.2 4
78.3 4
78.4 3
78.5 3
78.6 3
78.7 3
78.8 3
78.9 3
79 3
79.1 3
79.2 3
79.3 3
79.4 3
79.5 3
79.6 3
79.7 3
79.8 4
79.9 4
80 4
80.1 4
80.2 4
80.3 4
80.4 4
80.5 4
80.6 4
80.7 4
80.8 4
80.9 4
81 4
81.1 4
81.2 4
81.3 4
81.4 4
81.5 3
81.6 2
81.7 2
81.8 1
81.9 1
82 1
82.1 1
82.2 1
82.3 1
82.4 1
82.5 1
82.6 1
82.7 1
82.8 1
82.9 1
83 1
83.1 1
83.2 1
83.3 3
83.4 3
83.5 3
83.6 3
83.7 2
83.8 2
83.9 2
84 2
84.1 2
84.2 2
84.3 2
84.4 2
84.5 1
84.6 1
84.7 1
84.8 1
84.9 4
85 5
85.1 5
85.2 5
85.3 5
85.4 5
85.5 5
85.6 5
85.7 5
85.8 4
85.9 4
86 4
86.1 4
86.2 4
86.3 4
86.4 4
86.5 4
86.6 4
86.7 3
86.8 3
86.9 3
87 2
87.1 2
87.2 3
87.3 3
87.4 3
87.5 3
87.6 1
87.7 1
87.8 1
87.9 1
88 1
88.1 1
88.2 1
88.3 1
88.4 1
88.5 5
88.6 5
88.7 5
88.8 5
88.9 6
89 8
89.1 10
89.2 10
89.3 11
89.4 13
89.5 13
89.6 16
89.7 18
89.8 20
89.9 20
90 21
90.1 22
90.2 24
90.3 28
90.4 28
90.5 32
90.6 32
90.7 32
90.8 33
90.9 34
91 37
91.1 37
91.2 39
91.3 43
91.4 42
91.5 41
91.6 42
91.7 41
91.8 42
91.9 44
92 42
92.1 42
92.2 45
92.3 47
92.4 53
92.5 55
92.6 56
92.7 55
92.8 56
92.9 53
93 53
93.1 54
93.2 57
93.3 57
93.4 65
93.5 63
93.6 62
93.7 61
93.8 61
93.9 61
94 55
94.1 55
94.2 53
94.3 50
94.4 51
94.5 50
94.6 48
94.7 46
94.8 45
94.9 44
95 38
95.1 38
95.2 37
95.3 34
95.4 33
95.5 31
95.6 29
95.7 27
95.8 26
95.9 26
96 25
96.1 23
96.2 21
96.3 21
96.4 20
96.5 19
96.6 17
96.7 16
96.8 15
96.9 14
97 12
97.1 11
97.2 10
97.3 10
97.4 10
97.5 10
97.6 10
97.7 10
97.8 10
97.9 10
98 9
98.1 8
98.2 8
98.3 8
98.4 8
98.5 8
98.6 8
98.7 8
98.8 8
98.9 8
99 8
99.1 8
99.2 8
99.3 8
99.4 8
99.5 8
99.6 7
99.7 6
99.8 6
99.9 6
100 6
100.1 6
100.2 6
100.3 4
100.4 4
100.5 4
100.6 4
100.7 4
100.8 4
100.9 4
101 4
101.1 5
101.2 5
101.3 5
101.4 5
101.5 5
101.6 5
101.7 3
101.8 2
101.9 2
102 2
102.1 2
102.2 2
102.3 2
102.4 1
102.5 1
102.6 1
102.7 1
102.8 1
102.9 1
103 1
103.1 1
103.2 1
103.3 1
103.4 1
103.5 1
103.6 1
103.7 1
103.8 2
103.9 1
104 1
104.1 1
104.2 1
104.3 1
104.4 0
104.5 0
104.6 0
104.7 0
104.8 0
104.9 0
105 0
105.1 0
105.2 0
105.3 0
105.4 0
105.5 2
105.6 2
105.7 2
105.8 2
105.9 2
106 2
106.1 2
106.2 2
106.3 2
106.4 2
106.5 3
106.6 5
106.7 5
106.8 4
106.9 4
107 4
107.1 7
107.2 7
107.3 7
107.4 7
107.5 7
107.6 7
107.7 7
107.8 7
107.9 7
108 6
108.1 5
108.2 5
108.3 5
108.4 5
108.5 5
108.6 6
108.7 6
108.8 5
108.9 6
109 5
109.1 4
109.2 3
109.3 3
109.4 3
109.5 4
109.6 7
109.7 7
109.8 7
109.9 7
110 6
110.1 5
110.2 5
110.3 7
110.4 7
110.5 7
110.6 7
110.7 7
110.8 7
110.9 7
111 7
111.1 7
111.2 7
111.3 7
111.4 6
111.5 4
111.6 5
111.7 7
111.8 7
111.9 6
112 6
112.1 6
112.2 6
112.3 9
112.4 9
112.5 9
112.6 9
112.7 9
112.8 8
112.9 8
113 9
113.1 11
113.2 11
113.3 10
113.4 11
113.5 11
113.6 9
113.7 9
113.8 9
113.9 9
114 10
114.1 10
114.2 9
114.3 9
114.4 9
114.5 9
114.6 9
114.7 8
114.8 7
114.9 8
115 10
115.1 10
115.2 9
115.3 9
115.4 8
115.5 11
115.6 13
115.7 17
115.8 16
115.9 19
116 20
116.1 23
116.2 25
116.3 27
116.4 27
116.5 34
116.6 32
116.7 32
116.8 34
116.9 31
117 30
117.1 31
117.2 30
117.3 36
117.4 38
117.5 39
117.6 36
117.7 38
117.8 37
117.9 38
118 40
118.1 37
118.2 41
118.3 40
118.4 41
118.5 38
118.6 40
118.7 40
118.8 42
118.9 46
119 47
119.1 48
119.2 52
119.3 56
119.4 56
119.5 53
119.6 56
119.7 56
119.8 54
119.9 55
120 57
120.1 60
120.2 57
120.3 58
120.4 63
120.5 65
120.6 63
120.7 62
120.8 58
120.9 57
121 59
121.1 58
121.2 57
121.3 56
121.4 54
121.5 53
121.6 51
121.7 45
121.8 44
121.9 42
122 40
122.1 38
122.2 36
122.3 34
122.4 29
122.5 29
122.6 28
122.7 26
122.8 25
122.9 24
123 24
123.1 23
123.2 20
123.3 20
123.4 19
123.5 17
123.6 17
123.7 14
123.8 13
123.9 12
124 12
124.1 11
124.2 10
124.3 9
124.4 8
124.5 8
124.6 8
124.7 8
124.8 8
124.9 8
125 7
125.1 7
125.2 7
125.3 5
125.4 5
125.5 5
125.6 4
125.7 4
125.8 4
125.9 3
126 3
126.1 3
126.2 3
126.3 2
126.4 1
126.5 1
126.6 1
126.7 1
126.8 1
126.9 0
127 0
127.1 0
127.2 0
127.3 0
127.4 0
127.5 0
127.6 0
127.7 0
127.8 0
127.9 0
128 0
128.1 0
128.2 0
128.3 0
128.4 0
128.5 0
128.6 0
128.7 0
128.8 0
128.9 0
129 0
129.1 0
129.2 0
129.3 0
129.4 0
129.5 0
129.6 0
129.7 0
129.8 0
129.9 0
130 0
130.1 0
130.2 0
130.3 0
130.4 0
130.5 0
130.6 0
130.7 0
130.8 0
130.9 0
131 0
131.1 0
131.2 0
131.3 0
131.4 0
131.5 0
131.6 0
131.7 0
131.8 0
131.9 0
132 0
132.1 0
132.2 0
132.3 0
132.4 0
132.5 0
132.6 0
132.7 0
132.8 0
132.9 0
133 0
133.1 0
133.2 0
133.3 0
133.4 0
133.5 0
133.6 0
133.7 0
133.8 0
133.9 0
134 0
134.1 0
134.2 0
134.3 0
134.4 0
134.5 0
134.6 0
134.7 0
134.8 0
134.9 0
135 0
135.1 0
135.2 0
135.3 0
135.4 0
135.5 0
135.6 0
135.7 2
135.8 2
135.9 2
136 2
136.1 2
136.2 2
136.3 2
136.4 2
136.5 2
136.6 2
136.7 2
136.8 2
136.9 2
137 2
137.1 2
137.2 2
137.3 2
137.4 1
137.5 1
137.6 1
137.7 1
137.8 1
137.9 1
138 1
138.1 1
138.2 1
138.3 1
138.4 1
138.5 1
138.6 1
138.7 0
138.8 2
138.9 2
139 1
139.1 1
139.2 1
139.3 2
139.4 3
139.5 5
139.6 9
139.7 10
139.8 10
139.9 14
140 13
140.1 14
140.2 16
140.3 17
140.4 21
140.5 23
140.6 28
140.7 31
140.8 31
140.9 36
141 40
141.1 41
141.2 38
141.3 40
141.4 41
141.5 40
141.6 40
141.7 43
141.8 46
141.9 48
142 56
142.1 54
142.2 52
142.3 54
142.4 51
142.5 55
142.6 51
142.7 51
142.8 50
142.9 49
143 45
143.1 46
143.2 43
143.3 42
143.4 45
143.5 43
143.6 40
143.7 46
143.8 46
143.9 43
144 46
144.1 52
144.2 51
144.3 50
144.4 48
144.5 45
144.6 45
144.7 46
144.8 47
144.9 48
145 48
145.1 50
145.2 52
145.3 53
145.4 53
145.5 54
145.6 55
145.7 54
145.8 49
145.9 46
146 42
146.1 40
146.2 38
146.3 37
146.4 34
146.5 34
146.6 33
146.7 31
146.8 30
146.9 29
147 28
147.1 28
147.2 28
147.3 26
147.4 24
147.5 24
147.6 22
147.7 20
147.8 19
147.9 18
148 17
148.1 16
148.2 15
148.3 14
148.4 13
148.5 13
148.6 12
148.7 11
148.8 11
148.9 10
149 8
149.1 8
149.2 7
149.3 5
149.4 5
149.5 4
149.6 4
149.7 3
149.8 2
149.9 2
150 2
150.1 2
150.2 2
150.3 2
150.4 2
150.5 2
150.6 2
150.7 2
150.8 2
150.9 2
151 2
151.1 2
151.2 2
151.3 2
151.4 2
151.5 2
151.6 2
151.7 2
151.8 2
151.9 2
152 2
152.1 2
152.2 2
152.3 2
152.4 2
152.5 2
152.6 2
152.7 2
152.8 2
152.9 2
153 2
153.1 2
153.2 2
153.3 1
153.4 1
153.5 1
153.6 0
153.7 0
153.8 0
153.9 0
154 0
154.1 0
154.2 0
154.3 0
154.4 0
154.5 0
154.6 0
154.7 0
154.8 0
154.9 0
155 0
155.1 0
155.2 0
155.3 0
155.4 0
155.5 0
155.6 0
155.7 0
155.8 0
155.9 0
156 0
156.1 0
156.2 0
156.3 0
156.4 0
156.5 0
156.6 0
156.7 0
156.8 0
156.9 1
157 1
157.1 1
157.2 1
157.3 1
157.4 2
157.5 3
157.6 8
157.7 7
157.8 10
157.9 11
158 11
158.1 15
158.2 18
158.3 22
158.4 26
158.5 27
158.6 31
158.7 33
158.8 38
158.9 36
159 38
159.1 40
159.2 36
159.3 39
159.4 41
159.5 43
159.6 44
159.7 43
159.8 43
159.9 46
160 44
160.1 49
160.2 49
160.3 50
160.4 50
160.5 54
160.6 53
160.7 54
160.8 52
160.9 50
161 53
161.1 54
161.2 53
161.3 55
161.4 54
161.5 55
161.6 53
161.7 56
161.8 62
161.9 60
162 59
162.1 65
162.2 65
162.3 64
162.4 67
162.5 67
162.6 65
162.7 63
162.8 61
162.9 62
163 62
163.1 57
163.2 58
163.3 56
163.4 52
163.5 50
163.6 47
163.7 46
163.8 45
163.9 44
164 43
164.1 40
164.2 39
164.3 38
164.4 37
164.5 34
164.6 32
164.7 30
164.8 29
164.9 27
165 27
165.1 26
165.2 24
165.3 24
165.4 23
165.5 23
165.6 21
165.7 20
165.8 20
165.9 19
166 18
166.1 16
166.2 16
166.3 16
166.4 16
166.5 18
166.6 16
166.7 15
166.8 14
166.9 13
167 12
167.1 12
167.2 12
167.3 11
167.4 11
167.5 10
167.6 10
167.7 10
167.8 10
167.9 10
168 10
168.1 9
168.2 9
168.3 9
168.4 9
168.5 9
168.6 8
168.7 7
168.8 5
168.9 5
169 6
169.1 6
169.2 6
169.3 5
169.4 4
169.5 3
169.6 3
169.7 2
169.8 2
169.9 2
170 2
170.1 2
170.2 2
170.3 2
170.4 1
170.5 0
170.6 0
170.7 0
170.8 0
170.9 0
171 0
171.1 0
171.2 0
171.3 0
171.4 0
171.5 0
171.6 0
171.7 0
171.8 2
171.9 2
172 1
172.1 1
172.2 3
172.3 2
172.4 1
172.5 1
172.6 1
172.7 1
172.8 1
172.9 1
173 1
173.1 1
173.2 1
173.3 1
173.4 1
173.5 1
173.6 1
173.7 1
173.8 1
173.9 1
174 1
174.1 1
174.2 1
174.3 1
174.4 1
174.5 1
174.6 1
174.7 1
174.8 1
174.9 1
175 1
175.1 1
175.2 1
175.3 1
175.4 1
175.5 0
175.6 0
175.7 0
175.8 0
175.9 0
176 0
176.1 0
176.2 0
176.3 0
176.4 0
176.5 0
176.6 0
176.7 0
176.8 0
176.9 0
177 0
177.1 0
177.2 0
177.3 0
177.4 0
177.5 0
177.6 0
177.7 0
177.8 0
177.9 0
178 0
178.1 0
178.2 0
178.3 0
178.4 0
178.5 0
178.6 1
178.7 1
178.8 2
178.9 4
179 9
179.1 9
179.2 9
179.3 9
179.4 11
179.5 11
179.6 12
179.7 13
179.8 12
179.9 17
180 18
180.1 18
180.2 21
180.3 25
180.4 27
180.5 28
180.6 31
180.7 33
180.8 31
180.9 34
181 34
181.1 35
181.2 37
181.3 40
181.4 45
181.5 46
181.6 44
181.7 42
181.8 44
181.9 43
182 42
182.1 45
182.2 49
182.3 44
182.4 53
182.5 52
182.6 55
182.7 56
182.8 59
182.9 61
183 63
183.1 62
183.2 65
183.3 66
183.4 66
183.5 67
183.6 66
183.7 65
183.8 64
183.9 57
184 60
184.1 61
184.2 61
184.3 61
184.4 59
184.5 59
184.6 57
184.7 57
184.8 57
184.9 57
185 55
185.1 54
185.2 50
185.3 48
185.4 44
185.5 44
185.6 44
185.7 40
185.8 37
185.9 36
186 35
186.1 33
186.2 32
186.3 32
186.4 31
186.5 30
186.6 26
186.7 24
186.8 22
186.9 22
187 21
187.1 19
187.2 19
187.3 18
187.4 17
187.5 15
187.6 15
187.7 15
187.8 15
187.9 14
188 14
188.1 14
188.2 12
188.3 11
188.4 11
188.5 10
188.6 9
188.7 7
188.8 7
188.9 7
189 7
189.1 6
189.2 6
189.3 4
189.4 4
189.5 4
189.6 4
189.7 4
189.8 3
189.9 3
190 3
190.1 2
190.2 2
190.3 2
190.4 2
190.5 2
190.6 2
190.7 2
190.8 1
190.9 1
191 1
191.1 1
191.2 1
191.3 1
191.4 1
191.5 1
191.6 1
191.7 1
191.8 0
191.9 0
192 0
192.1 0
192.2 0
192.3 0
192.4 0
192.5 0
192.6 0
192.7 0
192.8 0
192.9 0
193 0
193.1 0
193.2 0
193.3 0
193.4 0
193.5 0
193.6 0
193.7 0
193.8 3
193.9 3
194 2
194.1 1
194.2 1
194.3 1
194.4 1
194.5 0
194.6 0
194.7 0
194.8 0
194.9 0
195 0
195.1 0
195.2 0
195.3 0
195.4 0
195.5 0
195.6 0
195.7 0
195.8 0
195.9 0
196 0
196.1 0
196.2 0
196.3 0
196.4 0
196.5 0
196.6 0
196.7 0
196.8 3
196.9 4
197 4
197.1 9
197.2 9
197.3 12
197.4 11
197.5 12
197.6 12
197.7 11
197.8 11
197.9 9
198 9
198.1 9
198.2 11
198.3 20
198.4 23
198.5 25
198.6 27
198.7 33
198.8 30
198.9 29
199 29
199.1 28
199.2 33
199.3 36
199.4 40
199.5 45
199.6 49
199.7 51
199.8 50
199.9 47
200 46
