0 0
0.1 5
0.2 15
0.3 25
0.4 60
0.5 136
0.6 208
0.7 282
0.8 342
0.9 384
1 487
1.1 565
1.2 628
1.3 713
1.4 765
1.5 856
1.6 946
1.7 982
1.8 1035
1.9 1093
2 1111
2.1 1161
2.2 1236
2.3 1305
2.4 1358
2.5 1368
2.6 1494
2.7 1596
2.8 1670
2.9 1718
3 1730
3.1 1789
3.2 1812
3.3 1813
3.4 1764
3.5 1733
3.6 1648
3.7 1541
3.8 1490
3.9 1496
4 1508
4.1 1483
4.2 1420
4.3 1350
4.4 1334
4.5 1306
4.6 1304
4.7 1206
4.8 1181
4.9 1208
5 1219
5.1 1176
5.2 1171
5.3 1112
5.4 1113
5.5 1108
5.6 1165
5.7 1199
5.8 1202
5.9 1196
6 1131
6.1 1021
6.2 952
6.3 887
6.4 864
6.5 844
6.6 810
6.7 784
6.8 720
6.9 634
7 550
7.1 441
7.2 367
7.3 280
7.4 271
7.5 215
7.6 185
7.7 174
7.8 165
7.9 159
8 120
8.1 44
8.2 26
8.3 10
8.4 3
8.5 4
8.6 4
8.7 5
8.8 1
8.9 1
9 0
9.1 1
9.2 0
9.3 3
9.4 0
9.5 2
9.6 1
9.7 1
9.8 2
9.9 2
10 4
10.1 1
10.2 1
10.3 0
10.4 0
10.5 0
10.6 1
10.7 1
10.8 2
10.9 3
11 1
11.1 0
11.2 2
11.3 2
11.4 1
11.5 3
11.6 2
11.7 0
11.8 2
11.9 0
12 1
12.1 4
12.2 4
12.3 0
12.4 1
12.5 3
12.6 6
12.7 6
12.8 1
12.9 0
13 2
13.1 0
13.2 1
13.3 0
13.4 3
13.5 1
13.6 3
13.7 4
13.8 3
13.9 2
14 1
14.1 1
14.2 6
14.3 4
14.4 5
14.5 1
14.6 1
14.7 2
14.8 1
14.9 1
15 1
15.1 3
15.2 2
15.3 2
15.4 2
15.5 1
15.6 0
15.7 5
15.8 3
15.9 3
16 3
16.1 4
16.2 8
16.3 2
16.4 2
16.5 6
16.6 4
16.7 3
16.8 3
16.9 5
17 2
17.1 2
17.2 4
17.3 4
17.4 3
17.5 3
17.6 11
17.7 1
17.8 2
17.9 3
18 3
18.1 2
18.2 1
18.3 0
18.4 5
18.5 5
18.6 0
18.7 4
18.8 7
18.9 4
19 2
19.1 7
19.2 4
19.3 1
19.4 15
19.5 5
19.6 5
19.7 17
19.8 36
19.9 95
20 153
20.1 227
20.2 321
20.3 373
20.4 479
20.5 598
20.6 663
20.7 720
20.8 747
20.9 739
21 817
21.1 848
21.2 850
21.3 928
21.4 977
21.5 1067
21.6 1136
21.7 1138
21.8 1216
21.9 1198
22 1161
22.1 1159
22.2 1101
22.3 1068
22.4 1043
22.5 1074
22.6 1075
22.7 1069
22.8 1093
22.9 1135
23 1132
23.1 1084
23.2 1069
23.3 1079
23.4 1097
23.5 1131
23.6 1107
23.7 1059
23.8 981
23.9 928
24 901
24.1 860
24.2 814
24.3 740
24.4 616
24.5 527
24.6 533
24.7 538
24.8 518
24.9 476
25 450
25.1 368
25.2 251
25.3 176
25.4 71
25.5 20
25.6 7
25.7 2
25.8 1
25.9 3
26 0
26.1 1
26.2 0
26.3 3
26.4 0
26.5 3
26.6 3
26.7 1
26.8 3
26.9 2
27 0
27.1 2
27.2 0
27.3 0
27.4 1
27.5 2
27.6 0
27.7 0
27.8 1
27.9 0
28 1
28.1 1
28.2 0
28.3 0
28.4 2
28.5 0
28.6 0
28.7 2
28.8 2
28.9 3
29 2
29.1 2
29.2 2
29.3 1
29.4 0
29.5 1
29.6 2
29.7 1
29.8 0
29.9 0
30 0
30.1 1
30.2 1
30.3 2
30.4 1
30.5 2
30.6 1
30.7 8
30.8 2
30.9 2
31 2
31.1 3
31.2 2
31.3 3
31.4 4
31.5 4
31.6 2
31.7 7
31.8 3
31.9 11
32 1
32.1 2
32.2 1
32.3 8
32.4 2
32.5 4
32.6 1
32.7 1
32.8 2
32.9 2
33 0
33.1 3
33.2 3
33.3 5
33.4 3
33.5 5
33.6 1
33.7 5
33.8 2
33.9 7
34 1
34.1 3
34.2 5
34.3 6
34.4 2
34.5 3
34.6 4
34.7 7
34.8 9
34.9 7
35 2
35.1 3
35.2 5
35.3 5
35.4 8
35.5 14
35.6 7
35.7 7
35.8 7
35.9 8
36 5
36.1 1
36.2 6
36.3 10
36.4 5
36.5 5
36.6 14
36.7 19
36.8 5
36.9 5
37 12
37.1 3
37.2 4
37.3 14
37.4 13
37.5 38
37.6 42
37.7 18
37.8 26
37.9 29
38 24
38.1 18
38.2 21
38.3 24
38.4 17
38.5 16
38.6 24
38.7 25
38.8 36
38.9 131
39 166
39.1 212
39.2 314
39.3 400
39.4 484
39.5 523
39.6 595
39.7 613
39.8 626
39.9 684
40 637
40.1 635
40.2 669
40.3 703
40.4 723
40.5 760
40.6 738
40.7 755
40.8 764
40.9 786
41 873
41.1 971
41.2 966
41.3 1006
41.4 1076
41.5 1090
41.6 1075
41.7 1043
41.8 1022
41.9 1013
42 972
42.1 917
42.2 859
42.3 813
42.4 811
42.5 750
42.6 755
42.7 717
42.8 670
42.9 597
43 505
43.1 495
43.2 471
43.3 456
43.4 465
43.5 463
43.6 451
43.7 354
43.8 313
43.9 262
44 230
44.1 162
44.2 77
44.3 17
44.4 1
44.5 5
44.6 1
44.7 0
44.8 0
44.9 1
45 5
45.1 1
45.2 0
45.3 1
45.4 1
45.5 0
45.6 0
45.7 2
45.8 0
45.9 4
46 0
46.1 1
46.2 0
46.3 0
46.4 0
46.5 0
46.6 0
46.7 2
46.8 2
46.9 1
47 2
47.1 3
47.2 3
47.3 0
47.4 0
47.5 2
47.6 0
47.7 2
47.8 1
47.9 0
48 5
48.1 10
48.2 5
48.3 5
48.4 6
48.5 2
48.6 1
48.7 0
48.8 2
48.9 0
49 0
49.1 1
49.2 1
49.3 2
49.4 3
49.5 1
49.6 3
49.7 2
49.8 5
49.9 13
50 10
50.1 4
50.2 3
50.3 1
50.4 2
50.5 4
50.6 5
50.7 4
50.8 1
50.9 1
51 2
51.1 4
51.2 4
51.3 0
51.4 3
51.5 3
51.6 3
51.7 5
51.8 4
51.9 0
52 6
52.1 4
52.2 2
52.3 1
52.4 4
52.5 5
52.6 3
52.7 9
52.8 3
52.9 5
53 8
53.1 3
53.2 4
53.3 7
53.4 2
53.5 2
53.6 1
53.7 4
53.8 4
53.9 2
54 1
54.1 2
54.2 2
54.3 2
54.4 0
54.5 4
54.6 6
54.7 2
54.8 8
54.9 2
55 2
55.1 8
55.2 14
55.3 4
55.4 3
55.5 6
55.6 5
55.7 5
55.8 7
55.9 9
56 3
56.1 12
56.2 8
56.3 8
56.4 14
56.5 14
56.6 5
56.7 14
56.8 21
56.9 9
57 48
57.1 89
57.2 79
57.3 123
57.4 145
57.5 182
57.6 269
57.7 344
57.8 430
57.9 515
58 598
58.1 637
58.2 673
58.3 758
58.4 861
58.5 991
58.6 1027
58.7 1055
58.8 1078
58.9 1102
59 1065
59.1 1026
59.2 987
59.3 1047
59.4 1057
59.5 1007
59.6 994
59.7 979
59.8 987
59.9 972
60 989
60.1 987
60.2 948
60.3 942
60.4 926
60.5 965
60.6 919
60.7 882
60.8 829
60.9 829
61 785
61.1 743
61.2 691
61.3 694
61.4 656
61.5 672
61.6 635
61.7 569
61.8 545
61.9 495
62 480
62.1 403
62.2 339
62.3 347
62.4 314
62.5 291
62.6 249
62.7 216
62.8 139
62.9 96
63 62
63.1 25
63.2 8
63.3 5
63.4 3
63.5 2
63.6 1
63.7 2
63.8 1
63.9 1
64 1
64.1 5
64.2 0
64.3 3
64.4 0
64.5 1
64.6 0
64.7 2
64.8 0
64.9 1
65 1
65.1 0
65.2 0
65.3 2
65.4 2
65.5 2
65.6 0
65.7 2
65.8 0
65.9 2
66 0
66.1 1
66.2 1
66.3 0
66.4 0
66.5 1
66.6 1
66.7 2
66.8 4
66.9 1
67 2
67.1 1
67.2 1
67.3 3
67.4 1
67.5 2
67.6 4
67.7 0
67.8 0
67.9 1
68 1
68.1 3
68.2 2
68.3 0
68.4 5
68.5 5
68.6 2
68.7 0
68.8 3
68.9 0
69 2
69.1 0
69.2 1
69.3 9
69.4 1
69.5 0
69.6 0
69.7 1
69.8 2
69.9 1
70 3
70.1 0
70.2 1
70.3 3
70.4 2
70.5 4
70.6 2
70.7 2
70.8 9
70.9 3
71 2
71.1 5
71.2 2
71.3 5
71.4 1
71.5 3
71.6 5
71.7 5
71.8 10
71.9 7
72 6
72.1 5
72.2 8
72.3 6
72.4 1
72.5 0
72.6 2
72.7 4
72.8 1
72.9 2
73 5
73.1 4
73.2 2
73.3 1
73.4 0
73.5 1
73.6 4
73.7 7
73.8 1
73.9 7
74 12
74.1 46
74.2 38
74.3 33
74.4 29
74.5 22
74.6 23
74.7 17
74.8 16
74.9 16
75 7
75.1 6
75.2 5
75.3 6
75.4 12
75.5 24
75.6 12
75.7 14
75.8 5
75.9 9
76 19
76.1 21
76.2 17
76.3 17
76.4 14
76.5 23
76.6 11
76.7 9
76.8 14
76.9 11
77 15
77.1 36
77.2 60
77.3 39
77.4 22
77.5 65
77.6 98
77.7 183
77.8 217
77.9 280
78 392
78.1 486
78.2 541
78.3 644
78.4 715
78.5 790
78.6 888
78.7 955
78.8 990
78.9 1047
79 1109
79.1 1132
79.2 1156
79.3 1177
79.4 1253
79.5 1249
79.6 1242
79.7 1273
79.8 1321
79.9 1277
80 1318
80.1 1308
80.2 1271
80.3 1289
80.4 1321
80.5 1246
80.6 1254
80.7 1224
80.8 1197
80.9 1188
81 1107
81.1 1018
81.2 965
81.3 934
81.4 855
81.5 781
81.6 753
81.7 728
81.8 689
81.9 671
82 621
82.1 627
82.2 561
82.3 575
82.4 600
82.5 556
82.6 511
82.7 463
82.8 439
82.9 396
83 366
83.1 368
83.2 350
83.3 359
83.4 352
83.5 394
83.6 307
83.7 218
83.8 177
83.9 125
84 104
84.1 60
84.2 53
84.3 8
84.4 1
84.5 3
84.6 2
84.7 3
84.8 1
84.9 0
85 1
85.1 0
85.2 0
85.3 1
85.4 0
85.5 1
85.6 1
85.7 1
85.8 1
85.9 0
86 0
86.1 0
86.2 2
86.3 2
86.4 1
86.5 0
86.6 0
86.7 1
86.8 2
86.9 3
87 0
87.1 2
87.2 1
87.3 1
87.4 0
87.5 3
87.6 0
87.7 0
87.8 3
87.9 2
88 2
88.1 0
88.2 1
88.3 4
88.4 2
88.5 1
88.6 1
88.7 0
88.8 0
88.9 1
89 1
89.1 2
89.2 2
89.3 1
89.4 0
89.5 2
89.6 3
89.7 3
89.8 1
89.9 1
90 1
90.1 1
90.2 2
90.3 1
90.4 3
90.5 3
90.6 7
90.7 6
90.8 2
90.9 3
91 6
91.1 2
91.2 3
91.3 3
91.4 4
91.5 3
91.6 2
91.7 3
91.8 1
91.9 0
92 0
92.1 5
92.2 3
92.3 0
92.4 3
92.5 1
92.6 2
92.7 2
92.8 2
92.9 6
93 6
93.1 1
93.2 6
93.3 4
93.4 5
93.5 3
93.6 2
93.7 3
93.8 0
93.9 6
94 5
94.1 2
94.2 4
94.3 2
94.4 1
94.5 1
94.6 2
94.7 0
94.8 3
94.9 2
95 3
95.1 3
95.2 1
95.3 3
95.4 1
95.5 5
95.6 7
95.7 10
95.8 14
95.9 6
96 3
96.1 5
96.2 3
96.3 9
96.4 5
96.5 3
96.6 2
96.7 3
96.8 5
96.9 4
97 6
97.1 4
97.2 7
97.3 1
97.4 2
97.5 3
97.6 5
97.7 5
97.8 8
97.9 5
98 6
98.1 4
98.2 8
98.3 9
98.4 5
98.5 6
98.6 7
98.7 9
98.8 18
98.9 8
99 12
99.1 15
99.2 12
99.3 12
99.4 16
99.5 34
99.6 88
99.7 199
99.8 263
99.9 340
100 377
100.1 503
100.2 575
100.3 690
100.4 744
100.5 770
100.6 770
100.7 772
100.8 842
100.9 907
101 959
101.1 965
101.2 1002
101.3 1071
101.4 1125
101.5 1148
101.6 1105
101.7 1054
101.8 1038
101.9 1023
102 1047
102.1 1020
102.2 1028
102.3 1044
102.4 1096
102.5 1140
102.6 1126
102.7 1115
102.8 1111
102.9 1097
103 1073
103.1 1026
103.2 1032
103.3 1070
103.4 1074
103.5 1060
103.6 1039
103.7 1044
103.8 1015
103.9 989
104 936
104.1 812
104.2 808
104.3 808
104.4 728
104.5 622
104.6 545
104.7 412
104.8 274
104.9 178
105 163
105.1 158
105.2 204
105.3 175
105.4 100
105.5 36
105.6 7
105.7 2
105.8 3
105.9 3
106 3
106.1 1
106.2 0
106.3 0
106.4 2
106.5 1
106.6 0
106.7 1
106.8 1
106.9 2
107 1
107.1 0
107.2 0
107.3 3
107.4 2
107.5 1
107.6 2
107.7 1
107.8 1
107.9 3
108 1
108.1 1
108.2 0
108.3 1
108.4 2
108.5 0
108.6 1
108.7 0
108.8 1
108.9 1
109 0
109.1 1
109.2 0
109.3 0
109.4 3
109.5 1
109.6 4
109.7 2
109.8 1
109.9 0
110 0
110.1 0
110.2 0
110.3 1
110.4 0
110.5 1
110.6 1
110.7 1
110.8 1
110.9 2
111 2
111.1 0
111.2 4
111.3 4
111.4 1
111.5 3
111.6 2
111.7 1
111.8 2
111.9 5
112 0
112.1 5
112.2 4
112.3 3
112.4 2
112.5 3
112.6 3
112.7 4
112.8 4
112.9 3
113 6
113.1 5
113.2 6
113.3 7
113.4 9
113.5 2
113.6 5
113.7 1
113.8 2
113.9 2
114 1
114.1 8
114.2 6
114.3 8
114.4 3
114.5 1
114.6 2
114.7 2
114.8 2
114.9 0
115 1
115.1 0
115.2 6
115.3 10
115.4 7
115.5 5
115.6 2
115.7 3
115.8 1
115.9 4
116 0
116.1 3
116.2 9
116.3 12
116.4 12
116.5 11
116.6 32
116.7 25
116.8 14
116.9 10
117 10
117.1 17
117.2 23
117.3 33
117.4 52
117.5 59
117.6 102
117.7 121
117.8 109
117.9 117
118 188
118.1 284
118.2 327
118.3 374
118.4 406
118.5 420
118.6 476
118.7 479
118.8 586
118.9 639
119 686
119.1 717
119.2 792
119.3 742
119.4 702
119.5 711
119.6 766
119.7 761
119.8 782
119.9 831
120 845
120.1 932
120.2 997
120.3 998
120.4 962
120.5 958
120.6 886
120.7 876
120.8 820
120.9 776
121 750
121.1 718
121.2 699
121.3 684
121.4 678
121.5 720
121.6 737
121.7 695
121.8 644
121.9 575
122 523
122.1 511
122.2 482
122.3 472
122.4 557
122.5 514
122.6 438
122.7 432
122.8 390
122.9 346
123 314
123.1 242
123.2 195
123.3 111
123.4 80
123.5 24
123.6 3
123.7 3
123.8 6
123.9 1
124 2
124.1 4
124.2 2
124.3 1
124.4 1
124.5 2
124.6 1
124.7 4
124.8 0
124.9 0
125 1
125.1 0
125.2 0
125.3 0
125.4 0
125.5 1
125.6 0
125.7 2
125.8 1
125.9 2
126 0
126.1 4
126.2 1
126.3 2
126.4 0
126.5 1
126.6 0
126.7 1
126.8 0
126.9 2
127 2
127.1 2
127.2 1
127.3 1
127.4 1
127.5 0
127.6 2
127.7 5
127.8 1
127.9 2
128 1
128.1 1
128.2 0
128.3 0
128.4 0
128.5 3
128.6 3
128.7 1
128.8 2
128.9 3
129 6
129.1 1
129.2 0
129.3 2
129.4 4
129.5 0
129.6 1
129.7 1
129.8 2
129.9 3
130 6
130.1 4
130.2 2
130.3 3
130.4 3
130.5 3
130.6 3
130.7 1
130.8 2
130.9 2
131 1
131.1 4
131.2 2
131.3 7
131.4 2
131.5 2
131.6 3
131.7 3
131.8 2
131.9 1
132 3
132.1 5
132.2 1
132.3 1
132.4 0
132.5 3
132.6 3
132.7 3
132.8 3
132.9 5
133 5
133.1 4
133.2 6
133.3 1
133.4 0
133.5 10
133.6 3
133.7 3
133.8 4
133.9 1
134 3
134.1 1
134.2 1
134.3 2
134.4 4
134.5 4
134.6 3
134.7 4
134.8 3
134.9 1
135 2
135.1 9
135.2 8
135.3 4
135.4 9
135.5 11
135.6 1
135.7 6
135.8 8
135.9 10
136 25
136.1 17
136.2 21
136.3 28
136.4 20
136.5 16
136.6 4
136.7 7
136.8 8
136.9 5
137 5
137.1 12
137.2 11
137.3 9
137.4 10
137.5 12
137.6 11
137.7 21
137.8 7
137.9 6
138 15
138.1 10
138.2 10
138.3 5
138.4 10
138.5 10
138.6 11
138.7 42
138.8 26
138.9 20
139 16
139.1 16
139.2 13
139.3 10
139.4 7
139.5 9
139.6 5
139.7 1
139.8 9
139.9 11
140 14
140.1 25
140.2 19
140.3 35
140.4 23
140.5 9
140.6 17
140.7 14
140.8 42
140.9 55
141 34
141.1 39
141.2 27
141.3 19
141.4 14
141.5 22
141.6 36
141.7 29
141.8 56
141.9 68
142 70
142.1 133
142.2 220
142.3 315
142.4 364
142.5 420
142.6 417
142.7 387
142.8 390
142.9 483
143 561
143.1 660
143.2 737
143.3 808
143.4 846
143.5 922
143.6 950
143.7 963
143.8 981
143.9 984
144 963
144.1 1014
144.2 1002
144.3 1040
144.4 1106
144.5 1145
144.6 1161
144.7 1183
144.8 1193
144.9 1225
145 1229
145.1 1218
145.2 1201
145.3 1178
145.4 1137
145.5 1039
145.6 1029
145.7 1008
145.8 954
145.9 895
146 805
146.1 839
146.2 924
146.3 957
146.4 1010
146.5 970
146.6 899
146.7 813
146.8 765
146.9 704
147 649
147.1 639
147.2 646
147.3 658
147.4 622
147.5 551
147.6 471
147.7 426
147.8 438
147.9 427
148 343
148.1 287
148.2 236
148.3 133
148.4 89
148.5 26
148.6 7
148.7 1
148.8 1
148.9 4
149 8
149.1 8
149.2 4
149.3 2
149.4 4
149.5 4
149.6 4
149.7 0
149.8 0
149.9 3
150 3
150.1 0
150.2 0
150.3 1
150.4 2
150.5 0
150.6 2
150.7 0
150.8 1
150.9 0
151 2
151.1 0
151.2 3
151.3 0
151.4 2
151.5 2
151.6 0
151.7 0
151.8 1
151.9 2
152 0
152.1 0
152.2 1
152.3 2
152.4 1
152.5 1
152.6 1
152.7 1
152.8 2
152.9 0
153 0
153.1 0
153.2 1
153.3 2
153.4 2
153.5 3
153.6 2
153.7 6
153.8 3
153.9 5
154 4
154.1 0
154.2 4
154.3 0
154.4 3
154.5 1
154.6 3
154.7 2
154.8 2
154.9 1
155 0
155.1 0
155.2 0
155.3 1
155.4 2
155.5 1
155.6 2
155.7 7
155.8 0
155.9 3
156 2
156.1 2
156.2 5
156.3 2
156.4 2
156.5 6
156.6 8
156.7 8
156.8 5
156.9 3
157 2
157.1 1
157.2 4
157.3 8
157.4 6
157.5 2
157.6 5
157.7 4
157.8 1
157.9 3
158 1
158.1 5
158.2 4
158.3 7
158.4 7
158.5 4
158.6 4
158.7 1
158.8 3
158.9 4
159 30
159.1 23
159.2 15
159.3 14
159.4 13
159.5 3
159.6 4
159.7 3
159.8 4
159.9 2
160 6
160.1 3
160.2 17
160.3 28
160.4 18
160.5 16
160.6 14
160.7 28
160.8 13
160.9 15
161 6
161.1 16
161.2 21
161.3 25
161.4 19
161.5 6
161.6 6
161.7 4
161.8 5
161.9 2
162 4
162.1 4
162.2 7
162.3 4
162.4 8
162.5 1
162.6 1
162.7 0
162.8 2
162.9 5
163 4
163.1 1
163.2 2
163.3 6
163.4 0
163.5 0
163.6 1
163.7 4
163.8 5
163.9 12
164 3
164.1 3
164.2 2
164.3 6
164.4 15
164.5 21
164.6 13
164.7 3
164.8 4
164.9 1
165 2
165.1 5
165.2 8
165.3 3
165.4 4
165.5 5
165.6 9
165.7 9
165.8 4
165.9 11
166 3
166.1 4
166.2 6
166.3 38
166.4 25
166.5 38
166.6 31
166.7 27
166.8 28
166.9 23
167 18
167.1 17
167.2 4
167.3 8
167.4 7
167.5 6
167.6 9
167.7 12
167.8 7
167.9 11
168 14
168.1 16
168.2 16
168.3 5
168.4 12
168.5 65
168.6 91
168.7 113
168.8 118
168.9 123
169 142
169.1 191
169.2 213
169.3 234
169.4 305
169.5 339
169.6 363
169.7 435
169.8 473
169.9 483
170 556
170.1 649
170.2 727
170.3 821
170.4 867
170.5 928
170.6 955
170.7 1005
170.8 1068
170.9 1120
171 1162
171.1 1173
171.2 1192
171.3 1249
171.4 1242
171.5 1274
171.6 1243
171.7 1166
171.8 1112
171.9 1065
172 1013
172.1 971
172.2 969
172.3 917
172.4 906
172.5 893
172.6 830
172.7 752
172.8 648
172.9 611
173 643
173.1 660
173.2 585
173.3 529
173.4 448
173.5 389
173.6 318
173.7 342
173.8 347
173.9 359
174 371
174.1 309
174.2 315
174.3 290
174.4 229
174.5 194
174.6 142
174.7 98
174.8 50
174.9 39
175 25
175.1 19
175.2 28
175.3 12
175.4 4
175.5 6
175.6 2
175.7 6
175.8 4
175.9 3
176 3
176.1 3
176.2 1
176.3 0
176.4 1
176.5 0
176.6 0
176.7 1
176.8 0
176.9 0
177 0
177.1 2
177.2 0
177.3 3
177.4 1
177.5 1
177.6 0
177.7 1
177.8 0
177.9 0
178 0
178.1 0
178.2 0
178.3 3
178.4 0
178.5 1
178.6 3
178.7 1
178.8 3
178.9 2
179 1
179.1 2
179.2 1
179.3 5
179.4 3
179.5 1
179.6 4
179.7 2
179.8 1
179.9 3
180 1
180.1 2
180.2 0
180.3 1
180.4 1
180.5 2
180.6 0
180.7 1
180.8 1
180.9 0
181 3
181.1 2
181.2 2
181.3 4
181.4 6
181.5 4
181.6 2
181.7 2
181.8 2
181.9 0
182 0
182.1 2
182.2 7
182.3 6
182.4 7
182.5 3
182.6 2
182.7 3
182.8 3
182.9 3
183 5
183.1 10
183.2 9
183.3 5
183.4 1
183.5 1
183.6 7
183.7 6
183.8 3
183.9 1
184 5
184.1 4
184.2 5
184.3 2
184.4 6
184.5 4
184.6 15
184.7 3
184.8 3
184.9 3
185 8
185.1 4
185.2 8
185.3 11
185.4 11
185.5 21
185.6 25
185.7 14
185.8 10
185.9 16
186 4
186.1 10
186.2 12
186.3 11
186.4 5
186.5 4
186.6 15
186.7 22
186.8 12
186.9 21
187 16
187.1 5
187.2 12
187.3 17
187.4 15
187.5 6
187.6 7
187.7 17
187.8 11
187.9 24
188 14
188.1 15
188.2 11
188.3 12
188.4 9
188.5 14
188.6 10
188.7 6
188.8 1
188.9 5
189 8
189.1 17
189.2 5
189.3 11
189.4 10
189.5 12
189.6 29
189.7 20
189.8 9
189.9 13
190 12
190.1 19
190.2 10
190.3 9
190.4 18
190.5 30
190.6 54
190.7 57
190.8 91
190.9 121
191 132
191.1 124
191.2 133
191.3 165
191.4 165
191.5 206
191.6 241
191.7 246
191.8 239
191.9 247
192 260
192.1 277
192.2 341
192.3 352
192.4 423
192.5 544
192.6 555
192.7 569
192.8 646
192.9 735
193 776
193.1 801
193.2 836
193.3 867
193.4 918
193.5 935
193.6 939
193.7 919
193.8 933
193.9 909
194 920
194.1 1002
194.2 1019
194.3 1008
194.4 1016
194.5 985
194.6 955
194.7 970
194.8 953
194.9 941
195 890
195.1 847
195.2 829
195.3 791
195.4 748
195.5 727
195.6 649
195.7 623
195.8 583
195.9 515
196 470
196.1 375
196.2 243
196.3 191
196.4 159
196.5 72
196.6 76
196.7 68
196.8 36
196.9 42
197 53
197.1 34
197.2 14
197.3 5
197.4 6
197.5 3
197.6 3
197.7 1
197.8 2
197.9 2
198 2
198.1 2
198.2 3
198.3 0
198.4 1
198.5 2
198.6 4
198.7 0
198.8 1
198.9 0
199 1
199.1 0
199.2 1
199.3 0
199.4 0
199.5 0
199.6 1
199.7 0
199.8 0
199.9 1
200 4
