0 0
0.1 0
0.2 0
0.3 0
0.4 1
0.5 2
0.6 2
0.7 2
0.8 4
0.9 6
1 10
1.1 11
1.2 11
1.3 15
1.4 20
1.5 20
1.6 22
1.7 23
1.8 24
1.9 27
2 33
2.1 32
2.2 32
2.3 36
2.4 38
2.5 40
2.6 41
2.7 45
2.8 51
2.9 53
3 55
3.1 55
3.2 56
3.3 55
3.4 53
3.5 52
3.6 55
3.7 55
3.8 58
3.9 56
4 61
4.1 63
4.2 66
4.3 61
4.4 68
4.5 69
4.6 71
4.7 73
4.8 72
4.9 70
5 68
5.1 63
5.2 62
5.3 63
5.4 62
5.5 64
5.6 66
5.7 64
5.8 63
5.9 67
6 66
6.1 63
6.2 61
6.3 63
6.4 66
6.5 68
6.6 69
6.7 69
6.8 67
6.9 70
7 70
7.1 70
7.2 68
7.3 66
7.4 66
7.5 67
7.6 68
7.7 59
7.8 59
7.9 58
8 60
8.1 61
8.2 58
8.3 55
8.4 55
8.5 52
8.6 49
8.7 49
8.8 47
8.9 42
9 37
9.1 34
9.2 33
9.3 31
9.4 29
9.5 28
9.6 27
9.7 26
9.8 26
9.9 23
10 23
10.1 20
10.2 20
10.3 18
10.4 16
10.5 14
10.6 13
10.7 13
10.8 13
10.9 10
11 10
11.1 10
11.2 10
11.3 10
11.4 8
11.5 8
11.6 8
11.7 8
11.8 8
11.9 8
12 8
12.1 7
12.2 7
12.3 7
12.4 6
12.5 6
12.6 6
12.7 6
12.8 6
12.9 5
13 5
13.1 5
13.2 5
13.3 5
13.4 5
13.5 5
13.6 5
13.7 5
13.8 5
13.9 4
14 4
14.1 4
14.2 4
14.3 4
14.4 4
14.5 4
14.6 3
14.7 3
14.8 3
14.9 2
15 2
15.1 2
15.2 2
15.3 2
15.4 2
15.5 2
15.6 2
15.7 2
15.8 2
15.9 3
16 2
16.1 2
16.2 2
16.3 2
16.4 2
16.5 2
16.6 2
16.7 2
16.8 2
16.9 2
17 2
17.1 2
17.2 2
17.3 2
17.4 2
17.5 1
17.6 1
17.7 1
17.8 1
17.9 1
18 1
18.1 0
18.2 0
18.3 0
18.4 0
18.5 0
18.6 0
18.7 0
18.8 0
18.9 0
19 0
19.1 0
19.2 0
19.3 0
19.4 0
19.5 0
19.6 0
19.7 0
19.8 0
19.9 0
20 0
20.1 3
20.2 3
20.3 2
20.4 4
20.5 9
20.6 12
20.7 11
20.8 17
20.9 22
21 27
21.1 32
21.2 34
21.3 39
21.4 39
21.5 41
21.6 44
21.7 44
21.8 43
21.9 45
22 47
22.1 46
22.2 50
22.3 47
22.4 47
22.5 49
22.6 55
22.7 55
22.8 55
22.9 61
23 61
23.1 62
23.2 58
23.3 51
23.4 56
23.5 55
23.6 57
23.7 57
23.8 54
23.9 52
24 50
24.1 50
24.2 49
24.3 53
24.4 50
24.5 48
24.6 51
24.7 52
24.8 51
24.9 50
25 50
25.1 50
25.2 51
25.3 50
25.4 48
25.5 47
25.6 45
25.7 42
25.8 40
25.9 38
26 37
26.1 35
26.2 33
26.3 32
26.4 32
26.5 31
26.6 31
26.7 29
26.8 28
26.9 26
27 23
27.1 23
27.2 21
27.3 17
27.4 16
27.5 16
27.6 16
27.7 16
27.8 15
27.9 15
28 15
28.1 12
28.2 12
28.3 11
28.4 10
28.5 9
28.6 9
28.7 8
28.8 8
28.9 7
29 7
29.1 7
29.2 7
29.3 7
29.4 7
29.5 4
29.6 4
29.7 4
29.8 4
29.9 4
30 4
30.1 4
30.2 4
30.3 4
30.4 4
30.5 3
30.6 2
30.7 2
30.8 2
30.9 2
31 2
31.1 2
31.2 1
31.3 1
31.4 1
31.5 1
31.6 1
31.7 1
31.8 0
31.9 0
32 0
32.1 0
32.2 0
32.3 0
32.4 0
32.5 0
32.6 0
32.7 0
32.8 0
32.9 0
33 0
33.1 0
33.2 0
33.3 0
33.4 0
33.5 0
33.6 0
33.7 0
33.8 0
33.9 0
34 0
34.1 0
34.2 0
34.3 0
34.4 0
34.5 0
34.6 0
34.7 0
34.8 0
34.9 0
35 0
35.1 0
35.2 0
35.3 0
35.4 0
35.5 0
35.6 0
35.7 0
35.8 0
35.9 0
36 0
36.1 0
36.2 0
36.3 0
36.4 0
36.5 0
36.6 0
36.7 0
36.8 0
36.9 0
37 0
37.1 0
37.2 0
37.3 0
37.4 0
37.5 0
37.6 0
37.7 0
37.8 0
37.9 0
38 0
38.1 1
38.2 1
38.3 1
38.4 1
38.5 1
38.6 1
38.7 1
38.8 1
38.9 1
39 3
39.1 4
39.2 4
39.3 6
39.4 8
39.5 9
39.6 11
39.7 14
39.8 15
39.9 16
40 19
40.1 19
40.2 20
40.3 24
40.4 29
40.5 32
40.6 32
40.7 33
40.8 33
40.9 33
41 35
41.1 36
41.2 36
41.3 39
41.4 38
41.5 40
41.6 41
41.7 42
41.8 47
41.9 53
42 55
42.1 55
42.2 55
42.3 58
42.4 59
42.5 57
42.6 62
42.7 66
42.8 64
42.9 64
43 63
43.1 66
43.2 68
43.3 66
43.4 68
43.5 65
43.6 69
43.7 70
43.8 67
43.9 65
44 65
44.1 62
44.2 62
44.3 60
44.4 58
44.5 52
44.6 51
44.7 49
44.8 46
44.9 41
45 41
45.1 40
45.2 38
45.3 35
45.4 34
45.5 34
45.6 33
45.7 32
45.8 30
45.9 27
46 26
46.1 25
46.2 25
46.3 22
46.4 18
46.5 16
46.6 16
46.7 16
46.8 16
46.9 15
47 15
47.1 15
47.2 14
47.3 14
47.4 12
47.5 12
47.6 11
47.7 10
47.8 10
47.9 10
48 10
48.1 9
48.2 6
48.3 5
48.4 5
48.5 5
48.6 4
48.7 4
48.8 4
48.9 4
49 4
49.1 4
49.2 4
49.3 4
49.4 4
49.5 4
49.6 4
49.7 3
49.8 3
49.9 3
50 3
50.1 3
50.2 3
50.3 3
50.4 3
50.5 3
50.6 3
50.7 4
50.8 4
50.9 4
51 4
51.1 4
51.2 3
51.3 3
51.4 3
51.5 3
51.6 3
51.7 3
51.8 3
51.9 3
52 3
52.1 3
52.2 3
52.3 3
52.4 3
52.5 2
52.6 2
52.7 2
52.8 2
52.9 2
53 1
53.1 1
53.2 1
53.3 1
53.4 1
53.5 1
53.6 1
53.7 3
53.8 3
53.9 3
54 3
54.1 3
54.2 3
54.3 3
54.4 3
54.5 2
54.6 2
54.7 2
54.8 1
54.9 1
55 1
55.1 1
55.2 1
55.3 1
55.4 1
55.5 1
55.6 1
55.7 1
55.8 1
55.9 1
56 1
56.1 0
56.2 0
56.3 0
56.4 0
56.5 0
56.6 0
56.7 0
56.8 0
56.9 0
57 0
57.1 2
57.2 1
57.3 1
57.4 1
57.5 3
57.6 12
57.7 13
57.8 16
57.9 16
58 20
58.1 20
58.2 25
58.3 28
58.4 31
58.5 37
58.6 40
58.7 39
58.8 41
58.9 45
59 48
59.1 48
59.2 50
59.3 50
59.4 56
59.5 58
59.6 57
59.7 58
59.8 61
59.9 64
60 69
60.1 72
60.2 69
60.3 70
60.4 64
60.5 63
60.6 56
60.7 57
60.8 57
60.9 62
61 61
61.1 61
61.2 60
61.3 59
61.4 58
61.5 59
61.6 56
61.7 57
61.8 60
61.9 63
62 63
62.1 63
62.2 59
62.3 60
62.4 63
62.5 60
62.6 63
62.7 61
62.8 54
62.9 50
63 49
63.1 46
63.2 45
63.3 44
63.4 42
63.5 41
63.6 40
63.7 38
63.8 35
63.9 34
64 32
64.1 31
64.2 28
64.3 26
64.4 26
64.5 25
64.6 23
64.7 22
64.8 21
64.9 21
65 21
65.1 21
65.2 21
65.3 19
65.4 19
65.5 17
65.6 15
65.7 15
65.8 13
65.9 13
66 13
66.1 13
66.2 12
66.3 11
66.4 11
66.5 11
66.6 11
66.7 11
66.8 11
66.9 9
67 8
67.1 8
67.2 8
67.3 8
67.4 8
67.5 7
67.6 7
67.7 7
67.8 5
67.9 5
68 5
68.1 5
68.2 5
68.3 4
68.4 4
68.5 3
68.6 3
68.7 3
68.8 3
68.9 3
69 3
69.1 3
69.2 3
69.3 3
69.4 3
69.5 3
69.6 3
69.7 3
69.8 1
69.9 1
70 1
70.1 1
70.2 1
70.3 1
70.4 1
70.5 1
70.6 1
70.7 1
70.8 1
70.9 1
71 1
71.1 1
71.2 1
71.3 1
71.4 1
71.5 1
71.6 1
71.7 1
71.8 1
71.9 1
72 1
72.1 1
72.2 1
72.3 1
72.4 0
72.5 0
72.6 0
72.7 0
72.8 0
72.9 0
73 0
73.1 1
73.2 1
73.3 1
73.4 1
73.5 1
73.6 1
73.7 1
73.8 1
73.9 1
74 1
74.1 1
74.2 1
74.3 1
74.4 1
74.5 1
74.6 1
74.7 1
74.8 1
74.9 1
75 0
75.1 0
75.2 0
75.3 0
75.4 0
75.5 0
75.6 0
75.7 0
75.8 0
75.9 0
76 0
76.1 0
76.2 0
76.3 0
76.4 0
76.5 0
76.6 0
76.7 0
76.8 0
76.9 0
77 0
77.1 0
77.2 0
77.3 0
77.4 0
77.5 0
77.6 0
77.7 0
77.8 0
77.9 0
78 1
78.1 1
78.2 2
78.3 3
78.4 6
78.5 11
78.6 14
78.7 13
78.8 15
78.9 15
79 24
79.1 27
79.2 28
79.3 32
79.4 32
79.5 32
79.6 34
79.7 32
79.8 40
79.9 43
80 43
80.1 40
80.2 40
80.3 41
80.4 42
80.5 49
80.6 52
80.7 50
80.8 52
80.9 54
81 56
81.1 58
81.2 57
81.3 55
81.4 55
81.5 56
81.6 54
81.7 59
81.8 58
81.9 63
82 63
82.1 61
82.2 60
82.3 57
82.4 58
82.5 57
82.6 60
82.7 60
82.8 65
82.9 64
83 62
83.1 61
83.2 60
83.3 61
83.4 61
83.5 61
83.6 58
83.7 57
83.8 54
83.9 53
84 53
84.1 53
84.2 52
84.3 49
84.4 48
84.5 45
84.6 44
84.7 42
84.8 42
84.9 41
85 39
85.1 39
85.2 37
85.3 33
85.4 32
85.5 31
85.6 29
85.7 28
85.8 26
85.9 24
86 23
86.1 23
86.2 20
86.3 20
86.4 20
86.5 19
86.6 18
86.7 16
86.8 16
86.9 15
87 15
87.1 14
87.2 12
87.3 12
87.4 11
87.5 11
87.6 11
87.7 11
87.8 10
87.9 10
88 10
88.1 10
88.2 9
88.3 7
88.4 6
88.5 6
88.6 6
88.7 6
88.8 6
88.9 6
89 5
89.1 4
89.2 4
89.3 4
89.4 4
89.5 4
89.6 4
89.7 4
89.8 4
89.9 4
90 4
90.1 4
90.2 4
90.3 4
90.4 4
90.5 4
90.6 4
90.7 4
90.8 4
90.9 4
91 4
91.1 4
91.2 4
91.3 4
91.4 4
91.5 4
91.6 4
91.7 4
91.8 3
91.9 2
92 2
92.1 2
92.2 2
92.3 2
92.4 2
92.5 2
92.6 2
92.7 2
92.8 2
92.9 2
93 2
93.1 2
93.2 2
93.3 2
93.4 2
93.5 2
93.6 2
93.7 2
93.8 2
93.9 2
94 1
94.1 1
94.2 1
94.3 0
94.4 0
94.5 0
94.6 0
94.7 0
94.8 0
94.9 0
95 0
95.1 0
95.2 0
95.3 1
95.4 1
95.5 1
95.6 1
95.7 1
95.8 1
95.9 1
96 1
96.1 1
96.2 1
96.3 1
96.4 1
96.5 1
96.6 1
96.7 1
96.8 1
96.9 1
97 1
97.1 1
97.2 1
97.3 1
97.4 1
97.5 1
97.6 1
97.7 1
97.8 1
97.9 1
98 1
98.1 0
98.2 0
98.3 0
98.4 0
98.5 0
98.6 0
98.7 4
98.8 4
98.9 4
99 4
99.1 4
99.2 4
99.3 4
99.4 4
99.5 4
99.6 5
99.7 6
99.8 6
99.9 8
100 9
100.1 13
100.2 16
100.3 17
100.4 17
100.5 20
100.6 21
100.7 22
100.8 26
100.9 28
101 33
101.1 37
101.2 39
101.3 41
101.4 42
101.5 42
101.6 43
101.7 44
101.8 43
101.9 45
102 43
102.1 46
102.2 49
102.3 48
102.4 46
102.5 46
102.6 45
102.7 46
102.8 46
102.9 46
103 45
103.1 50
103.2 49
103.3 50
103.4 47
103.5 54
103.6 56
103.7 62
103.8 63
103.9 64
104 67
104.1 68
104.2 72
104.3 71
104.4 71
104.5 70
104.6 69
104.7 71
104.8 75
104.9 73
105 70
105.1 67
105.2 63
105.3 62
105.4 60
105.5 55
105.6 55
105.7 51
105.8 50
105.9 49
106 46
106.1 43
106.2 41
106.3 40
106.4 37
106.5 34
106.6 32
106.7 28
106.8 28
106.9 27
107 26
107.1 26
107.2 24
107.3 23
107.4 22
107.5 20
107.6 19
107.7 19
107.8 19
107.9 19
108 18
108.1 16
108.2 15
108.3 15
108.4 15
108.5 14
108.6 14
108.7 13
108.8 13
108.9 12
109 9
109.1 8
109.2 5
109.3 5
109.4 4
109.5 4
109.6 4
109.7 4
109.8 4
109.9 4
110 4
110.1 3
110.2 3
110.3 3
110.4 3
110.5 3
110.6 3
110.7 3
110.8 3
110.9 3
111 3
111.1 3
111.2 3
111.3 3
111.4 3
111.5 3
111.6 3
111.7 3
111.8 3
111.9 3
112 2
112.1 2
112.2 2
112.3 2
112.4 2
112.5 2
112.6 2
112.7 2
112.8 2
112.9 2
113 2
113.1 1
113.2 1
113.3 1
113.4 1
113.5 1
113.6 1
113.7 1
113.8 1
113.9 1
114 1
114.1 1
114.2 1
114.3 1
114.4 1
114.5 1
114.6 1
114.7 1
114.8 1
114.9 1
115 1
115.1 0
115.2 0
115.3 0
115.4 0
115.5 0
115.6 0
115.7 0
115.8 0
115.9 0
116 0
116.1 0
116.2 0
116.3 0
116.4 0
116.5 0
116.6 2
116.7 4
116.8 4
116.9 4
117 4
117.1 4
117.2 3
117.3 3
117.4 3
117.5 3
117.6 3
117.7 2
117.8 4
117.9 5
118 5
118.1 5
118.2 7
118.3 10
118.4 14
118.5 20
118.6 18
118.7 18
118.8 21
118.9 25
119 28
119.1 26
119.2 27
119.3 29
119.4 28
119.5 33
119.6 33
119.7 36
119.8 39
119.9 44
120 46
120.1 44
120.2 50
120.3 56
120.4 56
120.5 56
120.6 57
120.7 55
120.8 56
120.9 61
121 59
121.1 58
121.2 59
121.3 61
121.4 62
121.5 62
121.6 63
121.7 63
121.8 61
121.9 64
122 64
122.1 67
122.2 67
122.3 65
122.4 63
122.5 68
122.6 68
122.7 70
122.8 73
122.9 76
123 75
123.1 73
123.2 73
123.3 74
123.4 71
123.5 68
123.6 63
123.7 58
123.8 57
123.9 54
124 51
124.1 49
124.2 46
124.3 46
124.4 41
124.5 39
124.6 39
124.7 37
124.8 36
124.9 32
125 28
125.1 26
125.2 26
125.3 26
125.4 26
125.5 26
125.6 25
125.7 23
125.8 23
125.9 22
126 22
126.1 20
126.2 19
126.3 17
126.4 16
126.5 14
126.6 12
126.7 11
126.8 9
126.9 9
127 9
127.1 9
127.2 9
127.3 9
127.4 8
127.5 7
127.6 6
127.7 6
127.8 5
127.9 5
128 5
128.1 5
128.2 5
128.3 5
128.4 5
128.5 4
128.6 4
128.7 3
128.8 3
128.9 3
129 3
129.1 3
129.2 3
129.3 3
129.4 3
129.5 3
129.6 3
129.7 3
129.8 3
129.9 2
130 2
130.1 2
130.2 2
130.3 2
130.4 2
130.5 2
130.6 2
130.7 2
130.8 2
130.9 2
131 2
131.1 2
131.2 2
131.3 2
131.4 2
131.5 2
131.6 1
131.7 1
131.8 1
131.9 1
132 1
132.1 1
132.2 1
132.3 1
132.4 1
132.5 1
132.6 1
132.7 1
132.8 1
132.9 1
133 1
133.1 1
133.2 1
133.3 1
133.4 1
133.5 1
133.6 1
133.7 1
133.8 1
133.9 1
134 1
134.1 1
134.2 1
134.3 1
134.4 1
134.5 1
134.6 1
134.7 1
134.8 1
134.9 1
135 1
135.1 4
135.2 4
135.3 4
135.4 4
135.5 4
135.6 3
135.7 3
135.8 3
135.9 3
136 2
136.1 2
136.2 2
136.3 1
136.4 1
136.5 1
136.6 1
136.7 1
136.8 1
136.9 1
137 1
137.1 1
137.2 1
137.3 1
137.4 1
137.5 1
137.6 1
137.7 1
137.8 1
137.9 1
138 0
138.1 0
138.2 1
138.3 1
138.4 1
138.5 1
138.6 1
138.7 1
138.8 1
138.9 1
139 1
139.1 1
139.2 1
139.3 1
139.4 1
139.5 1
139.6 1
139.7 1
139.8 1
139.9 1
140 1
140.1 4
140.2 8
140.3 11
140.4 10
140.5 10
140.6 10
140.7 9
140.8 8
140.9 8
141 9
141.1 14
141.2 13
141.3 10
141.4 9
141.5 9
141.6 8
141.7 8
141.8 8
141.9 10
142 12
142.1 13
142.2 13
142.3 16
142.4 19
142.5 20
142.6 20
142.7 22
142.8 22
142.9 20
143 20
143.1 23
143.2 20
143.3 21
143.4 25
143.5 28
143.6 31
143.7 34
143.8 34
143.9 36
144 36
144.1 38
144.2 37
144.3 41
144.4 43
144.5 45
144.6 42
144.7 45
144.8 47
144.9 49
145 50
145.1 53
145.2 55
145.3 56
145.4 54
145.5 53
145.6 57
145.7 55
145.8 56
145.9 59
146 55
146.1 53
146.2 56
146.3 58
146.4 58
146.5 60
146.6 59
146.7 63
146.8 64
146.9 58
147 57
147.1 55
147.2 55
147.3 58
147.4 56
147.5 56
147.6 63
147.7 63
147.8 62
147.9 60
148 60
148.1 63
148.2 59
148.3 55
148.4 51
148.5 46
148.6 44
148.7 44
148.8 40
148.9 39
149 37
149.1 35
149.2 34
149.3 32
149.4 30
149.5 29
149.6 28
149.7 25
149.8 25
149.9 22
150 22
150.1 21
150.2 21
150.3 20
150.4 19
150.5 19
150.6 18
150.7 16
150.8 15
150.9 14
151 13
151.1 13
151.2 13
151.3 13
151.4 13
151.5 12
151.6 12
151.7 12
151.8 11
151.9 11
152 10
152.1 10
152.2 10
152.3 10
152.4 10
152.5 8
152.6 7
152.7 7
152.8 7
152.9 7
153 7
153.1 7
153.2 7
153.3 7
153.4 7
153.5 7
153.6 7
153.7 5
153.8 4
153.9 3
154 3
154.1 3
154.2 3
154.3 3
154.4 3
154.5 3
154.6 3
154.7 3
154.8 3
154.9 3
155 3
155.1 3
155.2 3
155.3 2
155.4 2
155.5 2
155.6 3
155.7 3
155.8 3
155.9 3
156 3
156.1 3
156.2 3
156.3 2
156.4 2
156.5 2
156.6 2
156.7 2
156.8 2
156.9 2
157 1
157.1 1
157.2 1
157.3 1
157.4 1
157.5 1
157.6 1
157.7 6
157.8 6
157.9 6
158 6
158.1 5
158.2 5
158.3 5
158.4 5
158.5 5
158.6 4
158.7 4
158.8 4
158.9 7
159 6
159.1 6
159.2 6
159.3 6
159.4 6
159.5 6
159.6 6
159.7 6
159.8 5
159.9 4
160 3
160.1 3
160.2 3
160.3 3
160.4 6
160.5 6
160.6 5
160.7 7
160.8 5
160.9 4
161 4
161.1 5
161.2 5
161.3 4
161.4 4
161.5 4
161.6 4
161.7 4
161.8 4
161.9 4
162 4
162.1 3
162.2 7
162.3 7
162.4 7
162.5 6
162.6 5
162.7 5
162.8 5
162.9 3
163 3
163.1 3
163.2 3
163.3 3
163.4 3
163.5 3
163.6 3
163.7 1
163.8 1
163.9 1
164 1
164.1 1
164.2 1
164.3 0
164.4 0
164.5 0
164.6 0
164.7 2
164.8 2
164.9 2
165 2
165.1 1
165.2 1
165.3 1
165.4 1
165.5 1
165.6 1
165.7 1
165.8 1
165.9 1
166 1
166.1 1
166.2 1
166.3 1
166.4 1
166.5 1
166.6 1
166.7 1
166.8 1
166.9 1
167 1
167.1 1
167.2 1
167.3 1
167.4 1
167.5 1
167.6 1
167.7 1
167.8 1
167.9 1
168 1
168.1 1
168.2 1
168.3 1
168.4 1
168.5 1
168.6 2
168.7 6
168.8 7
168.9 9
169 7
169.1 8
169.2 8
169.3 8
169.4 8
169.5 12
169.6 14
169.7 15
169.8 19
169.9 20
170 26
170.1 30
170.2 33
170.3 34
170.4 34
170.5 36
170.6 40
170.7 44
170.8 47
170.9 51
171 52
171.1 52
171.2 50
171.3 50
171.4 53
171.5 48
171.6 51
171.7 49
171.8 49
171.9 48
172 48
172.1 50
172.2 51
172.3 56
172.4 56
172.5 56
172.6 62
172.7 64
172.8 63
172.9 62
173 57
173.1 57
173.2 56
173.3 60
173.4 61
173.5 61
173.6 62
173.7 60
173.8 59
173.9 63
174 60
174.1 60
174.2 60
174.3 57
174.4 55
174.5 53
174.6 52
174.7 51
174.8 49
174.9 44
175 43
175.1 40
175.2 37
175.3 36
175.4 35
175.5 33
175.6 31
175.7 26
175.8 25
175.9 23
176 20
176.1 19
176.2 18
176.3 15
176.4 15
176.5 14
176.6 14
176.7 13
176.8 12
176.9 11
177 8
177.1 6
177.2 6
177.3 6
177.4 6
177.5 5
177.6 5
177.7 5
177.8 5
177.9 3
178 3
178.1 3
178.2 3
178.3 3
178.4 3
178.5 2
178.6 2
178.7 2
178.8 1
178.9 1
179 1
179.1 1
179.2 1
179.3 1
179.4 1
179.5 1
179.6 1
179.7 1
179.8 1
179.9 1
180 1
180.1 1
180.2 1
180.3 1
180.4 1
180.5 1
180.6 1
180.7 1
180.8 1
180.9 1
181 1
181.1 1
181.2 1
181.3 1
181.4 1
181.5 1
181.6 0
181.7 0
181.8 0
181.9 0
182 0
182.1 0
182.2 0
182.3 0
182.4 0
182.5 0
182.6 0
182.7 0
182.8 0
182.9 0
183 1
183.1 1
183.2 1
183.3 1
183.4 1
183.5 1
183.6 1
183.7 1
183.8 1
183.9 0
184 0
184.1 0
184.2 0
184.3 0
184.4 0
184.5 0
184.6 0
184.7 0
184.8 0
184.9 0
185 0
185.1 0
185.2 0
185.3 0
185.4 0
185.5 0
185.6 0
185.7 0
185.8 0
185.9 0
186 0
186.1 0
186.2 0
186.3 0
186.4 1
186.5 1
186.6 1
186.7 1
186.8 1
186.9 3
187 2
187.1 2
187.2 2
187.3 2
187.4 2
187.5 2
187.6 2
187.7 2
187.8 2
187.9 2
188 2
188.1 1
188.2 1
188.3 1
188.4 1
188.5 0
188.6 0
188.7 0
188.8 0
188.9 0
189 0
189.1 0
189.2 0
189.3 0
189.4 0
189.5 0
189.6 0
189.7 1
189.8 1
189.9 1
190 1
190.1 1
190.2 1
190.3 2
190.4 3
190.5 3
190.6 3
190.7 3
190.8 3
190.9 3
191 6
191.1 6
191.2 7
191.3 8
191.4 8
191.5 9
191.6 12
191.7 16
191.8 17
191.9 19
192 22
192.1 24
192.2 26
192.3 26
192.4 28
192.5 32
192.6 32
192.7 33
192.8 36
192.9 37
193 39
193.1 40
193.2 44
193.3 45
193.4 42
193.5 42
193.6 44
193.7 50
193.8 53
193.9 53
194 57
194.1 60
194.2 59
194.3 59
194.4 64
194.5 63
194.6 62
194.7 62
194.8 59
194.9 60
195 58
195.1 62
195.2 63
195.3 66
195.4 67
195.5 65
195.6 65
195.7 67
195.8 72
195.9 71
196 67
196.1 63
196.2 59
196.3 55
196.4 50
196.5 48
196.6 48
196.7 49
196.8 47
196.9 46
197 43
197.1 42
197.2 37
197.3 36
197.4 34
197.5 32
197.6 31
197.7 31
197.8 30
197.9 29
198 29
198.1 27
198.2 27
198.3 26
198.4 24
198.5 23
198.6 23
198.7 19
198.8 18
198.9 18
199 16
199.1 15
199.2 16
199.3 15
199.4 15
199.5 14
199.6 14
199.7 14
199.8 11
199.9 11
200 6
