0 0
0.1 3
0.2 16
0.3 39
0.4 59
0.5 66
0.6 80
0.7 79
0.8 89
0.9 110
1 172
1.1 245
1.2 306
1.3 433
1.4 536
1.5 591
1.6 740
1.7 830
1.8 929
1.9 1077
2 1137
2.1 1159
2.2 1218
2.3 1301
2.4 1375
2.5 1400
2.6 1423
2.7 1439
2.8 1484
2.9 1494
3 1485
3.1 1532
3.2 1570
3.3 1593
3.4 1571
3.5 1539
3.6 1505
3.7 1481
3.8 1456
3.9 1445
4 1435
4.1 1413
4.2 1442
4.3 1451
4.4 1437
4.5 1427
4.6 1479
4.7 1464
4.8 1391
4.9 1354
5 1347
5.1 1378
5.2 1350
5.3 1310
5.4 1237
5.5 1262
5.6 1235
5.7 1165
5.8 1072
5.9 1036
6 1063
6.1 1013
6.2 948
6.3 898
6.4 780
6.5 755
6.6 704
6.7 648
6.8 583
6.9 494
7 431
7.1 401
7.2 408
7.3 335
7.4 293
7.5 290
7.6 265
7.7 236
7.8 224
7.9 172
8 79
8.1 37
8.2 17
8.3 13
8.4 5
8.5 2
8.6 5
8.7 2
8.8 3
8.9 1
9 1
9.1 0
9.2 1
9.3 1
9.4 0
9.5 0
9.6 2
9.7 0
9.8 2
9.9 0
10 1
10.1 0
10.2 0
10.3 0
10.4 2
10.5 1
10.6 3
10.7 0
10.8 0
10.9 0
11 0
11.1 0
11.2 0
11.3 0
11.4 0
11.5 1
11.6 1
11.7 1
11.8 0
11.9 0
12 1
12.1 1
12.2 2
12.3 2
12.4 0
12.5 1
12.6 1
12.7 0
12.8 1
12.9 0
13 1
13.1 3
13.2 2
13.3 2
13.4 0
13.5 0
13.6 2
13.7 2
13.8 2
13.9 1
14 2
14.1 1
14.2 0
14.3 0
14.4 1
14.5 1
14.6 0
14.7 3
14.8 3
14.9 3
15 2
15.1 2
15.2 8
15.3 3
15.4 2
15.5 0
15.6 2
15.7 3
15.8 4
15.9 2
16 2
16.1 1
16.2 1
16.3 3
16.4 10
16.5 4
16.6 3
16.7 2
16.8 2
16.9 3
17 3
17.1 2
17.2 1
17.3 5
17.4 1
17.5 1
17.6 4
17.7 5
17.8 2
17.9 1
18 1
18.1 1
18.2 5
18.3 1
18.4 4
18.5 0
18.6 1
18.7 2
18.8 5
18.9 0
19 3
19.1 2
19.2 3
19.3 3
19.4 4
19.5 0
19.6 14
19.7 10
19.8 8
19.9 19
20 5
20.1 5
20.2 2
20.3 6
20.4 2
20.5 7
20.6 4
20.7 1
20.8 1
20.9 3
21 2
21.1 0
21.2 3
21.3 3
21.4 6
21.5 13
21.6 5
21.7 2
21.8 8
21.9 13
22 8
22.1 13
22.2 10
22.3 11
22.4 8
22.5 15
22.6 10
22.7 10
22.8 12
22.9 16
23 40
23.1 30
23.2 69
23.3 99
23.4 144
23.5 140
23.6 181
23.7 227
23.8 324
23.9 386
24 448
24.1 526
24.2 618
24.3 728
24.4 832
24.5 908
24.6 1034
24.7 1079
24.8 1113
24.9 1135
25 1165
25.1 1181
25.2 1204
25.3 1287
25.4 1434
25.5 1483
25.6 1397
25.7 1317
25.8 1248
25.9 1259
26 1315
26.1 1341
26.2 1283
26.3 1239
26.4 1198
26.5 1194
26.6 1160
26.7 1078
26.8 999
26.9 956
27 903
27.1 856
27.2 771
27.3 764
27.4 740
27.5 713
27.6 694
27.7 658
27.8 598
27.9 544
28 498
28.1 488
28.2 481
28.3 442
28.4 415
28.5 338
28.6 292
28.7 279
28.8 252
28.9 235
29 177
29.1 106
29.2 36
29.3 8
29.4 6
29.5 6
29.6 1
29.7 3
29.8 1
29.9 3
30 4
30.1 1
30.2 4
30.3 1
30.4 1
30.5 2
30.6 0
30.7 2
30.8 0
30.9 0
31 2
31.1 1
31.2 3
31.3 0
31.4 1
31.5 0
31.6 1
31.7 1
31.8 0
31.9 1
32 1
32.1 1
32.2 0
32.3 0
32.4 1
32.5 0
32.6 0
32.7 0
32.8 0
32.9 0
33 2
33.1 7
33.2 0
33.3 2
33.4 2
33.5 1
33.6 3
33.7 2
33.8 2
33.9 3
34 1
34.1 3
34.2 0
34.3 3
34.4 3
34.5 0
34.6 1
34.7 2
34.8 1
34.9 4
35 0
35.1 1
35.2 2
35.3 0
35.4 1
35.5 1
35.6 0
35.7 3
35.8 7
35.9 12
36 5
36.1 4
36.2 1
36.3 3
36.4 6
36.5 4
36.6 1
36.7 0
36.8 3
36.9 4
37 2
37.1 2
37.2 1
37.3 4
37.4 2
37.5 0
37.6 2
37.7 0
37.8 3
37.9 5
38 3
38.1 2
38.2 5
38.3 7
38.4 6
38.5 7
38.6 3
38.7 4
38.8 1
38.9 2
39 2
39.1 2
39.2 3
39.3 5
39.4 1
39.5 6
39.6 2
39.7 11
39.8 8
39.9 7
40 6
40.1 4
40.2 2
40.3 2
40.4 2
40.5 5
40.6 3
40.7 8
40.8 16
40.9 61
41 64
41.1 63
41.2 64
41.3 54
41.4 151
41.5 201
41.6 228
41.7 272
41.8 347
41.9 452
42 493
42.1 471
42.2 460
42.3 500
42.4 519
42.5 550
42.6 583
42.7 603
42.8 662
42.9 690
43 752
43.1 862
43.2 952
43.3 1019
43.4 1041
43.5 1065
43.6 1116
43.7 1092
43.8 1096
43.9 1119
44 1199
44.1 1176
44.2 1196
44.3 1209
44.4 1251
44.5 1279
44.6 1288
44.7 1259
44.8 1265
44.9 1206
45 1175
45.1 1070
45.2 991
45.3 895
45.4 883
45.5 888
45.6 883
45.7 851
45.8 836
45.9 872
46 923
46.1 892
46.2 871
46.3 824
46.4 797
46.5 735
46.6 662
46.7 600
46.8 570
46.9 549
47 528
47.1 475
47.2 453
47.3 405
47.4 307
47.5 209
47.6 103
47.7 32
47.8 10
47.9 5
48 0
48.1 1
48.2 3
48.3 3
48.4 2
48.5 3
48.6 1
48.7 3
48.8 1
48.9 1
49 2
49.1 1
49.2 0
49.3 0
49.4 2
49.5 0
49.6 1
49.7 0
49.8 2
49.9 1
50 0
50.1 0
50.2 2
50.3 1
50.4 0
50.5 2
50.6 2
50.7 1
50.8 2
50.9 3
51 0
51.1 1
51.2 1
51.3 4
51.4 0
51.5 1
51.6 1
51.7 2
51.8 2
51.9 1
52 0
52.1 1
52.2 1
52.3 0
52.4 2
52.5 1
52.6 1
52.7 4
52.8 2
52.9 0
53 2
53.1 3
53.2 2
53.3 1
53.4 8
53.5 0
53.6 0
53.7 0
53.8 1
53.9 1
54 0
54.1 3
54.2 1
54.3 1
54.4 1
54.5 2
54.6 1
54.7 8
54.8 3
54.9 1
55 4
55.1 2
55.2 1
55.3 5
55.4 7
55.5 4
55.6 6
55.7 1
55.8 5
55.9 4
56 3
56.1 5
56.2 1
56.3 6
56.4 5
56.5 4
56.6 5
56.7 6
56.8 2
56.9 1
57 0
57.1 3
57.2 6
57.3 2
57.4 2
57.5 6
57.6 3
57.7 5
57.8 3
57.9 2
58 0
58.1 2
58.2 8
58.3 8
58.4 9
58.5 1
58.6 3
58.7 7
58.8 3
58.9 5
59 4
59.1 3
59.2 1
59.3 2
59.4 4
59.5 8
59.6 2
59.7 4
59.8 5
59.9 4
60 6
60.1 4
60.2 9
60.3 8
60.4 18
60.5 12
60.6 10
60.7 5
60.8 5
60.9 8
61 5
61.1 1
61.2 17
61.3 16
61.4 12
61.5 7
61.6 4
61.7 10
61.8 11
61.9 26
62 22
62.1 14
62.2 8
62.3 6
62.4 15
62.5 41
62.6 19
62.7 7
62.8 6
62.9 10
63 11
63.1 13
63.2 6
63.3 10
63.4 11
63.5 8
63.6 14
63.7 13
63.8 32
63.9 48
64 40
64.1 38
64.2 44
64.3 24
64.4 22
64.5 32
64.6 14
64.7 25
64.8 26
64.9 16
65 16
65.1 16
65.2 23
65.3 24
65.4 23
65.5 18
65.6 13
65.7 9
65.8 40
65.9 49
66 40
66.1 74
66.2 168
66.3 272
66.4 336
66.5 375
66.6 423
66.7 517
66.8 616
66.9 671
67 708
67.1 737
67.2 773
67.3 777
67.4 797
67.5 796
67.6 769
67.7 767
67.8 775
67.9 767
68 792
68.1 806
68.2 824
68.3 839
68.4 812
68.5 807
68.6 865
68.7 821
68.8 845
68.9 886
69 918
69.1 986
69.2 1017
69.3 958
69.4 913
69.5 869
69.6 805
69.7 734
69.8 671
69.9 652
70 619
70.1 545
70.2 485
70.3 492
70.4 519
70.5 493
70.6 457
70.7 415
70.8 408
70.9 396
71 336
71.1 334
71.2 318
71.3 270
71.4 213
71.5 171
71.6 61
71.7 26
71.8 14
71.9 6
72 10
72.1 1
72.2 1
72.3 0
72.4 0
72.5 0
72.6 2
72.7 1
72.8 1
72.9 0
73 0
73.1 0
73.2 0
73.3 0
73.4 3
73.5 1
73.6 1
73.7 2
73.8 1
73.9 3
74 1
74.1 1
74.2 0
74.3 6
74.4 2
74.5 3
74.6 3
74.7 4
74.8 4
74.9 1
75 4
75.1 3
75.2 0
75.3 1
75.4 0
75.5 2
75.6 3
75.7 3
75.8 0
75.9 1
76 3
76.1 4
76.2 1
76.3 3
76.4 1
76.5 4
76.6 1
76.7 1
76.8 1
76.9 0
77 1
77.1 10
77.2 1
77.3 2
77.4 1
77.5 2
77.6 4
77.7 3
77.8 1
77.9 3
78 4
78.1 1
78.2 4
78.3 3
78.4 4
78.5 2
78.6 4
78.7 3
78.8 1
78.9 2
79 1
79.1 0
79.2 2
79.3 2
79.4 2
79.5 5
79.6 4
79.7 6
79.8 2
79.9 0
80 3
80.1 4
80.2 5
80.3 26
80.4 6
80.5 4
80.6 4
80.7 10
80.8 4
80.9 14
81 2
81.1 12
81.2 7
81.3 2
81.4 10
81.5 4
81.6 5
81.7 0
81.8 6
81.9 8
82 2
82.1 3
82.2 6
82.3 6
82.4 10
82.5 12
82.6 12
82.7 21
82.8 11
82.9 40
83 28
83.1 3
83.2 9
83.3 10
83.4 13
83.5 37
83.6 23
83.7 9
83.8 9
83.9 2
84 2
84.1 6
84.2 11
84.3 6
84.4 7
84.5 15
84.6 1
84.7 3
84.8 7
84.9 16
85 14
85.1 15
85.2 24
85.3 18
85.4 9
85.5 6
85.6 5
85.7 7
85.8 2
85.9 6
86 3
86.1 12
86.2 10
86.3 6
86.4 2
86.5 6
86.6 7
86.7 14
86.8 42
86.9 52
87 52
87.1 60
87.2 64
87.3 71
87.4 111
87.5 134
87.6 163
87.7 257
87.8 415
87.9 531
88 614
88.1 712
88.2 789
88.3 902
88.4 930
88.5 956
88.6 985
88.7 1006
88.8 1044
88.9 1054
89 1067
89.1 1067
89.2 995
89.3 927
89.4 943
89.5 992
89.6 947
89.7 874
89.8 804
89.9 844
90 851
90.1 834
90.2 810
90.3 836
90.4 881
90.5 847
90.6 836
90.7 812
90.8 850
90.9 820
91 782
91.1 775
91.2 731
91.3 688
91.4 739
91.5 741
91.6 729
91.7 687
91.8 595
91.9 544
92 537
92.1 468
92.2 426
92.3 365
92.4 382
92.5 319
92.6 292
92.7 221
92.8 179
92.9 104
93 120
93.1 61
93.2 19
93.3 11
93.4 3
93.5 3
93.6 4
93.7 5
93.8 2
93.9 3
94 4
94.1 2
94.2 0
94.3 2
94.4 2
94.5 1
94.6 0
94.7 1
94.8 3
94.9 1
95 1
95.1 1
95.2 1
95.3 4
95.4 0
95.5 3
95.6 2
95.7 3
95.8 0
95.9 0
96 2
96.1 0
96.2 0
96.3 1
96.4 2
96.5 1
96.6 0
96.7 2
96.8 0
96.9 1
97 1
97.1 2
97.2 0
97.3 3
97.4 3
97.5 4
97.6 2
97.7 3
97.8 0
97.9 0
98 0
98.1 4
98.2 2
98.3 3
98.4 1
98.5 1
98.6 2
98.7 4
98.8 1
98.9 6
99 2
99.1 1
99.2 0
99.3 2
99.4 4
99.5 2
99.6 3
99.7 2
99.8 1
99.9 4
100 2
100.1 1
100.2 0
100.3 0
100.4 0
100.5 1
100.6 0
100.7 0
100.8 3
100.9 3
101 4
101.1 1
101.2 2
101.3 5
101.4 0
101.5 3
101.6 2
101.7 2
101.8 4
101.9 3
102 2
102.1 2
102.2 1
102.3 2
102.4 2
102.5 1
102.6 4
102.7 2
102.8 6
102.9 2
103 4
103.1 7
103.2 3
103.3 8
103.4 8
103.5 4
103.6 2
103.7 4
103.8 7
103.9 2
104 4
104.1 0
104.2 3
104.3 1
104.4 6
104.5 4
104.6 6
104.7 4
104.8 3
104.9 7
105 8
105.1 3
105.2 1
105.3 1
105.4 4
105.5 2
105.6 5
105.7 9
105.8 2
105.9 1
106 0
106.1 7
106.2 5
106.3 4
106.4 0
106.5 7
106.6 4
106.7 1
106.8 6
106.9 5
107 5
107.1 2
107.2 1
107.3 12
107.4 4
107.5 12
107.6 5
107.7 12
107.8 7
107.9 5
108 7
108.1 6
108.2 7
108.3 7
108.4 10
108.5 16
108.6 9
108.7 7
108.8 12
108.9 11
109 13
109.1 16
109.2 18
109.3 23
109.4 24
109.5 16
109.6 11
109.7 15
109.8 13
109.9 23
110 25
110.1 38
110.2 54
110.3 49
110.4 56
110.5 53
110.6 60
110.7 52
110.8 43
110.9 63
111 71
111.1 74
111.2 88
111.3 111
111.4 241
111.5 313
111.6 397
111.7 474
111.8 600
111.9 728
112 833
112.1 891
112.2 899
112.3 901
112.4 932
112.5 1027
112.6 1150
112.7 1271
112.8 1289
112.9 1304
113 1365
113.1 1425
113.2 1444
113.3 1456
113.4 1449
113.5 1420
113.6 1358
113.7 1271
113.8 1219
113.9 1208
114 1199
114.1 1193
114.2 1167
114.3 1123
114.4 1053
114.5 997
114.6 947
114.7 983
114.8 977
114.9 968
115 915
115.1 903
115.2 877
115.3 890
115.4 860
115.5 907
115.6 945
115.7 927
115.8 919
115.9 908
116 935
116.1 987
116.2 940
116.3 941
116.4 874
116.5 873
116.6 827
116.7 859
116.8 837
116.9 801
117 726
117.1 616
117.2 530
117.3 482
117.4 436
117.5 375
117.6 232
117.7 132
117.8 52
117.9 11
118 1
118.1 3
118.2 0
118.3 0
118.4 3
118.5 1
118.6 0
118.7 2
118.8 2
118.9 0
119 1
119.1 0
119.2 0
119.3 1
119.4 0
119.5 1
119.6 6
119.7 0
119.8 3
119.9 1
120 2
120.1 1
120.2 0
120.3 0
120.4 1
120.5 2
120.6 1
120.7 1
120.8 1
120.9 0
121 1
121.1 1
121.2 2
121.3 1
121.4 0
121.5 0
121.6 0
121.7 3
121.8 2
121.9 1
122 0
122.1 1
122.2 1
122.3 0
122.4 1
122.5 3
122.6 0
122.7 0
122.8 0
122.9 2
123 3
123.1 0
123.2 0
123.3 1
123.4 2
123.5 4
123.6 0
123.7 4
123.8 1
123.9 6
124 4
124.1 0
124.2 2
124.3 1
124.4 1
124.5 3
124.6 4
124.7 3
124.8 3
124.9 0
125 1
125.1 5
125.2 1
125.3 1
125.4 3
125.5 1
125.6 1
125.7 2
125.8 6
125.9 1
126 9
126.1 3
126.2 1
126.3 3
126.4 0
126.5 3
126.6 6
126.7 4
126.8 6
126.9 3
127 5
127.1 3
127.2 6
127.3 7
127.4 9
127.5 12
127.6 6
127.7 4
127.8 8
127.9 9
128 10
128.1 16
128.2 8
128.3 4
128.4 4
128.5 5
128.6 4
128.7 0
128.8 2
128.9 12
129 1
129.1 3
129.2 18
129.3 49
129.4 32
129.5 11
129.6 12
129.7 12
129.8 17
129.9 10
130 14
130.1 15
130.2 53
130.3 46
130.4 31
130.5 20
130.6 20
130.7 9
130.8 8
130.9 16
131 14
131.1 17
131.2 5
131.3 18
131.4 11
131.5 7
131.6 7
131.7 12
131.8 5
131.9 5
132 11
132.1 2
132.2 7
132.3 5
132.4 2
132.5 4
132.6 10
132.7 2
132.8 12
132.9 11
133 12
133.1 26
133.2 14
133.3 17
133.4 21
133.5 12
133.6 14
133.7 22
133.8 18
133.9 16
134 26
134.1 22
134.2 12
134.3 5
134.4 9
134.5 7
134.6 6
134.7 8
134.8 7
134.9 4
135 0
135.1 8
135.2 11
135.3 29
135.4 12
135.5 6
135.6 6
135.7 6
135.8 4
135.9 6
136 5
136.1 13
136.2 4
136.3 6
136.4 10
136.5 11
136.6 4
136.7 6
136.8 4
136.9 10
137 5
137.1 9
137.2 6
137.3 26
137.4 24
137.5 12
137.6 7
137.7 7
137.8 14
137.9 13
138 16
138.1 12
138.2 4
138.3 4
138.4 0
138.5 8
138.6 13
138.7 2
138.8 9
138.9 13
139 12
139.1 9
139.2 13
139.3 9
139.4 11
139.5 8
139.6 8
139.7 11
139.8 15
139.9 4
140 3
140.1 22
140.2 29
140.3 20
140.4 51
140.5 64
140.6 102
140.7 130
140.8 181
140.9 166
141 151
141.1 177
141.2 218
141.3 202
141.4 228
141.5 242
141.6 262
141.7 292
141.8 349
141.9 363
142 417
142.1 518
142.2 578
142.3 639
142.4 752
142.5 810
142.6 957
142.7 1016
142.8 1086
142.9 1120
143 1135
143.1 1168
143.2 1111
143.3 1114
143.4 1106
143.5 1109
143.6 1185
143.7 1180
143.8 1143
143.9 1122
144 1145
144.1 1086
144.2 1038
144.3 1025
144.4 976
144.5 935
144.6 939
144.7 867
144.8 843
144.9 820
145 790
145.1 782
145.2 790
145.3 773
145.4 805
145.5 797
145.6 812
145.7 802
145.8 772
145.9 755
146 760
146.1 745
146.2 741
146.3 661
146.4 629
146.5 557
146.6 523
146.7 444
146.8 392
146.9 343
147 348
147.1 320
147.2 272
147.3 204
147.4 189
147.5 174
147.6 159
147.7 117
147.8 58
147.9 14
148 12
148.1 1
148.2 0
148.3 3
148.4 1
148.5 2
148.6 5
148.7 0
148.8 3
148.9 3
149 9
149.1 4
149.2 3
149.3 0
149.4 0
149.5 2
149.6 0
149.7 1
149.8 1
149.9 4
150 5
150.1 1
150.2 2
150.3 1
150.4 1
150.5 1
150.6 4
150.7 0
150.8 2
150.9 0
151 1
151.1 1
151.2 3
151.3 4
151.4 2
151.5 0
151.6 1
151.7 1
151.8 1
151.9 5
152 0
152.1 2
152.2 3
152.3 4
152.4 1
152.5 0
152.6 0
152.7 0
152.8 2
152.9 1
153 3
153.1 3
153.2 0
153.3 2
153.4 1
153.5 2
153.6 3
153.7 0
153.8 5
153.9 3
154 1
154.1 1
154.2 2
154.3 1
154.4 0
154.5 1
154.6 1
154.7 5
154.8 5
154.9 0
155 1
155.1 3
155.2 2
155.3 3
155.4 5
155.5 2
155.6 4
155.7 5
155.8 4
155.9 1
156 2
156.1 5
156.2 6
156.3 7
156.4 3
156.5 3
156.6 6
156.7 5
156.8 6
156.9 5
157 2
157.1 3
157.2 1
157.3 4
157.4 1
157.5 9
157.6 6
157.7 4
157.8 4
157.9 4
158 9
158.1 2
158.2 1
158.3 0
158.4 3
158.5 3
158.6 5
158.7 3
158.8 1
158.9 8
159 3
159.1 8
159.2 6
159.3 8
159.4 4
159.5 5
159.6 11
159.7 9
159.8 8
159.9 12
160 6
160.1 6
160.2 5
160.3 1
160.4 6
160.5 3
160.6 7
160.7 15
160.8 14
160.9 11
161 10
161.1 12
161.2 15
161.3 20
161.4 12
161.5 6
161.6 10
161.7 5
161.8 26
161.9 32
162 40
162.1 91
162.2 148
162.3 287
162.4 390
162.5 442
162.6 514
162.7 545
162.8 590
162.9 663
163 777
163.1 818
163.2 827
163.3 905
163.4 965
163.5 1064
163.6 1102
163.7 1158
163.8 1143
163.9 1110
164 1118
164.1 1134
164.2 1094
164.3 1121
164.4 1115
164.5 1121
164.6 1074
164.7 1062
164.8 1086
164.9 1122
165 1042
165.1 982
165.2 981
165.3 963
165.4 917
165.5 875
165.6 810
165.7 778
165.8 803
165.9 750
166 693
166.1 636
166.2 593
166.3 610
166.4 649
166.5 641
166.6 619
166.7 562
166.8 545
166.9 578
167 558
167.1 575
167.2 552
167.3 429
167.4 305
167.5 207
167.6 161
167.7 169
167.8 155
167.9 164
168 236
168.1 237
168.2 259
168.3 267
168.4 288
168.5 281
168.6 205
168.7 150
168.8 60
168.9 23
169 16
169.1 7
169.2 7
169.3 13
169.4 12
169.5 7
169.6 3
169.7 0
169.8 1
169.9 1
170 2
170.1 0
170.2 3
170.3 2
170.4 1
170.5 1
170.6 0
170.7 0
170.8 3
170.9 3
171 0
171.1 4
171.2 2
171.3 0
171.4 1
171.5 1
171.6 2
171.7 6
171.8 1
171.9 1
172 1
172.1 0
172.2 1
172.3 2
172.4 2
172.5 1
172.6 2
172.7 2
172.8 0
172.9 0
173 0
173.1 1
173.2 1
173.3 2
173.4 2
173.5 4
173.6 3
173.7 4
173.8 2
173.9 3
174 0
174.1 2
174.2 2
174.3 0
174.4 1
174.5 1
174.6 3
174.7 0
174.8 0
174.9 2
175 2
175.1 5
175.2 0
175.3 0
175.4 1
175.5 0
175.6 1
175.7 1
175.8 1
175.9 1
176 2
176.1 3
176.2 6
176.3 1
176.4 0
176.5 1
176.6 5
176.7 4
176.8 1
176.9 2
177 7
177.1 1
177.2 5
177.3 1
177.4 5
177.5 4
177.6 5
177.7 4
177.8 3
177.9 5
178 3
178.1 7
178.2 6
178.3 5
178.4 7
178.5 4
178.6 6
178.7 4
178.8 5
178.9 2
179 0
179.1 4
179.2 4
179.3 7
179.4 3
179.5 3
179.6 3
179.7 4
179.8 4
179.9 6
180 1
180.1 3
180.2 1
180.3 6
180.4 0
180.5 3
180.6 8
180.7 8
180.8 2
180.9 7
181 4
181.1 11
181.2 8
181.3 5
181.4 5
181.5 6
181.6 8
181.7 2
181.8 4
181.9 2
182 3
182.1 7
182.2 14
182.3 2
182.4 12
182.5 3
182.6 7
182.7 7
182.8 3
182.9 2
183 5
183.1 9
183.2 7
183.3 7
183.4 4
183.5 11
183.6 20
183.7 8
183.8 7
183.9 8
184 14
184.1 19
184.2 21
184.3 8
184.4 23
184.5 37
184.6 31
184.7 22
184.8 35
184.9 52
185 53
185.1 42
185.2 83
185.3 173
185.4 213
185.5 282
185.6 355
185.7 493
185.8 608
185.9 764
186 822
186.1 948
186.2 1033
186.3 1060
186.4 1065
186.5 1093
186.6 1148
186.7 1207
186.8 1271
186.9 1321
187 1294
187.1 1263
187.2 1264
187.3 1277
187.4 1295
187.5 1343
187.6 1355
187.7 1321
187.8 1297
187.9 1263
188 1206
188.1 1198
188.2 1169
188.3 1144
188.4 1160
188.5 1168
188.6 1159
188.7 1142
188.8 1157
188.9 1107
189 1079
189.1 1049
189.2 1023
189.3 966
189.4 901
189.5 855
189.6 860
189.7 872
189.8 903
189.9 870
190 788
190.1 716
190.2 648
190.3 572
190.4 506
190.5 414
190.6 293
190.7 182
190.8 128
190.9 120
191 85
191.1 76
191.2 83
191.3 52
191.4 15
191.5 3
191.6 3
191.7 1
191.8 3
191.9 1
192 1
192.1 0
192.2 1
192.3 0
192.4 0
192.5 3
192.6 3
192.7 2
192.8 1
192.9 0
193 1
193.1 0
193.2 1
193.3 0
193.4 0
193.5 2
193.6 1
193.7 0
193.8 3
193.9 1
194 2
194.1 3
194.2 0
194.3 2
194.4 4
194.5 2
194.6 1
194.7 0
194.8 0
194.9 2
195 5
195.1 0
195.2 0
195.3 0
195.4 0
195.5 1
195.6 0
195.7 1
195.8 2
195.9 3
196 8
196.1 11
196.2 13
196.3 6
196.4 7
196.5 2
196.6 1
196.7 1
196.8 1
196.9 2
197 1
197.1 3
197.2 2
197.3 0
197.4 1
197.5 16
197.6 4
197.7 0
197.8 3
197.9 2
198 0
198.1 0
198.2 4
198.3 1
198.4 3
198.5 0
198.6 7
198.7 2
198.8 0
198.9 1
199 1
199.1 0
199.2 2
199.3 5
199.4 5
199.5 1
199.6 5
199.7 1
199.8 1
199.9 2
200 2
