0 0
0.1 0
0.2 0
0.3 0
0.4 0
0.5 0
0.6 0
0.7 0
0.8 0
0.9 0
1 0
1.1 2
1.2 4
1.3 5
1.4 6
1.5 13
1.6 19
1.7 30
1.8 38
1.9 48
2 59
2.1 64
2.2 76
2.3 84
2.4 99
2.5 116
2.6 129
2.7 158
2.8 192
2.9 212
3 236
3.1 263
3.2 285
3.3 318
3.4 342
3.5 376
3.6 414
3.7 435
3.8 456
3.9 490
4 515
4.1 545
4.2 586
4.3 615
4.4 638
4.5 664
4.6 704
4.7 731
4.8 768
4.9 807
5 834
5.1 854
5.2 885
5.3 916
5.4 949
5.5 980
5.6 1012
5.7 1062
5.8 1085
5.9 1121
6 1146
6.1 1188
6.2 1231
6.3 1274
6.4 1331
6.5 1370
6.6 1397
6.7 1449
6.8 1479
6.9 1517
7 1554
7.1 1580
7.2 1604
7.3 1623
7.4 1658
7.5 1689
7.6 1714
7.7 1735
7.8 1767
7.9 1799
8 1785
8.1 1722
8.2 1627
8.3 1530
8.4 1430
8.5 1335
8.6 1251
8.7 1148
8.8 1083
8.9 1012
9 929
9.1 852
9.2 791
9.3 731
9.4 702
9.5 665
9.6 624
9.7 581
9.8 527
9.9 512
10 497
10.1 457
10.2 429
10.3 406
10.4 395
10.5 381
10.6 369
10.7 373
10.8 351
10.9 327
11 300
11.1 275
11.2 266
11.3 265
11.4 251
11.5 244
11.6 232
11.7 226
11.8 225
11.9 222
12 215
12.1 205
12.2 209
12.3 219
12.4 209
12.5 201
12.6 196
12.7 195
12.8 199
12.9 206
13 207
13.1 218
13.2 229
13.3 243
13.4 262
13.5 276
13.6 269
13.7 255
13.8 240
13.9 245
14 233
14.1 239
14.2 233
14.3 228
14.4 219
14.5 216
14.6 227
14.7 261
14.8 274
14.9 306
15 313
15.1 302
15.2 304
15.3 314
15.4 335
15.5 323
15.6 301
15.7 305
15.8 299
15.9 306
16 302
16.1 308
16.2 300
16.3 296
16.4 281
16.5 265
16.6 264
16.7 261
16.8 262
16.9 259
17 264
17.1 260
17.2 267
17.3 260
17.4 261
17.5 253
17.6 251
17.7 247
17.8 240
17.9 240
18 233
18.1 214
18.2 218
18.3 221
18.4 216
18.5 206
18.6 186
18.7 184
18.8 171
18.9 173
19 182
19.1 184
19.2 188
19.3 194
19.4 196
19.5 187
19.6 216
19.7 250
19.8 271
19.9 281
20 298
20.1 273
20.2 262
20.3 249
20.4 235
20.5 227
20.6 222
20.7 208
20.8 197
20.9 195
21 185
21.1 174
21.2 166
21.3 164
21.4 182
21.5 179
21.6 180
21.7 176
21.8 183
21.9 199
22 224
22.1 235
22.2 233
22.3 232
22.4 240
22.5 237
22.6 236
22.7 238
22.8 229
22.9 231
23 268
23.1 285
23.2 313
23.3 333
23.4 341
23.5 343
23.6 350
23.7 354
23.8 358
23.9 364
24 362
24.1 364
24.2 367
24.3 374
24.4 382
24.5 387
24.6 395
24.7 409
24.8 426
24.9 438
25 452
25.1 463
25.2 480
25.3 506
25.4 527
25.5 539
25.6 562
25.7 599
25.8 624
25.9 644
26 676
26.1 704
26.2 735
26.3 759
26.4 792
26.5 824
26.6 857
26.7 874
26.8 908
26.9 932
27 957
27.1 984
27.2 1011
27.3 1042
27.4 1078
27.5 1110
27.6 1142
27.7 1177
27.8 1195
27.9 1235
28 1256
28.1 1298
28.2 1302
28.3 1325
28.4 1333
28.5 1359
28.6 1372
28.7 1394
28.8 1415
28.9 1435
29 1460
29.1 1455
29.2 1444
29.3 1359
29.4 1280
29.5 1183
29.6 1084
29.7 997
29.8 916
29.9 870
30 808
30.1 753
30.2 707
30.3 662
30.4 642
30.5 638
30.6 584
30.7 547
30.8 516
30.9 496
31 460
31.1 420
31.2 388
31.3 371
31.4 350
31.5 339
31.6 330
31.7 343
31.8 339
31.9 334
32 326
32.1 320
32.2 322
32.3 310
32.4 290
32.5 273
32.6 263
32.7 242
32.8 224
32.9 225
33 220
33.1 235
33.2 241
33.3 240
33.4 244
33.5 221
33.6 211
33.7 204
33.8 200
33.9 214
34 225
34.1 230
34.2 245
34.3 250
34.4 256
34.5 270
34.6 256
34.7 257
34.8 270
34.9 274
35 278
35.1 258
35.2 244
35.3 236
35.4 230
35.5 232
35.6 230
35.7 232
35.8 248
35.9 334
36 360
36.1 346
36.2 334
36.3 320
36.4 326
36.5 315
36.6 309
36.7 288
36.8 276
36.9 281
37 277
37.1 256
37.2 259
37.3 268
37.4 257
37.5 254
37.6 231
37.7 216
37.8 221
37.9 233
38 262
38.1 262
38.2 254
38.3 263
38.4 273
38.5 255
38.6 254
38.7 251
38.8 241
38.9 240
39 232
39.1 228
39.2 205
39.3 209
39.4 207
39.5 211
39.6 203
39.7 224
39.8 267
39.9 263
40 256
40.1 253
40.2 238
40.3 224
40.4 210
40.5 202
40.6 209
40.7 216
40.8 204
40.9 316
41 397
41.1 414
41.2 420
41.3 416
41.4 426
41.5 457
41.6 456
41.7 463
41.8 460
41.9 469
42 478
42.1 482
42.2 482
42.3 487
42.4 503
42.5 512
42.6 525
42.7 544
42.8 555
42.9 563
43 570
43.1 583
43.2 589
43.3 601
43.4 615
43.5 634
43.6 648
43.7 668
43.8 676
43.9 696
44 714
44.1 732
44.2 742
44.3 754
44.4 781
44.5 801
44.6 819
44.7 846
44.8 868
44.9 903
45 924
45.1 950
45.2 978
45.3 1019
45.4 1060
45.5 1085
45.6 1120
45.7 1155
45.8 1186
45.9 1220
46 1247
46.1 1281
46.2 1316
46.3 1349
46.4 1376
46.5 1410
46.6 1436
46.7 1469
46.8 1506
46.9 1525
47 1552
47.1 1598
47.2 1624
47.3 1646
47.4 1672
47.5 1694
47.6 1686
47.7 1638
47.8 1530
47.9 1425
48 1310
48.1 1192
48.2 1112
48.3 1044
48.4 981
48.5 900
48.6 843
48.7 802
48.8 757
48.9 682
49 661
49.1 642
49.2 605
49.3 567
49.4 535
49.5 510
49.6 485
49.7 474
49.8 452
49.9 429
50 414
50.1 393
50.2 373
50.3 347
50.4 352
50.5 356
50.6 380
50.7 390
50.8 385
50.9 360
51 346
51.1 323
51.2 299
51.3 290
51.4 278
51.5 283
51.6 275
51.7 270
51.8 272
51.9 265
52 250
52.1 235
52.2 224
52.3 211
52.4 199
52.5 205
52.6 205
52.7 221
52.8 227
52.9 229
53 238
53.1 236
53.2 231
53.3 222
53.4 226
53.5 238
53.6 226
53.7 220
53.8 209
53.9 194
54 205
54.1 190
54.2 206
54.3 227
54.4 233
54.5 232
54.6 228
54.7 255
54.8 284
54.9 288
55 288
55.1 290
55.2 297
55.3 319
55.4 330
55.5 350
55.6 355
55.7 367
55.8 367
55.9 367
56 354
56.1 340
56.2 338
56.3 346
56.4 362
56.5 350
56.6 343
56.7 331
56.8 322
56.9 310
57 302
57.1 280
57.2 275
57.3 274
57.4 258
57.5 269
57.6 258
57.7 253
57.8 258
57.9 252
58 239
58.1 225
58.2 231
58.3 233
58.4 237
58.5 243
58.6 239
58.7 227
58.8 218
58.9 218
59 226
59.1 222
59.2 208
59.3 203
59.4 205
59.5 201
59.6 210
59.7 210
59.8 217
59.9 215
60 218
60.1 219
60.2 227
60.3 240
60.4 281
60.5 301
60.6 306
60.7 291
60.8 283
60.9 276
61 277
61.1 266
61.2 257
61.3 275
61.4 299
61.5 298
61.6 287
61.7 283
61.8 276
61.9 288
62 300
62.1 306
62.2 299
62.3 293
62.4 294
62.5 325
62.6 347
62.7 336
62.8 319
62.9 291
63 282
63.1 279
63.2 288
63.3 270
63.4 277
63.5 274
63.6 278
63.7 287
63.8 302
63.9 333
64 353
64.1 373
64.2 369
64.3 383
64.4 367
64.5 362
64.6 360
64.7 339
64.8 351
64.9 350
65 346
65.1 342
65.2 337
65.3 346
65.4 339
65.5 335
65.6 327
65.7 314
65.8 341
65.9 374
66 382
66.1 388
66.2 431
66.3 445
66.4 451
66.5 458
66.6 467
66.7 483
66.8 486
66.9 502
67 514
67.1 527
67.2 536
67.3 549
67.4 570
67.5 590
67.6 599
67.7 616
67.8 619
67.9 631
68 644
68.1 670
68.2 680
68.3 691
68.4 710
68.5 720
68.6 745
68.7 774
68.8 803
68.9 822
69 846
69.1 864
69.2 896
69.3 912
69.4 941
69.5 982
69.6 1000
69.7 1033
69.8 1055
69.9 1079
70 1100
70.1 1134
70.2 1162
70.3 1193
70.4 1218
70.5 1250
70.6 1286
70.7 1318
70.8 1347
70.9 1368
71 1401
71.1 1424
71.2 1436
71.3 1456
71.4 1476
71.5 1473
71.6 1443
71.7 1384
71.8 1304
71.9 1232
72 1181
72.1 1120
72.2 1045
72.3 971
72.4 884
72.5 798
72.6 738
72.7 683
72.8 642
72.9 581
73 538
73.1 489
73.2 461
73.3 440
73.4 405
73.5 392
73.6 384
73.7 366
73.8 352
73.9 332
74 335
74.1 324
74.2 336
74.3 388
74.4 397
74.5 432
74.6 442
74.7 428
74.8 430
74.9 438
75 447
75.1 436
75.2 423
75.3 409
75.4 380
75.5 368
75.6 353
75.7 340
75.8 350
75.9 337
76 335
76.1 324
76.2 337
76.3 339
76.4 326
76.5 322
76.6 311
76.7 298
76.8 288
76.9 280
77 266
77.1 271
77.2 271
77.3 266
77.4 250
77.5 239
77.6 287
77.7 309
77.8 304
77.9 298
78 298
78.1 311
78.2 294
78.3 287
78.4 278
78.5 271
78.6 274
78.7 267
78.8 260
78.9 245
79 246
79.1 241
79.2 242
79.3 251
79.4 252
79.5 260
79.6 285
79.7 268
79.8 264
79.9 254
80 236
80.1 232
80.2 239
80.3 312
80.4 355
80.5 348
80.6 335
80.7 338
80.8 347
80.9 342
81 342
81.1 338
81.2 338
81.3 334
81.4 332
81.5 321
81.6 305
81.7 286
81.8 271
81.9 272
82 270
82.1 265
82.2 259
82.3 278
82.4 287
82.5 294
82.6 313
82.7 338
82.8 347
82.9 377
83 408
83.1 415
83.2 394
83.3 371
83.4 381
83.5 403
83.6 425
83.7 431
83.8 398
83.9 380
84 345
84.1 320
84.2 324
84.3 325
84.4 323
84.5 315
84.6 314
84.7 288
84.8 285
84.9 317
85 338
85.1 350
85.2 368
85.3 374
85.4 369
85.5 364
85.6 347
85.7 329
85.8 312
85.9 283
86 271
86.1 262
86.2 261
86.3 257
86.4 253
86.5 251
86.6 249
86.7 272
86.8 322
86.9 391
87 433
87.1 439
87.2 444
87.3 448
87.4 456
87.5 462
87.6 466
87.7 489
87.8 497
87.9 508
88 508
88.1 511
88.2 518
88.3 536
88.4 546
88.5 555
88.6 566
88.7 577
88.8 592
88.9 610
89 632
89.1 661
89.2 675
89.3 696
89.4 716
89.5 747
89.6 776
89.7 786
89.8 824
89.9 848
90 862
90.1 891
90.2 914
90.3 936
90.4 969
90.5 1016
90.6 1037
90.7 1060
90.8 1082
90.9 1103
91 1134
91.1 1159
91.2 1181
91.3 1206
91.4 1227
91.5 1260
91.6 1295
91.7 1325
91.8 1359
91.9 1377
92 1395
92.1 1429
92.2 1448
92.3 1482
92.4 1524
92.5 1542
92.6 1548
92.7 1570
92.8 1581
92.9 1587
93 1585
93.1 1597
93.2 1545
93.3 1458
93.4 1351
93.5 1230
93.6 1144
93.7 1056
93.8 984
93.9 931
94 873
94.1 827
94.2 769
94.3 718
94.4 673
94.5 637
94.6 613
94.7 566
94.8 520
94.9 493
95 459
95.1 424
95.2 411
95.3 401
95.4 397
95.5 391
95.6 367
95.7 369
95.8 353
95.9 331
96 331
96.1 315
96.2 312
96.3 308
96.4 305
96.5 303
96.6 310
96.7 299
96.8 302
96.9 289
97 287
97.1 305
97.2 311
97.3 327
97.4 331
97.5 332
97.6 356
97.7 344
97.8 335
97.9 317
98 313
98.1 310
98.2 307
98.3 314
98.4 299
98.5 295
98.6 287
98.7 291
98.8 294
98.9 295
99 303
99.1 304
99.2 303
99.3 297
99.4 302
99.5 293
99.6 293
99.7 296
99.8 291
99.9 289
100 285
100.1 276
100.2 255
100.3 237
100.4 226
100.5 211
100.6 195
100.7 178
100.8 180
100.9 183
101 202
101.1 203
101.2 213
101.3 221
101.4 240
101.5 253
101.6 274
101.7 284
101.8 292
101.9 279
102 273
102.1 268
102.2 266
102.3 265
102.4 260
102.5 242
102.6 232
102.7 220
102.8 245
102.9 266
103 250
103.1 247
103.2 239
103.3 271
103.4 298
103.5 304
103.6 305
103.7 304
103.8 308
103.9 299
104 299
104.1 279
104.2 259
104.3 255
104.4 245
104.5 251
104.6 246
104.7 252
104.8 237
104.9 228
105 242
105.1 245
105.2 228
105.3 208
105.4 198
105.5 198
105.6 190
105.7 194
105.8 186
105.9 187
106 185
106.1 183
106.2 186
106.3 192
106.4 189
106.5 176
106.6 173
106.7 166
106.8 166
106.9 185
107 198
107.1 202
107.2 197
107.3 212
107.4 215
107.5 213
107.6 223
107.7 233
107.8 226
107.9 213
108 217
108.1 215
108.2 223
108.3 212
108.4 216
108.5 234
108.6 245
108.7 241
108.8 247
108.9 241
109 236
109.1 236
109.2 244
109.3 252
109.4 263
109.5 270
109.6 265
109.7 264
109.8 252
109.9 247
110 254
110.1 269
110.2 280
110.3 283
110.4 287
110.5 300
110.6 298
110.7 295
110.8 309
110.9 307
111 318
111.1 314
111.2 318
111.3 325
111.4 339
111.5 345
111.6 345
111.7 353
111.8 363
111.9 371
112 376
112.1 387
112.2 395
112.3 410
112.4 423
112.5 433
112.6 447
112.7 466
112.8 477
112.9 497
113 518
113.1 532
113.2 558
113.3 582
113.4 602
113.5 628
113.6 646
113.7 681
113.8 693
113.9 721
114 746
114.1 783
114.2 823
114.3 844
114.4 860
114.5 901
114.6 931
114.7 957
114.8 989
114.9 1010
115 1034
115.1 1067
115.2 1104
115.3 1128
115.4 1155
115.5 1188
115.6 1221
115.7 1243
115.8 1290
115.9 1317
116 1349
116.1 1380
116.2 1407
116.3 1433
116.4 1470
116.5 1498
116.6 1521
116.7 1555
116.8 1581
116.9 1606
117 1635
117.1 1664
117.2 1695
117.3 1722
117.4 1755
117.5 1774
117.6 1804
117.7 1795
117.8 1744
117.9 1654
118 1528
118.1 1405
118.2 1272
118.3 1163
118.4 1076
118.5 1027
118.6 973
118.7 896
118.8 850
118.9 780
119 710
119.1 672
119.2 616
119.3 585
119.4 560
119.5 544
119.6 526
119.7 495
119.8 455
119.9 444
120 423
120.1 404
120.2 374
120.3 360
120.4 348
120.5 329
120.6 310
120.7 312
120.8 306
120.9 279
121 254
121.1 256
121.2 264
121.3 282
121.4 257
121.5 252
121.6 233
121.7 220
121.8 240
121.9 258
122 249
122.1 238
122.2 240
122.3 240
122.4 240
122.5 250
122.6 258
122.7 238
122.8 229
122.9 241
123 247
123.1 258
123.2 241
123.3 239
123.4 237
123.5 233
123.6 230
123.7 222
123.8 223
123.9 236
124 238
124.1 254
124.2 249
124.3 239
124.4 235
124.5 249
124.6 258
124.7 254
124.8 244
124.9 237
125 220
125.1 231
125.2 234
125.3 241
125.4 230
125.5 231
125.6 216
125.7 203
125.8 227
125.9 252
126 280
126.1 305
126.2 306
126.3 277
126.4 265
126.5 261
126.6 251
126.7 262
126.8 285
126.9 282
127 285
127.1 278
127.2 279
127.3 284
127.4 291
127.5 341
127.6 374
127.7 374
127.8 364
127.9 367
128 370
128.1 380
128.2 380
128.3 373
128.4 352
128.5 335
128.6 323
128.7 311
128.8 295
128.9 283
129 273
129.1 251
129.2 271
129.3 378
129.4 415
129.5 407
129.6 395
129.7 394
129.8 405
129.9 406
130 402
130.1 408
130.2 446
130.3 466
130.4 465
130.5 449
130.6 440
130.7 420
130.8 401
130.9 389
131 383
131.1 377
131.2 368
131.3 362
131.4 359
131.5 351
131.6 333
131.7 321
131.8 310
131.9 290
132 284
132.1 276
132.2 269
132.3 259
132.4 252
132.5 234
132.6 245
132.7 237
132.8 241
132.9 248
133 257
133.1 274
133.2 298
133.3 299
133.4 315
133.5 337
133.6 331
133.7 334
133.8 340
133.9 341
134 342
134.1 335
134.2 328
134.3 314
134.4 302
134.5 299
134.6 291
134.7 281
134.8 283
134.9 273
135 256
135.1 230
135.2 233
135.3 266
135.4 278
135.5 278
135.6 263
135.7 265
135.8 246
135.9 244
136 249
136.1 250
136.2 259
136.3 251
136.4 247
136.5 245
136.6 236
136.7 234
136.8 230
136.9 232
137 244
137.1 237
137.2 236
137.3 231
137.4 271
137.5 275
137.6 264
137.7 254
137.8 263
137.9 264
138 265
138.1 267
138.2 257
138.3 249
138.4 230
138.5 216
138.6 230
138.7 224
138.8 222
138.9 232
139 227
139.1 224
139.2 230
139.3 224
139.4 219
139.5 212
139.6 206
139.7 201
139.8 194
139.9 207
140 197
140.1 211
140.2 237
140.3 257
140.4 265
140.5 306
140.6 325
140.7 337
140.8 349
140.9 346
141 347
141.1 363
141.2 372
141.3 372
141.4 375
141.5 379
141.6 389
141.7 390
141.8 400
141.9 395
142 409
142.1 417
142.2 427
142.3 442
142.4 450
142.5 464
142.6 483
142.7 498
142.8 515
142.9 533
143 555
143.1 572
143.2 591
143.3 608
143.4 629
143.5 653
143.6 665
143.7 681
143.8 705
143.9 725
144 759
144.1 777
144.2 801
144.3 834
144.4 853
144.5 882
144.6 907
144.7 944
144.8 976
144.9 1006
145 1038
145.1 1067
145.2 1079
145.3 1117
145.4 1135
145.5 1160
145.6 1183
145.7 1206
145.8 1234
145.9 1267
146 1282
146.1 1311
146.2 1342
146.3 1372
146.4 1385
146.5 1415
146.6 1442
146.7 1476
146.8 1499
146.9 1515
147 1546
147.1 1571
147.2 1577
147.3 1599
147.4 1600
147.5 1621
147.6 1651
147.7 1638
147.8 1636
147.9 1543
148 1435
148.1 1354
148.2 1225
148.3 1108
148.4 1047
148.5 988
148.6 926
148.7 884
148.8 820
148.9 773
149 784
149.1 816
149.2 776
149.3 756
149.4 703
149.5 658
149.6 648
149.7 616
149.8 580
149.9 558
150 549
150.1 527
150.2 504
150.3 471
150.4 439
150.5 429
150.6 431
150.7 413
150.8 386
150.9 356
151 348
151.1 342
151.2 324
151.3 307
151.4 297
151.5 282
151.6 260
151.7 254
151.8 258
151.9 252
152 261
152.1 265
152.2 304
152.3 323
152.4 334
152.5 300
152.6 296
152.7 274
152.8 262
152.9 266
153 267
153.1 261
153.2 249
153.3 233
153.4 227
153.5 224
153.6 227
153.7 233
153.8 250
153.9 251
154 249
154.1 243
154.2 235
154.3 231
154.4 222
154.5 218
154.6 219
154.7 233
154.8 262
154.9 259
155 247
155.1 238
155.2 243
155.3 253
155.4 245
155.5 279
155.6 280
155.7 289
155.8 295
155.9 301
156 276
156.1 276
156.2 284
156.3 293
156.4 296
156.5 295
156.6 303
156.7 324
156.8 322
156.9 327
157 328
157.1 318
157.2 314
157.3 304
157.4 303
157.5 287
157.6 286
157.7 301
157.8 299
157.9 289
158 286
158.1 282
158.2 256
158.3 240
158.4 221
158.5 216
158.6 200
158.7 209
158.8 192
158.9 192
159 193
159.1 191
159.2 219
159.3 227
159.4 225
159.5 223
159.6 228
159.7 256
159.8 257
159.9 260
160 270
160.1 276
160.2 270
160.3 243
160.4 236
160.5 223
160.6 224
160.7 242
160.8 262
160.9 276
161 285
161.1 291
161.2 303
161.3 310
161.4 311
161.5 300
161.6 285
161.7 289
161.8 310
161.9 332
162 349
162.1 390
162.2 412
162.3 414
162.4 422
162.5 426
162.6 436
162.7 436
162.8 445
162.9 461
163 472
163.1 480
163.2 505
163.3 519
163.4 525
163.5 544
163.6 555
163.7 567
163.8 582
163.9 600
164 610
164.1 638
164.2 657
164.3 678
164.4 696
164.5 707
164.6 737
164.7 755
164.8 780
164.9 805
165 835
165.1 858
165.2 879
165.3 902
165.4 934
165.5 968
165.6 986
165.7 1015
165.8 1039
165.9 1067
166 1086
166.1 1120
166.2 1137
166.3 1162
166.4 1176
166.5 1196
166.6 1225
166.7 1260
166.8 1280
166.9 1314
167 1336
167.1 1363
167.2 1398
167.3 1420
167.4 1434
167.5 1448
167.6 1459
167.7 1481
167.8 1508
167.9 1534
168 1568
168.1 1598
168.2 1614
168.3 1644
168.4 1651
168.5 1673
168.6 1688
168.7 1709
168.8 1667
168.9 1588
169 1510
169.1 1415
169.2 1353
169.3 1318
169.4 1327
169.5 1285
169.6 1187
169.7 1090
169.8 1014
169.9 923
170 864
170.1 783
170.2 716
170.3 657
170.4 631
170.5 564
170.6 523
170.7 489
170.8 477
170.9 470
171 438
171.1 416
171.2 411
171.3 382
171.4 352
171.5 337
171.6 326
171.7 355
171.8 380
171.9 370
172 365
172.1 355
172.2 336
172.3 326
172.4 315
172.5 312
172.6 305
172.7 300
172.8 283
172.9 274
173 274
173.1 274
173.2 293
173.3 294
173.4 305
173.5 332
173.6 342
173.7 345
173.8 342
173.9 342
174 332
174.1 305
174.2 290
174.3 279
174.4 270
174.5 261
174.6 253
174.7 255
174.8 248
174.9 255
175 242
175.1 242
175.2 239
175.3 231
175.4 216
175.5 209
175.6 211
175.7 211
175.8 211
175.9 219
176 205
176.1 204
176.2 207
176.3 217
176.4 216
176.5 225
176.6 227
176.7 236
176.8 240
176.9 238
177 245
177.1 243
177.2 232
177.3 246
177.4 242
177.5 243
177.6 257
177.7 266
177.8 244
177.9 236
178 235
178.1 226
178.2 232
178.3 253
178.4 279
178.5 278
178.6 279
178.7 275
178.8 278
178.9 269
179 254
179.1 263
179.2 268
179.3 250
179.4 263
179.5 275
179.6 262
179.7 250
179.8 253
179.9 266
180 258
180.1 241
180.2 237
180.3 235
180.4 221
180.5 207
180.6 205
180.7 219
180.8 233
180.9 228
181 221
181.1 212
181.2 219
181.3 241
181.4 244
181.5 250
181.6 246
181.7 245
181.8 239
181.9 227
182 203
182.1 213
182.2 214
182.3 224
182.4 221
182.5 233
182.6 227
182.7 221
182.8 218
182.9 211
183 207
183.1 208
183.2 207
183.3 209
183.4 200
183.5 190
183.6 207
183.7 225
183.8 214
183.9 225
184 228
184.1 233
184.2 249
184.3 249
184.4 246
184.5 270
184.6 275
184.7 289
184.8 290
184.9 288
185 303
185.1 296
185.2 312
185.3 337
185.4 348
185.5 351
185.6 350
185.7 358
185.8 363
185.9 378
186 389
186.1 394
186.2 406
186.3 416
186.4 430
186.5 460
186.6 475
186.7 499
186.8 514
186.9 530
187 545
187.1 567
187.2 587
187.3 605
187.4 627
187.5 652
187.6 683
187.7 705
187.8 725
187.9 752
188 782
188.1 812
188.2 841
188.3 869
188.4 886
188.5 924
188.6 955
188.7 987
188.8 1009
188.9 1044
189 1083
189.1 1107
189.2 1137
189.3 1170
189.4 1199
189.5 1234
189.6 1260
189.7 1287
189.8 1307
189.9 1347
190 1393
190.1 1426
190.2 1477
190.3 1511
190.4 1539
190.5 1567
190.6 1590
190.7 1602
190.8 1596
190.9 1612
191 1648
191.1 1665
191.2 1669
191.3 1660
191.4 1592
191.5 1495
191.6 1374
191.7 1260
191.8 1151
191.9 1026
192 951
192.1 884
192.2 848
192.3 766
192.4 717
192.5 652
192.6 609
192.7 566
192.8 533
192.9 508
193 490
193.1 464
193.2 446
193.3 409
193.4 412
193.5 408
193.6 403
193.7 401
193.8 404
193.9 404
194 407
194.1 410
194.2 427
194.3 451
194.4 467
194.5 460
194.6 427
194.7 404
194.8 391
194.9 376
195 357
195.1 350
195.2 326
195.3 316
195.4 302
195.5 299
195.6 306
195.7 301
195.8 295
195.9 301
196 391
196.1 579
196.2 720
196.3 744
196.4 712
196.5 661
196.6 612
196.7 574
196.8 553
196.9 519
197 492
197.1 448
197.2 413
197.3 371
197.4 340
197.5 368
197.6 439
197.7 419
197.8 402
197.9 377
198 351
198.1 334
198.2 324
198.3 320
198.4 321
198.5 318
198.6 329
198.7 331
198.8 317
198.9 299
199 286
199.1 281
199.2 287
199.3 280
199.4 290
199.5 288
199.6 289
199.7 294
199.8 292
199.9 281
200 268
