0 0
0.1 0
0.2 0
0.3 0
0.4 0
0.5 0
0.6 0
0.7 0
0.8 0
0.9 0
1 1
1.1 1
1.2 0
1.3 0
1.4 1
1.5 0
1.6 1
1.7 1
1.8 2
1.9 1
2 1
2.1 0
2.2 1
2.3 1
2.4 0
2.5 0
2.6 2
2.7 3
2.8 3
2.9 2
3 1
3.1 2
3.2 1
3.3 1
3.4 3
3.5 2
3.6 0
3.7 1
3.8 7
3.9 1
4 4
4.1 9
4.2 3
4.3 1
4.4 4
4.5 4
4.6 4
4.7 6
4.8 7
4.9 3
5 2
5.1 5
5.2 6
5.3 4
5.4 7
5.5 2
5.6 8
5.7 4
5.8 9
5.9 7
6 14
6.1 8
6.2 10
6.3 13
6.4 10
6.5 9
6.6 19
6.7 17
6.8 23
6.9 29
7 23
7.1 25
7.2 31
7.3 45
7.4 44
7.5 38
7.6 50
7.7 67
7.8 70
7.9 70
8 107
8.1 200
8.2 318
8.3 434
8.4 545
8.5 651
8.6 743
8.7 850
8.8 921
8.9 981
9 1073
9.1 1154
9.2 1213
9.3 1281
9.4 1300
9.5 1324
9.6 1365
9.7 1400
9.8 1430
9.9 1420
10 1415
10.1 1439
10.2 1461
10.3 1463
10.4 1452
10.5 1444
10.6 1435
10.7 1410
10.8 1407
10.9 1408
11 1424
11.1 1423
11.2 1413
11.3 1394
11.4 1391
11.5 1380
11.6 1371
11.7 1361
11.8 1344
11.9 1320
12 1305
12.1 1291
12.2 1267
12.3 1227
12.4 1220
12.5 1208
12.6 1194
12.7 1168
12.8 1139
12.9 1108
13 1087
13.1 1059
13.2 1035
13.3 1010
13.4 968
13.5 935
13.6 929
13.7 915
13.8 919
13.9 894
14 886
14.1 859
14.2 853
14.3 833
14.4 828
14.5 820
14.6 787
14.7 732
14.8 709
14.9 659
15 633
15.1 635
15.2 616
15.3 594
15.4 557
15.5 558
15.6 571
15.7 558
15.8 551
15.9 535
16 533
16.1 516
16.2 513
16.3 508
16.4 508
16.5 514
16.6 500
16.7 494
16.8 481
16.9 470
17 453
17.1 449
17.2 432
17.3 431
17.4 424
17.5 423
17.6 419
17.7 415
17.8 418
17.9 416
18 411
18.1 425
18.2 409
18.3 399
18.4 400
18.5 399
18.6 411
18.7 403
18.8 411
18.9 404
19 388
19.1 378
19.2 366
19.3 355
19.4 344
19.5 350
19.6 315
19.7 277
19.8 249
19.9 235
20 215
20.1 235
20.2 236
20.3 241
20.4 251
20.5 252
20.6 254
20.7 263
20.8 271
20.9 266
21 272
21.1 275
21.2 279
21.3 277
21.4 254
21.5 252
21.6 245
21.7 245
21.8 231
21.9 213
22 185
22.1 168
22.2 163
22.3 160
22.4 152
22.5 152
22.6 148
22.7 140
22.8 142
22.9 139
23 101
23.1 81
23.2 52
23.3 31
23.4 21
23.5 19
23.6 13
23.7 9
23.8 8
23.9 3
24 7
24.1 8
24.2 6
24.3 3
24.4 3
24.5 3
24.6 4
24.7 2
24.8 0
24.9 1
25 2
25.1 2
25.2 3
25.3 2
25.4 4
25.5 3
25.6 5
25.7 5
25.8 2
25.9 5
26 3
26.1 4
26.2 4
26.3 3
26.4 6
26.5 8
26.6 3
26.7 7
26.8 6
26.9 7
27 9
27.1 8
27.2 14
27.3 15
27.4 12
27.5 14
27.6 16
27.7 12
27.8 21
27.9 12
28 22
28.1 9
28.2 21
28.3 14
28.4 31
28.5 27
28.6 33
28.7 32
28.8 37
28.9 51
29 57
29.1 94
29.2 130
29.3 238
29.4 335
29.5 440
29.6 551
29.7 644
29.8 729
29.9 779
30 830
30.1 887
30.2 929
30.3 966
30.4 975
30.5 972
30.6 1012
30.7 1045
30.8 1063
30.9 1069
31 1097
31.1 1115
31.2 1132
31.3 1136
31.4 1134
31.5 1132
31.6 1123
31.7 1096
31.8 1086
31.9 1078
32 1076
32.1 1066
32.2 1049
32.3 1043
32.4 1053
32.5 1048
32.6 1044
32.7 1052
32.8 1051
32.9 1031
33 1022
33.1 991
33.2 963
33.3 946
33.4 928
33.5 931
33.6 930
33.7 918
33.8 917
33.9 883
34 853
34.1 834
34.2 800
34.3 789
34.4 771
34.5 745
34.6 748
34.7 733
34.8 709
34.9 691
35 679
35.1 689
35.2 690
35.3 683
35.4 670
35.5 656
35.6 641
35.7 627
35.8 604
35.9 514
36 481
36.1 479
36.2 485
36.3 492
36.4 476
36.5 475
36.6 475
36.7 490
36.8 491
36.9 476
37 465
37.1 477
37.2 463
37.3 441
37.4 446
37.5 446
37.6 461
37.7 467
37.8 455
37.9 432
38 391
38.1 384
38.2 384
38.3 367
38.4 353
38.5 364
38.6 365
38.7 362
38.8 365
38.9 354
39 351
39.1 343
39.2 357
39.3 344
39.4 340
39.5 330
39.6 334
39.7 307
39.8 258
39.9 259
40 259
40.1 257
40.2 268
40.3 274
40.4 283
40.5 285
40.6 273
40.7 261
40.8 267
40.9 151
41 68
41.1 50
41.2 42
41.3 46
41.4 38
41.5 10
41.6 13
41.7 10
41.8 14
41.9 7
42 6
42.1 4
42.2 7
42.3 12
42.4 7
42.5 6
42.6 6
42.7 7
42.8 8
42.9 6
43 10
43.1 4
43.2 6
43.3 6
43.4 4
43.5 6
43.6 3
43.7 3
43.8 6
43.9 5
44 2
44.1 3
44.2 5
44.3 5
44.4 2
44.5 5
44.6 4
44.7 3
44.8 4
44.9 3
45 4
45.1 6
45.2 10
45.3 10
45.4 9
45.5 16
45.6 16
45.7 11
45.8 9
45.9 15
46 11
46.1 8
46.2 13
46.3 11
46.4 13
46.5 16
46.6 16
46.7 20
46.8 13
46.9 21
47 28
47.1 21
47.2 30
47.3 32
47.4 32
47.5 45
47.6 89
47.7 159
47.8 283
47.9 398
48 518
48.1 651
48.2 756
48.3 818
48.4 881
48.5 959
48.6 1015
48.7 1063
48.8 1094
48.9 1159
49 1169
49.1 1180
49.2 1209
49.3 1237
49.4 1259
49.5 1282
49.6 1291
49.7 1288
49.8 1291
49.9 1308
50 1313
50.1 1321
50.2 1331
50.3 1346
50.4 1325
50.5 1297
50.6 1257
50.7 1231
50.8 1213
50.9 1226
51 1219
51.1 1219
51.2 1219
51.3 1195
51.4 1195
51.5 1169
51.6 1160
51.7 1151
51.8 1141
51.9 1123
52 1117
52.1 1124
52.2 1118
52.3 1117
52.4 1111
52.5 1087
52.6 1076
52.7 1041
52.8 1011
52.9 1006
53 989
53.1 986
53.2 975
53.3 968
53.4 943
53.5 916
53.6 912
53.7 904
53.8 903
53.9 903
54 879
54.1 869
54.2 838
54.3 810
54.4 791
54.5 788
54.6 776
54.7 732
54.8 688
54.9 678
55 659
55.1 652
55.2 635
55.3 601
55.4 581
55.5 553
55.6 536
55.7 513
55.8 504
55.9 500
56 506
56.1 509
56.2 506
56.3 483
56.4 458
56.5 458
56.6 453
56.7 455
56.8 456
56.9 452
57 455
57.1 469
57.2 457
57.3 450
57.4 456
57.5 439
57.6 442
57.7 437
57.8 429
57.9 430
58 433
58.1 443
58.2 426
58.3 418
58.4 404
58.5 392
58.6 389
58.7 393
58.8 394
58.9 387
59 371
59.1 366
59.2 374
59.3 374
59.4 369
59.5 368
59.6 345
59.7 336
59.8 323
59.9 318
60 310
60.1 302
60.2 288
60.3 272
60.4 221
60.5 196
60.6 188
60.7 200
60.8 205
60.9 205
61 199
61.1 208
61.2 212
61.3 189
61.4 162
61.5 158
61.6 166
61.7 166
61.8 172
61.9 163
62 150
62.1 144
62.2 149
62.3 153
62.4 153
62.5 122
62.6 104
62.7 114
62.8 128
62.9 153
63 164
63.1 164
63.2 155
63.3 174
63.4 165
63.5 165
63.6 160
63.7 149
63.8 135
63.9 102
64 80
64.1 59
64.2 66
64.3 51
64.4 68
64.5 72
64.6 77
64.7 102
64.8 93
64.9 94
65 99
65.1 104
65.2 108
65.3 98
65.4 108
65.5 113
65.6 120
65.7 134
65.8 107
65.9 70
66 63
66.1 61
66.2 22
66.3 12
66.4 9
66.5 7
66.6 5
66.7 4
66.8 9
66.9 4
67 6
67.1 8
67.2 8
67.3 7
67.4 3
67.5 7
67.6 9
67.7 1
67.8 9
67.9 8
68 7
68.1 5
68.2 8
68.3 7
68.4 7
68.5 14
68.6 9
68.7 6
68.8 4
68.9 4
69 7
69.1 10
69.2 5
69.3 10
69.4 14
69.5 4
69.6 9
69.7 11
69.8 17
69.9 13
70 18
70.1 12
70.2 23
70.3 19
70.4 23
70.5 22
70.6 29
70.7 33
70.8 21
70.9 29
71 22
71.1 26
71.2 34
71.3 44
71.4 39
71.5 58
71.6 93
71.7 169
71.8 258
71.9 353
72 407
72.1 471
72.2 551
72.3 628
72.4 717
72.5 805
72.6 863
72.7 916
72.8 951
72.9 1001
73 1033
73.1 1068
73.2 1082
73.3 1084
73.4 1105
73.5 1097
73.6 1091
73.7 1096
73.8 1090
73.9 1090
74 1072
74.1 1065
74.2 1035
74.3 968
74.4 951
74.5 903
74.6 883
74.7 873
74.8 853
74.9 832
75 812
75.1 813
75.2 814
75.3 811
75.4 821
75.5 823
75.6 818
75.7 815
75.8 786
75.9 785
76 772
76.1 772
76.2 754
76.3 731
76.4 728
76.5 723
76.6 720
76.7 710
76.8 706
76.9 700
77 699
77.1 688
77.2 674
77.3 668
77.4 675
77.5 665
77.6 608
77.7 572
77.8 560
77.9 558
78 549
78.1 526
78.2 535
78.3 532
78.4 535
78.5 539
78.6 536
78.7 533
78.8 529
78.9 536
79 523
79.1 520
79.2 509
79.3 494
79.4 492
79.5 480
79.6 448
79.7 458
79.8 451
79.9 454
80 467
80.1 462
80.2 445
80.3 366
80.4 316
80.5 317
80.6 321
80.7 312
80.8 298
80.9 292
81 287
81.1 283
81.2 275
81.3 272
81.4 270
81.5 274
81.6 289
81.7 304
81.8 314
81.9 304
82 302
82.1 302
82.2 302
82.3 275
82.4 257
82.5 247
82.6 224
82.7 200
82.8 188
82.9 156
83 134
83.1 128
83.2 150
83.3 171
83.4 163
83.5 143
83.6 127
83.7 123
83.8 159
83.9 177
84 211
84.1 233
84.2 225
84.3 223
84.4 222
84.5 228
84.6 223
84.7 249
84.8 253
84.9 218
85 197
85.1 183
85.2 161
85.3 156
85.4 159
85.5 161
85.6 179
85.7 194
85.8 207
85.9 229
86 237
86.1 239
86.2 233
86.3 236
86.4 236
86.5 239
86.6 240
86.7 213
86.8 161
86.9 88
87 48
87.1 46
87.2 43
87.3 42
87.4 37
87.5 31
87.6 33
87.7 14
87.8 10
87.9 4
88 6
88.1 7
88.2 8
88.3 0
88.4 4
88.5 3
88.6 5
88.7 4
88.8 3
88.9 7
89 7
89.1 3
89.2 4
89.3 7
89.4 10
89.5 9
89.6 7
89.7 13
89.8 10
89.9 5
90 10
90.1 11
90.2 9
90.3 15
90.4 17
90.5 11
90.6 10
90.7 6
90.8 12
90.9 16
91 9
91.1 11
91.2 14
91.3 16
91.4 16
91.5 17
91.6 12
91.7 11
91.8 18
91.9 23
92 23
92.1 16
92.2 27
92.3 31
92.4 20
92.5 27
92.6 46
92.7 50
92.8 69
92.9 95
93 124
93.1 139
93.2 205
93.3 312
93.4 433
93.5 567
93.6 656
93.7 741
93.8 814
93.9 873
94 940
94.1 987
94.2 1041
94.3 1092
94.4 1132
94.5 1167
94.6 1172
94.7 1212
94.8 1250
94.9 1270
95 1279
95.1 1304
95.2 1300
95.3 1299
95.4 1290
95.5 1285
95.6 1288
95.7 1271
95.8 1267
95.9 1264
96 1243
96.1 1242
96.2 1230
96.3 1219
96.4 1191
96.5 1180
96.6 1163
96.7 1153
96.8 1139
96.9 1130
97 1109
97.1 1069
97.2 1048
97.3 1015
97.4 992
97.5 972
97.6 931
97.7 922
97.8 914
97.9 914
98 905
98.1 886
98.2 869
98.3 843
98.4 848
98.5 828
98.6 824
98.7 805
98.8 786
98.9 778
99 750
99.1 737
99.2 732
99.3 728
99.4 707
99.5 703
99.6 696
99.7 680
99.8 672
99.9 663
100 658
100.1 655
100.2 661
100.3 672
100.4 673
100.5 685
100.6 696
100.7 703
100.8 693
100.9 677
101 651
101.1 636
101.2 613
101.3 602
101.4 576
101.5 558
101.6 522
101.7 506
101.8 490
101.9 497
102 496
102.1 489
102.2 483
102.3 473
102.4 470
102.5 484
102.6 487
102.7 489
102.8 453
102.9 422
103 428
103.1 426
103.2 424
103.3 384
103.4 350
103.5 334
103.6 329
103.7 320
103.8 312
103.9 318
104 314
104.1 329
104.2 345
104.3 338
104.4 341
104.5 331
104.6 328
104.7 317
104.8 320
104.9 317
105 295
105.1 285
105.2 292
105.3 304
105.4 305
105.5 295
105.6 297
105.7 291
105.8 293
105.9 287
106 285
106.1 284
106.2 271
106.3 263
106.4 264
106.5 271
106.6 266
106.7 268
106.8 262
106.9 243
107 230
107.1 222
107.2 223
107.3 201
107.4 195
107.5 195
107.6 181
107.7 167
107.8 172
107.9 181
108 176
108.1 174
108.2 159
108.3 167
108.4 157
108.5 137
108.6 125
108.7 125
108.8 116
108.9 121
109 125
109.1 120
109.2 107
109.3 98
109.4 86
109.5 79
109.6 84
109.7 82
109.8 91
109.9 92
110 82
110.1 65
110.2 56
110.3 50
110.4 45
110.5 34
110.6 36
110.7 42
110.8 30
110.9 37
111 28
111.1 33
111.2 29
111.3 23
111.4 11
111.5 7
111.6 9
111.7 8
111.8 3
111.9 5
112 5
112.1 2
112.2 3
112.3 2
112.4 2
112.5 3
112.6 5
112.7 2
112.8 4
112.9 4
113 3
113.1 7
113.2 2
113.3 1
113.4 4
113.5 5
113.6 6
113.7 2
113.8 10
113.9 8
114 8
114.1 7
114.2 3
114.3 7
114.4 13
114.5 10
114.6 7
114.7 9
114.8 8
114.9 9
115 13
115.1 11
115.2 9
115.3 15
115.4 15
115.5 12
115.6 14
115.7 13
115.8 7
115.9 8
116 6
116.1 6
116.2 15
116.3 12
116.4 6
116.5 10
116.6 17
116.7 16
116.8 18
116.9 16
117 29
117.1 26
117.2 28
117.3 28
117.4 28
117.5 45
117.6 45
117.7 81
117.8 155
117.9 256
118 401
118.1 539
118.2 678
118.3 787
118.4 880
118.5 926
118.6 980
118.7 1053
118.8 1088
118.9 1149
119 1210
119.1 1240
119.2 1292
119.3 1313
119.4 1322
119.5 1325
119.6 1323
119.7 1338
119.8 1350
119.9 1343
120 1359
120.1 1365
120.2 1373
120.3 1363
120.4 1357
120.5 1340
120.6 1338
120.7 1319
120.8 1312
120.9 1321
121 1327
121.1 1311
121.2 1293
121.3 1248
121.4 1252
121.5 1243
121.6 1242
121.7 1228
121.8 1185
121.9 1145
122 1139
122.1 1130
122.2 1111
122.3 1090
122.4 1072
122.5 1052
122.6 1020
122.7 1013
122.8 1003
122.9 980
123 954
123.1 927
123.2 923
123.3 912
123.4 895
123.5 879
123.6 865
123.7 861
123.8 842
123.9 813
124 796
124.1 763
124.2 752
124.3 742
124.4 734
124.5 713
124.6 691
124.7 684
124.8 684
124.9 678
125 683
125.1 661
125.2 644
125.3 622
125.4 625
125.5 615
125.6 622
125.7 616
125.8 574
125.9 532
126 498
126.1 462
126.2 449
126.3 466
126.4 471
126.5 466
126.6 469
126.7 451
126.8 419
126.9 413
127 407
127.1 405
127.2 391
127.3 380
127.4 363
127.5 309
127.6 269
127.7 264
127.8 270
127.9 260
128 249
128.1 235
128.2 230
128.3 233
128.4 251
128.5 263
128.6 269
128.7 271
128.8 279
128.9 286
129 295
129.1 311
129.2 288
129.3 176
129.4 138
129.5 145
129.6 154
129.7 154
129.8 141
129.9 140
130 143
130.1 134
130.2 92
130.3 71
130.4 70
130.5 85
130.6 92
130.7 111
130.8 125
130.9 138
131 141
131.1 143
131.2 146
131.3 150
131.4 151
131.5 160
131.6 172
131.7 180
131.8 188
131.9 205
132 210
132.1 212
132.2 214
132.3 224
132.4 229
132.5 247
132.6 233
132.7 236
132.8 229
132.9 221
133 211
133.1 191
133.2 164
133.3 161
133.4 140
133.5 118
133.6 119
133.7 115
133.8 109
133.9 107
134 106
134.1 109
134.2 114
134.3 129
134.4 142
134.5 146
134.6 152
134.7 159
134.8 155
134.9 165
135 183
135.1 209
135.2 203
135.3 168
135.4 157
135.5 152
135.6 164
135.7 160
135.8 180
135.9 182
136 177
136.1 177
136.2 163
136.3 166
136.4 167
136.5 166
136.6 173
136.7 169
136.8 173
136.9 166
137 149
137.1 156
137.2 156
137.3 158
137.4 117
137.5 109
137.6 118
137.7 125
137.8 114
137.9 114
138 111
138.1 108
138.2 118
138.3 123
138.4 139
138.5 150
138.6 134
138.7 139
138.8 136
138.9 123
139 128
139.1 131
139.2 124
139.3 128
139.4 135
139.5 143
139.6 148
139.7 151
139.8 159
139.9 148
140 156
140.1 145
140.2 119
140.3 97
140.4 90
140.5 49
140.6 30
140.7 22
140.8 10
140.9 19
141 20
141.1 12
141.2 5
141.3 9
141.4 10
141.5 9
141.6 4
141.7 11
141.8 6
141.9 11
142 4
142.1 6
142.2 8
142.3 4
142.4 6
142.5 6
142.6 4
142.7 4
142.8 3
142.9 6
143 3
143.1 10
143.2 8
143.3 7
143.4 6
143.5 3
143.6 5
143.7 7
143.8 7
143.9 10
144 6
144.1 8
144.2 9
144.3 3
144.4 9
144.5 10
144.6 13
144.7 11
144.8 10
144.9 8
145 4
145.1 8
145.2 19
145.3 10
145.4 15
145.5 12
145.6 9
145.7 10
145.8 9
145.9 10
146 14
146.1 12
146.2 19
146.3 16
146.4 21
146.5 22
146.6 28
146.7 17
146.8 30
146.9 39
147 33
147.1 34
147.2 54
147.3 48
147.4 67
147.5 63
147.6 58
147.7 88
147.8 114
147.9 243
148 355
148.1 458
148.2 599
148.3 724
148.4 797
148.5 857
148.6 913
148.7 948
148.8 1012
148.9 1043
149 1013
149.1 973
149.2 1015
149.3 1032
149.4 1074
149.5 1094
149.6 1090
149.7 1109
149.8 1130
149.9 1140
150 1133
150.1 1132
150.2 1133
150.3 1152
150.4 1163
150.5 1166
150.6 1138
150.7 1132
150.8 1142
150.9 1150
151 1133
151.1 1113
151.2 1117
151.3 1120
151.4 1107
151.5 1096
151.6 1098
151.7 1090
151.8 1066
151.9 1050
152 1016
152.1 990
152.2 922
152.3 889
152.4 858
152.5 877
152.6 860
152.7 868
152.8 869
152.9 851
153 831
153.1 828
153.2 830
153.3 826
153.4 811
153.5 804
153.6 780
153.7 760
153.8 726
153.9 717
154 710
154.1 697
154.2 696
154.3 687
154.4 683
154.5 675
154.6 659
154.7 635
154.8 598
154.9 591
155 594
155.1 596
155.2 576
155.3 562
155.4 560
155.5 513
155.6 501
155.7 482
155.8 469
155.9 453
156 474
156.1 469
156.2 449
156.3 432
156.4 420
156.5 415
156.6 392
156.7 370
156.8 364
156.9 353
157 346
157.1 345
157.2 344
157.3 346
157.4 341
157.5 345
157.6 339
157.7 324
157.8 319
157.9 325
158 326
158.1 326
158.2 348
158.3 358
158.4 369
158.5 370
158.6 378
158.7 365
158.8 375
158.9 371
159 363
159.1 358
159.2 325
159.3 308
159.4 306
159.5 303
159.6 292
159.7 261
159.8 257
159.9 252
160 237
160.1 226
160.2 229
160.3 252
160.4 256
160.5 262
160.6 256
160.7 232
160.8 209
160.9 193
161 181
161.1 173
161.2 159
161.3 148
161.4 143
161.5 149
161.6 159
161.7 152
161.8 125
161.9 102
162 82
162.1 40
162.2 17
162.3 14
162.4 6
162.5 4
162.6 1
162.7 8
162.8 6
162.9 3
163 5
163.1 8
163.2 3
163.3 3
163.4 10
163.5 3
163.6 1
163.7 5
163.8 3
163.9 4
164 6
164.1 3
164.2 3
164.3 2
164.4 7
164.5 10
164.6 3
164.7 4
164.8 5
164.9 7
165 5
165.1 5
165.2 7
165.3 12
165.4 9
165.5 3
165.6 12
165.7 9
165.8 10
165.9 9
166 15
166.1 8
166.2 13
166.3 8
166.4 10
166.5 18
166.6 18
166.7 17
166.8 21
166.9 13
167 19
167.1 16
167.2 15
167.3 25
167.4 36
167.5 46
167.6 66
167.7 75
167.8 72
167.9 71
168 54
168.1 48
168.2 54
168.3 41
168.4 50
168.5 47
168.6 57
168.7 53
168.8 103
168.9 188
169 275
169.1 387
169.2 466
169.3 509
169.4 510
169.5 555
169.6 649
169.7 743
169.8 821
169.9 913
170 970
170.1 1039
170.2 1100
170.3 1136
170.4 1145
170.5 1188
170.6 1217
170.7 1233
170.8 1231
170.9 1227
171 1242
171.1 1244
171.2 1230
171.3 1244
171.4 1249
171.5 1244
171.6 1243
171.7 1184
171.8 1146
171.9 1139
172 1128
172.1 1121
172.2 1121
172.3 1112
172.4 1108
172.5 1093
172.6 1085
172.7 1076
172.8 1077
172.9 1067
173 1053
173.1 1040
173.2 999
173.3 971
173.4 938
173.5 898
173.6 866
173.7 845
173.8 834
173.9 814
174 805
174.1 813
174.2 809
174.3 799
174.4 795
174.5 796
174.6 789
174.7 779
174.8 775
174.9 758
175 756
175.1 738
175.2 724
175.3 724
175.4 729
175.5 726
175.6 705
175.7 694
175.8 684
175.9 663
176 667
176.1 654
176.2 642
176.3 621
176.4 612
176.5 593
176.6 585
176.7 562
176.8 547
176.9 543
177 527
177.1 519
177.2 525
177.3 500
177.4 496
177.5 485
177.6 463
177.7 450
177.8 468
177.9 469
178 459
178.1 461
178.2 447
178.3 419
178.4 386
178.5 380
178.6 373
178.7 362
178.8 350
178.9 349
179 356
179.1 344
179.2 335
179.3 350
179.4 327
179.5 309
179.6 317
179.7 322
179.8 315
179.9 299
180 298
180.1 309
180.2 307
180.3 303
180.4 309
180.5 317
180.6 310
180.7 293
180.8 275
180.9 275
181 274
181.1 273
181.2 261
181.3 233
181.4 228
181.5 217
181.6 218
181.7 216
181.8 216
181.9 224
182 245
182.1 231
182.2 226
182.3 212
182.4 207
182.5 189
182.6 192
182.7 190
182.8 189
182.9 195
183 196
183.1 192
183.2 188
183.3 182
183.4 188
183.5 195
183.6 178
183.7 156
183.8 165
183.9 150
184 139
184.1 132
184.2 112
184.3 110
184.4 112
184.5 86
184.6 78
184.7 63
184.8 62
184.9 64
185 48
185.1 59
185.2 47
185.3 23
185.4 13
185.5 9
185.6 11
185.7 7
185.8 7
185.9 4
186 0
186.1 1
186.2 1
186.3 8
186.4 4
186.5 3
186.6 6
186.7 0
186.8 4
186.9 3
187 4
187.1 4
187.2 4
187.3 6
187.4 6
187.5 6
187.6 6
187.7 3
187.8 3
187.9 4
188 5
188.1 9
188.2 7
188.3 6
188.4 11
188.5 4
188.6 7
188.7 7
188.8 10
188.9 8
189 4
189.1 6
189.2 7
189.3 7
189.4 9
189.5 9
189.6 7
189.7 6
189.8 17
189.9 12
190 10
190.1 25
190.2 18
190.3 23
190.4 26
190.5 29
190.6 36
190.7 46
190.8 83
190.9 107
191 113
191.1 135
191.2 153
191.3 194
191.4 285
191.5 411
191.6 551
191.7 690
191.8 811
191.9 948
192 1031
192.1 1097
192.2 1124
192.3 1186
192.4 1231
192.5 1296
192.6 1344
192.7 1376
192.8 1396
192.9 1414
193 1421
193.1 1431
193.2 1444
193.3 1474
193.4 1450
193.5 1447
193.6 1438
193.7 1420
193.8 1390
193.9 1370
194 1345
194.1 1327
194.2 1281
194.3 1243
194.4 1208
194.5 1190
194.6 1202
194.7 1208
194.8 1204
194.9 1201
195 1212
195.1 1214
195.2 1218
195.3 1206
195.4 1199
195.5 1175
195.6 1152
195.7 1147
195.8 1139
195.9 1115
196 1010
196.1 803
196.2 656
196.3 624
196.4 650
196.5 688
196.6 729
196.7 745
196.8 757
196.9 782
197 793
197.1 822
197.2 846
197.3 877
197.4 891
197.5 855
197.6 784
197.7 794
197.8 804
197.9 813
198 827
198.1 830
198.2 828
198.3 825
198.4 811
198.5 794
198.6 765
198.7 744
198.8 743
198.9 747
199 746
199.1 742
199.2 722
199.3 717
199.4 696
199.5 683
199.6 667
199.7 646
199.8 642
199.9 639
200 644
