0 0
0.1 3
0.2 29
0.3 52
0.4 98
0.5 126
0.6 176
0.7 229
0.8 287
0.9 393
1 555
1.1 620
1.2 675
1.3 760
1.4 885
1.5 1001
1.6 1103
1.7 1261
1.8 1385
1.9 1445
2 1466
2.1 1542
2.2 1583
2.3 1602
2.4 1583
2.5 1562
2.6 1560
2.7 1562
2.8 1543
2.9 1487
3 1506
3.1 1508
3.2 1490
3.3 1509
3.4 1510
3.5 1496
3.6 1513
3.7 1524
3.8 1541
3.9 1519
4 1432
4.1 1402
4.2 1333
4.3 1278
4.4 1211
4.5 1190
4.6 1138
4.7 1147
4.8 1124
4.9 1073
5 1037
5.1 1018
5.2 964
5.3 933
5.4 922
5.5 861
5.6 783
5.7 724
5.8 695
5.9 695
6 676
6.1 603
6.2 538
6.3 473
6.4 464
6.5 473
6.6 441
6.7 420
6.8 371
6.9 301
7 228
7.1 155
7.2 96
7.3 55
7.4 59
7.5 31
7.6 10
7.7 3
7.8 0
7.9 3
8 0
8.1 1
8.2 0
8.3 4
8.4 1
8.5 2
8.6 1
8.7 0
8.8 1
8.9 2
9 3
9.1 1
9.2 1
9.3 0
9.4 1
9.5 1
9.6 2
9.7 2
9.8 0
9.9 4
10 0
10.1 2
10.2 0
10.3 1
10.4 1
10.5 2
10.6 0
10.7 1
10.8 4
10.9 1
11 2
11.1 1
11.2 1
11.3 4
11.4 1
11.5 2
11.6 1
11.7 2
11.8 3
11.9 3
12 0
12.1 2
12.2 1
12.3 0
12.4 0
12.5 0
12.6 1
12.7 2
12.8 1
12.9 0
13 2
13.1 0
13.2 5
13.3 1
13.4 1
13.5 4
13.6 4
13.7 2
13.8 6
13.9 1
14 4
14.1 3
14.2 2
14.3 1
14.4 1
14.5 5
14.6 2
14.7 2
14.8 3
14.9 1
15 3
15.1 5
15.2 10
15.3 4
15.4 15
15.5 8
15.6 5
15.7 3
15.8 0
15.9 0
16 2
16.1 4
16.2 3
16.3 1
16.4 5
16.5 8
16.6 7
16.7 2
16.8 5
16.9 3
17 4
17.1 5
17.2 2
17.3 5
17.4 10
17.5 4
17.6 15
17.7 8
17.8 8
17.9 5
18 1
18.1 3
18.2 1
18.3 2
18.4 19
18.5 10
18.6 22
18.7 25
18.8 12
18.9 9
19 10
19.1 7
19.2 14
19.3 40
19.4 71
19.5 110
19.6 185
19.7 295
19.8 315
19.9 428
20 490
20.1 553
20.2 661
20.3 717
20.4 799
20.5 899
20.6 914
20.7 905
20.8 932
20.9 931
21 1012
21.1 1055
21.2 997
21.3 998
21.4 1009
21.5 1048
21.6 1050
21.7 1008
21.8 970
21.9 999
22 979
22.1 988
22.2 1022
22.3 958
22.4 982
22.5 996
22.6 973
22.7 985
22.8 946
22.9 942
23 930
23.1 936
23.2 926
23.3 956
23.4 916
23.5 852
23.6 738
23.7 606
23.8 529
23.9 460
24 441
24.1 412
24.2 371
24.3 319
24.4 303
24.5 329
24.6 336
24.7 234
24.8 149
24.9 98
25 28
25.1 11
25.2 2
25.3 7
25.4 3
25.5 5
25.6 1
25.7 1
25.8 2
25.9 0
26 1
26.1 2
26.2 2
26.3 2
26.4 1
26.5 0
26.6 2
26.7 1
26.8 0
26.9 0
27 2
27.1 2
27.2 2
27.3 7
27.4 6
27.5 5
27.6 3
27.7 1
27.8 3
27.9 2
28 1
28.1 0
28.2 1
28.3 0
28.4 1
28.5 2
28.6 1
28.7 2
28.8 1
28.9 0
29 1
29.1 0
29.2 1
29.3 0
29.4 0
29.5 3
29.6 4
29.7 0
29.8 0
29.9 0
30 1
30.1 0
30.2 1
30.3 1
30.4 2
30.5 3
30.6 0
30.7 3
30.8 3
30.9 5
31 1
31.1 1
31.2 0
31.3 0
31.4 2
31.5 2
31.6 1
31.7 3
31.8 3
31.9 2
32 1
32.1 3
32.2 2
32.3 1
32.4 1
32.5 0
32.6 2
32.7 0
32.8 0
32.9 0
33 3
33.1 2
33.2 3
33.3 1
33.4 1
33.5 3
33.6 2
33.7 7
33.8 2
33.9 3
34 8
34.1 5
34.2 2
34.3 0
34.4 2
34.5 4
34.6 1
34.7 2
34.8 2
34.9 1
35 1
35.1 3
35.2 0
35.3 5
35.4 1
35.5 2
35.6 3
35.7 3
35.8 2
35.9 3
36 7
36.1 4
36.2 1
36.3 6
36.4 1
36.5 5
36.6 2
36.7 10
36.8 3
36.9 6
37 6
37.1 3
37.2 1
37.3 8
37.4 16
37.5 10
37.6 19
37.7 6
37.8 6
37.9 16
38 26
38.1 19
38.2 19
38.3 14
38.4 17
38.5 2
38.6 2
38.7 1
38.8 4
38.9 7
39 7
39.1 9
39.2 10
39.3 9
39.4 7
39.5 7
39.6 8
39.7 5
39.8 9
39.9 10
40 8
40.1 15
40.2 4
40.3 33
40.4 27
40.5 25
40.6 20
40.7 8
40.8 20
40.9 13
41 18
41.1 1
41.2 4
41.3 6
41.4 3
41.5 5
41.6 10
41.7 15
41.8 12
41.9 21
42 5
42.1 6
42.2 10
42.3 3
42.4 4
42.5 7
42.6 11
42.7 10
42.8 6
42.9 7
43 8
43.1 6
43.2 10
43.3 6
43.4 11
43.5 5
43.6 9
43.7 10
43.8 12
43.9 20
44 11
44.1 9
44.2 9
44.3 12
44.4 3
44.5 4
44.6 6
44.7 11
44.8 11
44.9 17
45 22
45.1 22
45.2 23
45.3 26
45.4 35
45.5 16
45.6 17
45.7 12
45.8 11
45.9 49
46 87
46.1 176
46.2 313
46.3 423
46.4 535
46.5 704
46.6 838
46.7 998
46.8 1083
46.9 1217
47 1298
47.1 1354
47.2 1421
47.3 1446
47.4 1429
47.5 1432
47.6 1411
47.7 1369
47.8 1369
47.9 1365
48 1339
48.1 1370
48.2 1427
48.3 1409
48.4 1366
48.5 1359
48.6 1344
48.7 1296
48.8 1350
48.9 1340
49 1313
49.1 1207
49.2 1178
49.3 1199
49.4 1231
49.5 1161
49.6 1116
49.7 1052
49.8 1002
49.9 924
50 863
50.1 879
50.2 825
50.3 831
50.4 871
50.5 847
50.6 818
50.7 758
50.8 709
50.9 617
51 588
51.1 526
51.2 518
51.3 472
51.4 419
51.5 397
51.6 326
51.7 324
51.8 241
51.9 177
52 151
52.1 97
52.2 71
52.3 84
52.4 55
52.5 13
52.6 4
52.7 2
52.8 2
52.9 1
53 4
53.1 4
53.2 2
53.3 0
53.4 0
53.5 2
53.6 1
53.7 1
53.8 1
53.9 0
54 1
54.1 0
54.2 1
54.3 1
54.4 0
54.5 0
54.6 1
54.7 1
54.8 3
54.9 2
55 1
55.1 3
55.2 0
55.3 5
55.4 1
55.5 0
55.6 2
55.7 1
55.8 2
55.9 0
56 9
56.1 2
56.2 5
56.3 6
56.4 1
56.5 5
56.6 1
56.7 0
56.8 1
56.9 0
57 0
57.1 1
57.2 3
57.3 0
57.4 1
57.5 1
57.6 1
57.7 5
57.8 2
57.9 1
58 4
58.1 3
58.2 2
58.3 2
58.4 1
58.5 1
58.6 6
58.7 4
58.8 0
58.9 3
59 7
59.1 4
59.2 1
59.3 1
59.4 6
59.5 11
59.6 13
59.7 10
59.8 1
59.9 1
60 2
60.1 3
60.2 5
60.3 4
60.4 0
60.5 1
60.6 4
60.7 3
60.8 3
60.9 6
61 3
61.1 3
61.2 3
61.3 4
61.4 3
61.5 7
61.6 5
61.7 10
61.8 7
61.9 1
62 1
62.1 7
62.2 2
62.3 1
62.4 4
62.5 3
62.6 2
62.7 9
62.8 13
62.9 4
63 29
63.1 25
63.2 24
63.3 17
63.4 4
63.5 5
63.6 5
63.7 3
63.8 4
63.9 7
64 8
64.1 3
64.2 5
64.3 6
64.4 8
64.5 36
64.6 78
64.7 141
64.8 153
64.9 185
65 210
65.1 263
65.2 320
65.3 428
65.4 531
65.5 621
65.6 653
65.7 686
65.8 727
65.9 855
66 979
66.1 1020
66.2 1111
66.3 1089
66.4 1135
66.5 1212
66.6 1240
66.7 1237
66.8 1197
66.9 1202
67 1162
67.1 1139
67.2 1189
67.3 1144
67.4 1090
67.5 1048
67.6 1092
67.7 1083
67.8 1014
67.9 974
68 952
68.1 949
68.2 954
68.3 889
68.4 808
68.5 749
68.6 734
68.7 757
68.8 751
68.9 715
69 663
69.1 635
69.2 536
69.3 484
69.4 465
69.5 436
69.6 388
69.7 329
69.8 323
69.9 332
70 291
70.1 226
70.2 167
70.3 183
70.4 181
70.5 201
70.6 232
70.7 189
70.8 164
70.9 113
71 81
71.1 101
71.2 61
71.3 26
71.4 12
71.5 4
71.6 2
71.7 1
71.8 1
71.9 2
72 5
72.1 0
72.2 0
72.3 0
72.4 1
72.5 1
72.6 6
72.7 2
72.8 1
72.9 1
73 0
73.1 2
73.2 3
73.3 0
73.4 1
73.5 2
73.6 1
73.7 0
73.8 2
73.9 0
74 0
74.1 0
74.2 2
74.3 1
74.4 1
74.5 1
74.6 2
74.7 0
74.8 1
74.9 0
75 0
75.1 0
75.2 1
75.3 2
75.4 3
75.5 1
75.6 3
75.7 2
75.8 0
75.9 2
76 1
76.1 3
76.2 4
76.3 5
76.4 6
76.5 1
76.6 0
76.7 1
76.8 1
76.9 1
77 3
77.1 3
77.2 1
77.3 1
77.4 0
77.5 3
77.6 7
77.7 2
77.8 1
77.9 0
78 1
78.1 1
78.2 1
78.3 2
78.4 9
78.5 2
78.6 6
78.7 2
78.8 2
78.9 0
79 4
79.1 8
79.2 5
79.3 6
79.4 6
79.5 5
79.6 4
79.7 7
79.8 1
79.9 5
80 5
80.1 3
80.2 9
80.3 4
80.4 8
80.5 8
80.6 7
80.7 2
80.8 3
80.9 9
81 8
81.1 0
81.2 2
81.3 7
81.4 5
81.5 7
81.6 6
81.7 1
81.8 2
81.9 5
82 8
82.1 8
82.2 4
82.3 9
82.4 5
82.5 9
82.6 8
82.7 7
82.8 7
82.9 4
83 10
83.1 3
83.2 5
83.3 10
83.4 5
83.5 3
83.6 7
83.7 4
83.8 5
83.9 5
84 5
84.1 8
84.2 3
84.3 7
84.4 16
84.5 12
84.6 21
84.7 51
84.8 59
84.9 86
85 84
85.1 70
85.2 89
85.3 153
85.4 193
85.5 249
85.6 350
85.7 391
85.8 472
85.9 560
86 667
86.1 706
86.2 728
86.3 755
86.4 810
86.5 845
86.6 917
86.7 983
86.8 1008
86.9 991
87 1066
87.1 1137
87.2 1196
87.3 1220
87.4 1197
87.5 1202
87.6 1233
87.7 1262
87.8 1281
87.9 1295
88 1302
88.1 1315
88.2 1297
88.3 1272
88.4 1201
88.5 1145
88.6 1116
88.7 1154
88.8 1141
88.9 1157
89 1154
89.1 1131
89.2 1049
89.3 932
89.4 874
89.5 835
89.6 796
89.7 777
89.8 740
89.9 720
90 723
90.1 690
90.2 660
90.3 649
90.4 599
90.5 658
90.6 690
90.7 717
90.8 716
90.9 717
91 663
91.1 592
91.2 556
91.3 536
91.4 497
91.5 380
91.6 255
91.7 143
91.8 109
91.9 81
92 96
92.1 95
92.2 87
92.3 80
92.4 22
92.5 17
92.6 10
92.7 4
92.8 3
92.9 3
93 6
93.1 0
93.2 2
93.3 1
93.4 2
93.5 0
93.6 1
93.7 0
93.8 0
93.9 2
94 3
94.1 3
94.2 2
94.3 2
94.4 3
94.5 1
94.6 0
94.7 0
94.8 1
94.9 3
95 1
95.1 0
95.2 2
95.3 1
95.4 2
95.5 2
95.6 1
95.7 1
95.8 0
95.9 1
96 2
96.1 2
96.2 1
96.3 2
96.4 1
96.5 4
96.6 1
96.7 0
96.8 2
96.9 2
97 0
97.1 2
97.2 2
97.3 2
97.4 0
97.5 0
97.6 0
97.7 0
97.8 1
97.9 5
98 2
98.1 1
98.2 0
98.3 3
98.4 0
98.5 1
98.6 2
98.7 1
98.8 1
98.9 0
99 2
99.1 4
99.2 1
99.3 0
99.4 1
99.5 0
99.6 1
99.7 1
99.8 6
99.9 6
100 0
100.1 0
100.2 3
100.3 0
100.4 4
100.5 1
100.6 0
100.7 5
100.8 6
100.9 3
101 12
101.1 9
101.2 7
101.3 5
101.4 0
101.5 2
101.6 2
101.7 7
101.8 4
101.9 7
102 6
102.1 7
102.2 1
102.3 1
102.4 3
102.5 4
102.6 6
102.7 10
102.8 3
102.9 6
103 13
103.1 7
103.2 3
103.3 6
103.4 11
103.5 6
103.6 5
103.7 8
103.8 15
103.9 46
104 43
104.1 24
104.2 16
104.3 18
104.4 16
104.5 16
104.6 14
104.7 40
104.8 38
104.9 47
105 31
105.1 22
105.2 21
105.3 17
105.4 15
105.5 7
105.6 10
105.7 21
105.8 12
105.9 8
106 9
106.1 13
106.2 17
106.3 7
106.4 4
106.5 1
106.6 21
106.7 14
106.8 18
106.9 13
107 15
107.1 11
107.2 3
107.3 6
107.4 5
107.5 11
107.6 5
107.7 4
107.8 6
107.9 4
108 7
108.1 1
108.2 7
108.3 2
108.4 7
108.5 12
108.6 10
108.7 4
108.8 4
108.9 4
109 4
109.1 5
109.2 14
109.3 7
109.4 15
109.5 8
109.6 5
109.7 6
109.8 8
109.9 2
110 2
110.1 2
110.2 3
110.3 3
110.4 4
110.5 1
110.6 3
110.7 6
110.8 7
110.9 4
111 3
111.1 3
111.2 6
111.3 3
111.4 2
111.5 2
111.6 9
111.7 7
111.8 10
111.9 3
112 4
112.1 3
112.2 8
112.3 13
112.4 16
112.5 16
112.6 48
112.7 92
112.8 172
112.9 264
113 353
113.1 462
113.2 554
113.3 674
113.4 745
113.5 805
113.6 864
113.7 889
113.8 951
113.9 991
114 1068
114.1 1150
114.2 1204
114.3 1310
114.4 1317
114.5 1331
114.6 1311
114.7 1359
114.8 1397
114.9 1374
115 1383
115.1 1358
115.2 1354
115.3 1298
115.4 1297
115.5 1280
115.6 1294
115.7 1251
115.8 1275
115.9 1300
116 1333
116.1 1376
116.2 1396
116.3 1448
116.4 1478
116.5 1494
116.6 1475
116.7 1459
116.8 1421
116.9 1363
117 1271
117.1 1230
117.2 1168
117.3 1159
117.4 1079
117.5 1057
117.6 1032
117.7 983
117.8 895
117.9 842
118 782
118.1 761
118.2 676
118.3 607
118.4 585
118.5 558
118.6 550
118.7 467
118.8 426
118.9 347
119 256
119.1 168
119.2 139
119.3 168
119.4 168
119.5 91
119.6 52
119.7 11
119.8 5
119.9 7
120 8
120.1 14
120.2 26
120.3 16
120.4 9
120.5 1
120.6 1
120.7 0
120.8 4
120.9 16
121 5
121.1 0
121.2 2
121.3 0
121.4 1
121.5 1
121.6 1
121.7 2
121.8 2
121.9 1
122 2
122.1 3
122.2 1
122.3 3
122.4 10
122.5 8
122.6 4
122.7 2
122.8 2
122.9 3
123 0
123.1 1
123.2 1
123.3 2
123.4 2
123.5 1
123.6 1
123.7 1
123.8 0
123.9 0
124 0
124.1 0
124.2 6
124.3 11
124.4 10
124.5 0
124.6 4
124.7 1
124.8 0
124.9 1
125 0
125.1 0
125.2 2
125.3 4
125.4 4
125.5 1
125.6 1
125.7 1
125.8 0
125.9 3
126 2
126.1 0
126.2 1
126.3 2
126.4 3
126.5 0
126.6 5
126.7 5
126.8 2
126.9 3
127 4
127.1 3
127.2 1
127.3 4
127.4 0
127.5 2
127.6 4
127.7 4
127.8 0
127.9 4
128 5
128.1 2
128.2 2
128.3 1
128.4 2
128.5 5
128.6 3
128.7 0
128.8 6
128.9 2
129 5
129.1 11
129.2 5
129.3 8
129.4 12
129.5 8
129.6 6
129.7 8
129.8 10
129.9 9
130 6
130.1 2
130.2 7
130.3 2
130.4 6
130.5 6
130.6 5
130.7 2
130.8 8
130.9 7
131 9
131.1 7
131.2 8
131.3 9
131.4 3
131.5 6
131.6 1
131.7 4
131.8 2
131.9 2
132 2
132.1 5
132.2 5
132.3 6
132.4 8
132.5 5
132.6 6
132.7 2
132.8 3
132.9 3
133 4
133.1 8
133.2 10
133.3 5
133.4 4
133.5 1
133.6 2
133.7 0
133.8 6
133.9 12
134 14
134.1 8
134.2 10
134.3 20
134.4 16
134.5 4
134.6 9
134.7 7
134.8 12
134.9 12
135 6
135.1 4
135.2 4
135.3 5
135.4 12
135.5 13
135.6 30
135.7 36
135.8 33
135.9 25
136 18
136.1 4
136.2 17
136.3 11
136.4 19
136.5 21
136.6 13
136.7 6
136.8 15
136.9 13
137 18
137.1 21
137.2 32
137.3 24
137.4 14
137.5 10
137.6 10
137.7 24
137.8 21
137.9 21
138 22
138.1 21
138.2 12
138.3 45
138.4 82
138.5 68
138.6 54
138.7 58
138.8 78
138.9 136
139 178
139.1 285
139.2 345
139.3 378
139.4 440
139.5 532
139.6 538
139.7 538
139.8 661
139.9 721
140 797
140.1 856
140.2 885
140.3 967
140.4 1014
140.5 1011
140.6 1002
140.7 1036
140.8 1042
140.9 1088
141 1145
141.1 1169
141.2 1165
141.3 1146
141.4 1180
141.5 1213
141.6 1227
141.7 1255
141.8 1264
141.9 1183
142 1206
142.1 1173
142.2 1178
142.3 1155
142.4 1214
142.5 1177
142.6 1106
142.7 1027
142.8 1059
142.9 1038
143 1006
143.1 978
143.2 985
143.3 897
143.4 769
143.5 757
143.6 710
143.7 701
143.8 622
143.9 584
144 594
144.1 561
144.2 538
144.3 543
144.4 533
144.5 545
144.6 518
144.7 437
144.8 424
144.9 394
145 397
145.1 313
145.2 193
145.3 113
145.4 74
145.5 48
145.6 47
145.7 27
145.8 21
145.9 15
146 6
146.1 4
146.2 9
146.3 2
146.4 4
146.5 4
146.6 4
146.7 0
146.8 3
146.9 4
147 5
147.1 5
147.2 0
147.3 1
147.4 1
147.5 4
147.6 0
147.7 2
147.8 3
147.9 0
148 4
148.1 2
148.2 0
148.3 2
148.4 1
148.5 4
148.6 3
148.7 1
148.8 0
148.9 1
149 1
149.1 1
149.2 3
149.3 6
149.4 5
149.5 1
149.6 3
149.7 1
149.8 0
149.9 0
150 0
150.1 2
150.2 1
150.3 2
150.4 2
150.5 0
150.6 1
150.7 0
150.8 1
150.9 0
151 2
151.1 2
151.2 2
151.3 1
151.4 2
151.5 1
151.6 2
151.7 3
151.8 5
151.9 1
152 4
152.1 2
152.2 12
152.3 2
152.4 4
152.5 2
152.6 4
152.7 4
152.8 3
152.9 0
153 4
153.1 0
153.2 3
153.3 1
153.4 1
153.5 6
153.6 4
153.7 1
153.8 1
153.9 3
154 8
154.1 9
154.2 2
154.3 0
154.4 2
154.5 1
154.6 4
154.7 0
154.8 1
154.9 3
155 8
155.1 13
155.2 10
155.3 2
155.4 4
155.5 8
155.6 6
155.7 46
155.8 31
155.9 31
156 28
156.1 25
156.2 12
156.3 13
156.4 12
156.5 13
156.6 3
156.7 3
156.8 2
156.9 6
157 14
157.1 11
157.2 2
157.3 0
157.4 4
157.5 12
157.6 2
157.7 4
157.8 6
157.9 2
158 5
158.1 1
158.2 5
158.3 10
158.4 3
158.5 3
158.6 8
158.7 3
158.8 6
158.9 8
159 5
159.1 5
159.2 3
159.3 4
159.4 4
159.5 1
159.6 2
159.7 3
159.8 14
159.9 16
160 7
160.1 6
160.2 3
160.3 8
160.4 5
160.5 6
160.6 5
160.7 13
160.8 8
160.9 7
161 10
161.1 5
161.2 6
161.3 7
161.4 8
161.5 3
161.6 1
161.7 4
161.8 8
161.9 7
162 10
162.1 17
162.2 20
162.3 14
162.4 7
162.5 10
162.6 18
162.7 21
162.8 28
162.9 20
163 19
163.1 19
163.2 9
163.3 14
163.4 16
163.5 10
163.6 7
163.7 10
163.8 5
163.9 10
164 5
164.1 8
164.2 3
164.3 9
164.4 7
164.5 12
164.6 10
164.7 13
164.8 19
164.9 14
165 7
165.1 9
165.2 25
165.3 29
165.4 28
165.5 43
165.6 27
165.7 23
165.8 13
165.9 19
166 24
166.1 15
166.2 22
166.3 14
166.4 5
166.5 3
166.6 9
166.7 5
166.8 8
166.9 14
167 12
167.1 21
167.2 32
167.3 51
167.4 73
167.5 75
167.6 143
167.7 234
167.8 243
167.9 261
168 269
168.1 353
168.2 437
168.3 457
168.4 492
168.5 534
168.6 585
168.7 620
168.8 633
168.9 667
169 737
169.1 791
169.2 790
169.3 855
169.4 916
169.5 975
169.6 1068
169.7 1094
169.8 1121
169.9 1145
170 1164
170.1 1196
170.2 1204
170.3 1199
170.4 1191
170.5 1202
170.6 1163
170.7 1152
170.8 1113
170.9 1142
171 1109
171.1 1075
171.2 1075
171.3 1037
171.4 997
171.5 995
171.6 985
171.7 981
171.8 996
171.9 994
172 964
172.1 945
172.2 946
172.3 875
172.4 815
172.5 777
172.6 736
172.7 669
172.8 651
172.9 622
173 594
173.1 532
173.2 481
173.3 460
173.4 429
173.5 423
173.6 351
173.7 236
173.8 184
173.9 74
174 19
174.1 4
174.2 10
174.3 2
174.4 3
174.5 0
174.6 1
174.7 3
174.8 8
174.9 1
175 5
175.1 1
175.2 0
175.3 1
175.4 1
175.5 3
175.6 1
175.7 4
175.8 0
175.9 4
176 2
176.1 1
176.2 1
176.3 0
176.4 1
176.5 1
176.6 0
176.7 3
176.8 2
176.9 2
177 0
177.1 1
177.2 2
177.3 3
177.4 0
177.5 3
177.6 1
177.7 0
177.8 2
177.9 1
178 2
178.1 0
178.2 3
178.3 2
178.4 3
178.5 0
178.6 2
178.7 0
178.8 6
178.9 3
179 3
179.1 3
179.2 2
179.3 0
179.4 2
179.5 0
179.6 3
179.7 3
179.8 0
179.9 1
180 1
180.1 3
180.2 1
180.3 8
180.4 5
180.5 1
180.6 2
180.7 4
180.8 3
180.9 7
181 1
181.1 2
181.2 1
181.3 3
181.4 1
181.5 5
181.6 1
181.7 6
181.8 15
181.9 10
182 8
182.1 5
182.2 20
182.3 13
182.4 5
182.5 14
182.6 20
182.7 30
182.8 42
182.9 28
183 25
183.1 12
183.2 13
183.3 6
183.4 9
183.5 5
183.6 3
183.7 3
183.8 4
183.9 8
184 12
184.1 17
184.2 15
184.3 17
184.4 14
184.5 10
184.6 8
184.7 4
184.8 2
184.9 1
185 6
185.1 6
185.2 4
185.3 3
185.4 4
185.5 4
185.6 3
185.7 5
185.8 2
185.9 11
186 2
186.1 5
186.2 3
186.3 3
186.4 3
186.5 5
186.6 3
186.7 2
186.8 7
186.9 5
187 17
187.1 17
187.2 15
187.3 12
187.4 4
187.5 13
187.6 16
187.7 21
187.8 11
187.9 11
188 10
188.1 8
188.2 9
188.3 15
188.4 27
188.5 32
188.6 19
188.7 30
188.8 41
188.9 31
189 51
189.1 124
189.2 193
189.3 231
189.4 323
189.5 429
189.6 555
189.7 707
189.8 782
189.9 914
190 991
190.1 1085
190.2 1146
190.3 1149
190.4 1172
190.5 1199
190.6 1218
190.7 1262
190.8 1229
190.9 1222
191 1189
191.1 1176
191.2 1171
191.3 1108
191.4 1091
191.5 1107
191.6 1050
191.7 1026
191.8 1051
191.9 1108
192 1126
192.1 1108
192.2 1072
192.3 1034
192.4 989
192.5 940
192.6 870
192.7 836
192.8 844
192.9 825
193 803
193.1 816
193.2 872
193.3 831
193.4 780
193.5 768
193.6 700
193.7 592
193.8 525
193.9 443
194 365
194.1 341
194.2 279
194.3 236
194.4 150
194.5 112
194.6 76
194.7 37
194.8 13
194.9 8
195 4
195.1 5
195.2 1
195.3 2
195.4 3
195.5 4
195.6 1
195.7 3
195.8 1
195.9 1
196 1
196.1 0
196.2 1
196.3 2
196.4 0
196.5 1
196.6 2
196.7 2
196.8 4
196.9 4
197 1
197.1 0
197.2 1
197.3 5
197.4 4
197.5 6
197.6 0
197.7 2
197.8 0
197.9 1
198 4
198.1 0
198.2 1
198.3 1
198.4 2
198.5 0
198.6 0
198.7 1
198.8 1
198.9 3
199 2
199.1 2
199.2 6
199.3 12
199.4 15
199.5 7
199.6 6
199.7 3
199.8 2
199.9 7
200 6
