0 0
0.1 0
0.2 0
0.3 0
0.4 0
0.5 1
0.6 2
0.7 5
0.8 7
0.9 11
1 13
1.1 19
1.2 24
1.3 31
1.4 41
1.5 51
1.6 69
1.7 84
1.8 106
1.9 127
2 149
2.1 170
2.2 194
2.3 215
2.4 238
2.5 254
2.6 273
2.7 289
2.8 310
2.9 339
3 371
3.1 394
3.2 434
3.3 467
3.4 495
3.5 522
3.6 546
3.7 579
3.8 607
3.9 635
4 662
4.1 692
4.2 718
4.3 759
4.4 791
4.5 827
4.6 853
4.7 888
4.8 914
4.9 937
5 967
5.1 998
5.2 1029
5.3 1053
5.4 1088
5.5 1119
5.6 1154
5.7 1175
5.8 1206
5.9 1239
6 1272
6.1 1313
6.2 1336
6.3 1362
6.4 1407
6.5 1452
6.6 1484
6.7 1514
6.8 1532
6.9 1575
7 1611
7.1 1632
7.2 1658
7.3 1668
7.4 1709
7.5 1731
7.6 1720
7.7 1634
7.8 1603
7.9 1506
8 1385
8.1 1269
8.2 1166
8.3 1106
8.4 1040
8.5 963
8.6 891
8.7 834
8.8 772
8.9 705
9 670
9.1 630
9.2 582
9.3 563
9.4 546
9.5 516
9.6 492
9.7 478
9.8 454
9.9 445
10 431
10.1 411
10.2 395
10.3 370
10.4 357
10.5 334
10.6 324
10.7 320
10.8 325
10.9 330
11 315
11.1 300
11.2 289
11.3 271
11.4 266
11.5 253
11.6 268
11.7 286
11.8 288
11.9 310
12 304
12.1 304
12.2 303
12.3 297
12.4 281
12.5 284
12.6 277
12.7 276
12.8 270
12.9 263
13 250
13.1 246
13.2 248
13.3 258
13.4 260
13.5 258
13.6 243
13.7 252
13.8 262
13.9 267
14 292
14.1 311
14.2 307
14.3 303
14.4 307
14.5 312
14.6 310
14.7 308
14.8 314
14.9 307
15 287
15.1 280
15.2 265
15.3 284
15.4 275
15.5 273
15.6 271
15.7 269
15.8 263
15.9 251
16 238
16.1 224
16.2 213
16.3 209
16.4 211
16.5 201
16.6 208
16.7 225
16.8 246
16.9 253
17 265
17.1 245
17.2 241
17.3 248
17.4 314
17.5 408
17.6 474
17.7 490
17.8 485
17.9 449
18 438
18.1 419
18.2 440
18.3 456
18.4 461
18.5 468
18.6 457
18.7 437
18.8 416
18.9 386
19 380
19.1 370
19.2 366
19.3 356
19.4 347
19.5 348
19.6 363
19.7 360
19.8 343
19.9 332
20 311
20.1 288
20.2 286
20.3 293
20.4 319
20.5 346
20.6 344
20.7 336
20.8 337
20.9 310
21 297
21.1 281
21.2 264
21.3 248
21.4 254
21.5 251
21.6 245
21.7 253
21.8 272
21.9 293
22 338
22.1 359
22.2 377
22.3 392
22.4 437
22.5 455
22.6 453
22.7 465
22.8 471
22.9 484
23 494
23.1 495
23.2 503
23.3 517
23.4 510
23.5 522
23.6 529
23.7 535
23.8 548
23.9 555
24 564
24.1 580
24.2 593
24.3 606
24.4 624
24.5 637
24.6 654
24.7 671
24.8 678
24.9 690
25 716
25.1 727
25.2 746
25.3 761
25.4 774
25.5 796
25.6 803
25.7 815
25.8 831
25.9 841
26 864
26.1 878
26.2 903
26.3 919
26.4 933
26.5 949
26.6 968
26.7 993
26.8 1013
26.9 1037
27 1042
27.1 1059
27.2 1071
27.3 1093
27.4 1112
27.5 1129
27.6 1155
27.7 1173
27.8 1186
27.9 1214
28 1225
28.1 1252
28.2 1274
28.3 1296
28.4 1316
28.5 1331
28.6 1343
28.7 1359
28.8 1376
28.9 1392
29 1406
29.1 1426
29.2 1451
29.3 1463
29.4 1489
29.5 1501
29.6 1515
29.7 1498
29.8 1455
29.9 1370
30 1281
30.1 1191
30.2 1087
30.3 1027
30.4 966
30.5 910
30.6 859
30.7 822
30.8 798
30.9 742
31 706
31.1 656
31.2 613
31.3 607
31.4 581
31.5 541
31.6 498
31.7 471
31.8 442
31.9 422
32 421
32.1 408
32.2 410
32.3 403
32.4 384
32.5 358
32.6 345
32.7 339
32.8 338
32.9 342
33 329
33.1 321
33.2 318
33.3 314
33.4 301
33.5 292
33.6 280
33.7 260
33.8 244
33.9 245
34 246
34.1 252
34.2 231
34.3 228
34.4 207
34.5 213
34.6 236
34.7 252
34.8 252
34.9 250
35 250
35.1 248
35.2 243
35.3 230
35.4 229
35.5 243
35.6 235
35.7 240
35.8 244
35.9 251
36 246
36.1 232
36.2 227
36.3 218
36.4 202
36.5 187
36.6 174
36.7 183
36.8 193
36.9 189
37 188
37.1 192
37.2 186
37.3 174
37.4 187
37.5 195
37.6 197
37.7 204
37.8 213
37.9 252
38 259
38.1 265
38.2 272
38.3 296
38.4 322
38.5 352
38.6 350
38.7 390
38.8 417
38.9 435
39 437
39.1 441
39.2 428
39.3 437
39.4 450
39.5 429
39.6 408
39.7 393
39.8 368
39.9 342
40 339
40.1 336
40.2 340
40.3 334
40.4 389
40.5 446
40.6 477
40.7 500
40.8 517
40.9 522
41 527
41.1 544
41.2 547
41.3 556
41.4 558
41.5 573
41.6 586
41.7 580
41.8 604
41.9 603
42 616
42.1 623
42.2 631
42.3 643
42.4 661
42.5 673
42.6 683
42.7 690
42.8 709
42.9 716
43 737
43.1 736
43.2 757
43.3 767
43.4 780
43.5 800
43.6 824
43.7 841
43.8 852
43.9 870
44 894
44.1 908
44.2 929
44.3 958
44.4 969
44.5 988
44.6 1007
44.7 1023
44.8 1051
44.9 1067
45 1089
45.1 1114
45.2 1133
45.3 1163
45.4 1196
45.5 1220
45.6 1253
45.7 1277
45.8 1298
45.9 1325
46 1344
46.1 1367
46.2 1393
46.3 1418
46.4 1446
46.5 1463
46.6 1491
46.7 1518
46.8 1530
46.9 1572
47 1605
47.1 1633
47.2 1649
47.3 1675
47.4 1686
47.5 1720
47.6 1743
47.7 1753
47.8 1772
47.9 1794
48 1807
48.1 1824
48.2 1799
48.3 1721
48.4 1573
48.5 1451
48.6 1372
48.7 1284
48.8 1172
48.9 1067
49 975
49.1 900
49.2 834
49.3 783
49.4 751
49.5 723
49.6 684
49.7 650
49.8 613
49.9 564
50 531
50.1 528
50.2 504
50.3 486
50.4 479
50.5 447
50.6 442
50.7 440
50.8 449
50.9 455
51 467
51.1 486
51.2 459
51.3 518
51.4 562
51.5 559
51.6 549
51.7 518
51.8 510
51.9 480
52 464
52.1 448
52.2 443
52.3 430
52.4 403
52.5 380
52.6 365
52.7 354
52.8 350
52.9 353
53 363
53.1 350
53.2 335
53.3 329
53.4 323
53.5 314
53.6 313
53.7 317
53.8 298
53.9 285
54 312
54.1 321
54.2 300
54.3 300
54.4 300
54.5 299
54.6 306
54.7 311
54.8 321
54.9 338
55 334
55.1 322
55.2 315
55.3 305
55.4 287
55.5 289
55.6 269
55.7 271
55.8 271
55.9 383
56 468
56.1 479
56.2 481
56.3 464
56.4 467
56.5 449
56.6 427
56.7 407
56.8 391
56.9 382
57 381
57.1 372
57.2 358
57.3 336
57.4 329
57.5 321
57.6 320
57.7 321
57.8 305
57.9 315
58 325
58.1 315
58.2 305
58.3 293
58.4 299
58.5 288
58.6 281
58.7 281
58.8 288
58.9 279
59 268
59.1 263
59.2 275
59.3 284
59.4 282
59.5 291
59.6 303
59.7 306
59.8 296
59.9 302
60 289
60.1 286
60.2 285
60.3 276
60.4 275
60.5 265
60.6 239
60.7 234
60.8 243
60.9 244
61 238
61.1 259
61.2 261
61.3 253
61.4 242
61.5 239
61.6 229
61.7 214
61.8 214
61.9 209
62 229
62.1 229
62.2 232
62.3 232
62.4 220
62.5 220
62.6 229
62.7 223
62.8 229
62.9 209
63 211
63.1 243
63.2 297
63.3 324
63.4 322
63.5 322
63.6 304
63.7 294
63.8 297
63.9 287
64 317
64.1 338
64.2 378
64.3 381
64.4 386
64.5 390
64.6 388
64.7 372
64.8 401
64.9 427
65 423
65.1 430
65.2 436
65.3 441
65.4 453
65.5 447
65.6 464
65.7 468
65.8 471
65.9 480
66 487
66.1 494
66.2 503
66.3 511
66.4 523
66.5 531
66.6 546
66.7 555
66.8 571
66.9 582
67 593
67.1 610
67.2 635
67.3 650
67.4 663
67.5 682
67.6 702
67.7 722
67.8 746
67.9 757
68 781
68.1 801
68.2 815
68.3 843
68.4 859
68.5 886
68.6 912
68.7 936
68.8 962
68.9 987
69 1021
69.1 1039
69.2 1075
69.3 1103
69.4 1132
69.5 1154
69.6 1194
69.7 1222
69.8 1248
69.9 1279
70 1316
70.1 1351
70.2 1381
70.3 1418
70.4 1444
70.5 1474
70.6 1490
70.7 1521
70.8 1555
70.9 1595
71 1615
71.1 1644
71.2 1674
71.3 1690
71.4 1716
71.5 1751
71.6 1758
71.7 1781
71.8 1782
71.9 1775
72 1712
72.1 1628
72.2 1566
72.3 1525
72.4 1428
72.5 1334
72.6 1241
72.7 1164
72.8 1082
72.9 1000
73 918
73.1 847
73.2 804
73.3 755
73.4 696
73.5 627
73.6 596
73.7 570
73.8 548
73.9 522
74 501
74.1 460
74.2 453
74.3 437
74.4 406
74.5 382
74.6 341
74.7 342
74.8 325
74.9 311
75 294
75.1 293
75.2 300
75.3 308
75.4 295
75.5 298
75.6 292
75.7 277
75.8 262
75.9 257
76 254
76.1 257
76.2 275
76.3 247
76.4 238
76.5 248
76.6 243
76.7 242
76.8 235
76.9 230
77 241
77.1 229
77.2 261
77.3 295
77.4 330
77.5 319
77.6 309
77.7 296
77.8 300
77.9 299
78 303
78.1 313
78.2 308
78.3 302
78.4 299
78.5 284
78.6 277
78.7 281
78.8 282
78.9 299
79 308
79.1 315
79.2 338
79.3 346
79.4 333
79.5 316
79.6 335
79.7 351
79.8 337
79.9 319
80 302
80.1 286
80.2 279
80.3 255
80.4 249
80.5 240
80.6 252
80.7 250
80.8 237
80.9 233
81 228
81.1 223
81.2 208
81.3 208
81.4 188
81.5 199
81.6 189
81.7 174
81.8 172
81.9 187
82 196
82.1 206
82.2 214
82.3 221
82.4 227
82.5 221
82.6 212
82.7 199
82.8 192
82.9 187
83 184
83.1 203
83.2 238
83.3 234
83.4 221
83.5 227
83.6 235
83.7 225
83.8 224
83.9 236
84 235
84.1 242
84.2 238
84.3 261
84.4 277
84.5 276
84.6 281
84.7 290
84.8 285
84.9 277
85 253
85.1 248
85.2 235
85.3 262
85.4 286
85.5 270
85.6 264
85.7 256
85.8 322
85.9 384
86 409
86.1 406
86.2 414
86.3 421
86.4 427
86.5 433
86.6 439
86.7 444
86.8 453
86.9 466
87 470
87.1 478
87.2 495
87.3 509
87.4 524
87.5 540
87.6 562
87.7 579
87.8 595
87.9 623
88 652
88.1 673
88.2 693
88.3 716
88.4 739
88.5 757
88.6 772
88.7 788
88.8 814
88.9 828
89 845
89.1 878
89.2 896
89.3 917
89.4 933
89.5 951
89.6 964
89.7 982
89.8 991
89.9 1013
90 1045
90.1 1067
90.2 1099
90.3 1128
90.4 1143
90.5 1164
90.6 1184
90.7 1205
90.8 1235
90.9 1273
91 1306
91.1 1345
91.2 1375
91.3 1403
91.4 1427
91.5 1470
91.6 1490
91.7 1511
91.8 1542
91.9 1562
92 1574
92.1 1607
92.2 1631
92.3 1664
92.4 1674
92.5 1685
92.6 1696
92.7 1684
92.8 1675
92.9 1643
93 1533
93.1 1435
93.2 1313
93.3 1172
93.4 1086
93.5 1009
93.6 933
93.7 847
93.8 789
93.9 737
94 694
94.1 639
94.2 596
94.3 572
94.4 550
94.5 531
94.6 489
94.7 445
94.8 418
94.9 398
95 367
95.1 353
95.2 338
95.3 310
95.4 306
95.5 317
95.6 313
95.7 338
95.8 334
95.9 334
96 318
96.1 292
96.2 275
96.3 252
96.4 246
96.5 283
96.6 294
96.7 301
96.8 289
96.9 293
97 302
97.1 293
97.2 295
97.3 283
97.4 256
97.5 269
97.6 274
97.7 268
97.8 266
97.9 258
98 263
98.1 269
98.2 274
98.3 284
98.4 291
98.5 283
98.6 283
98.7 286
98.8 311
98.9 297
99 346
99.1 438
99.2 467
99.3 473
99.4 439
99.5 405
99.6 384
99.7 355
99.8 333
99.9 311
100 302
100.1 289
100.2 280
100.3 305
100.4 295
100.5 296
100.6 285
100.7 261
100.8 248
100.9 245
101 242
101.1 230
101.2 211
101.3 207
101.4 201
101.5 194
101.6 197
101.7 209
101.8 217
101.9 220
102 216
102.1 223
102.2 215
102.3 217
102.4 197
102.5 196
102.6 187
102.7 220
102.8 228
102.9 237
103 248
103.1 266
103.2 272
103.3 291
103.4 288
103.5 284
103.6 313
103.7 321
103.8 318
103.9 312
104 316
104.1 307
104.2 298
104.3 299
104.4 320
104.5 326
104.6 331
104.7 314
104.8 285
104.9 275
105 257
105.1 257
105.2 260
105.3 260
105.4 252
105.5 246
105.6 255
105.7 238
105.8 242
105.9 221
106 220
106.1 232
106.2 244
106.3 250
106.4 250
106.5 233
106.6 234
106.7 227
106.8 211
106.9 200
107 185
107.1 180
107.2 182
107.3 190
107.4 183
107.5 193
107.6 199
107.7 209
107.8 241
107.9 247
108 256
108.1 252
108.2 251
108.3 252
108.4 264
108.5 274
108.6 295
108.7 289
108.8 295
108.9 323
109 337
109.1 336
109.2 342
109.3 346
109.4 362
109.5 366
109.6 371
109.7 372
109.8 378
109.9 386
110 397
110.1 405
110.2 416
110.3 435
110.4 452
110.5 463
110.6 485
110.7 507
110.8 529
110.9 559
111 581
111.1 611
111.2 629
111.3 654
111.4 686
111.5 708
111.6 728
111.7 754
111.8 781
111.9 799
112 836
112.1 868
112.2 889
112.3 906
112.4 925
112.5 947
112.6 969
112.7 986
112.8 1014
112.9 1035
113 1054
113.1 1085
113.2 1111
113.3 1143
113.4 1162
113.5 1205
113.6 1227
113.7 1257
113.8 1279
113.9 1311
114 1341
114.1 1356
114.2 1379
114.3 1396
114.4 1396
114.5 1438
114.6 1462
114.7 1476
114.8 1482
114.9 1496
115 1494
115.1 1470
115.2 1463
115.3 1399
115.4 1280
115.5 1176
115.6 1090
115.7 1008
115.8 941
115.9 881
116 832
116.1 751
116.2 694
116.3 636
116.4 585
116.5 544
116.6 517
116.7 502
116.8 489
116.9 498
117 495
117.1 501
117.2 466
117.3 425
117.4 415
117.5 393
117.6 367
117.7 337
117.8 321
117.9 309
118 301
118.1 307
118.2 310
118.3 286
118.4 273
118.5 268
118.6 254
118.7 253
118.8 245
118.9 238
119 230
119.1 218
119.2 222
119.3 233
119.4 247
119.5 253
119.6 274
119.7 327
119.8 354
119.9 347
120 349
120.1 347
120.2 343
120.3 364
120.4 374
120.5 381
120.6 358
120.7 343
120.8 329
120.9 321
121 332
121.1 346
121.2 342
121.3 349
121.4 358
121.5 341
121.6 332
121.7 355
121.8 370
121.9 366
122 349
122.1 334
122.2 320
122.3 309
122.4 308
122.5 310
122.6 295
122.7 284
122.8 286
122.9 274
123 285
123.1 290
123.2 305
123.3 300
123.4 285
123.5 318
123.6 313
123.7 324
123.8 350
123.9 363
124 347
124.1 331
124.2 309
124.3 303
124.4 307
124.5 309
124.6 302
124.7 311
124.8 297
124.9 282
125 272
125.1 263
125.2 263
125.3 262
125.4 245
125.5 255
125.6 275
125.7 277
125.8 274
125.9 267
126 257
126.1 244
126.2 259
126.3 251
126.4 232
126.5 220
126.6 209
126.7 212
126.8 223
126.9 233
127 234
127.1 238
127.2 244
127.3 257
127.4 277
127.5 278
127.6 271
127.7 290
127.8 267
127.9 258
128 270
128.1 279
128.2 279
128.3 283
128.4 306
128.5 323
128.6 312
128.7 298
128.8 284
128.9 285
129 291
129.1 297
129.2 305
129.3 323
129.4 327
129.5 349
129.6 371
129.7 361
129.8 355
129.9 342
130 332
130.1 332
130.2 342
130.3 335
130.4 312
130.5 306
130.6 300
130.7 310
130.8 297
130.9 303
131 291
131.1 285
131.2 266
131.3 255
131.4 247
131.5 235
131.6 251
131.7 260
131.8 241
131.9 243
132 241
132.1 263
132.2 278
132.3 290
132.4 293
132.5 297
132.6 313
132.7 349
132.8 379
132.9 372
133 357
133.1 334
133.2 334
133.3 323
133.4 316
133.5 322
133.6 299
133.7 294
133.8 272
133.9 304
134 369
134.1 390
134.2 395
134.3 394
134.4 404
134.5 414
134.6 423
134.7 431
134.8 431
134.9 445
135 456
135.1 469
135.2 480
135.3 489
135.4 508
135.5 528
135.6 540
135.7 560
135.8 577
135.9 596
136 618
136.1 636
136.2 662
136.3 685
136.4 699
136.5 726
136.6 755
136.7 780
136.8 813
136.9 841
137 870
137.1 900
137.2 932
137.3 955
137.4 976
137.5 1004
137.6 1044
137.7 1073
137.8 1112
137.9 1142
138 1180
138.1 1205
138.2 1239
138.3 1266
138.4 1299
138.5 1329
138.6 1369
138.7 1410
138.8 1424
138.9 1455
139 1467
139.1 1495
139.2 1516
139.3 1544
139.4 1552
139.5 1570
139.6 1589
139.7 1585
139.8 1551
139.9 1450
140 1328
140.1 1225
140.2 1127
140.3 1036
140.4 972
140.5 920
140.6 839
140.7 779
140.8 725
140.9 656
141 629
141.1 630
141.2 579
141.3 542
141.4 527
141.5 536
141.6 506
141.7 489
141.8 465
141.9 443
142 438
142.1 427
142.2 426
142.3 396
142.4 378
142.5 344
142.6 336
142.7 331
142.8 305
142.9 284
143 285
143.1 271
143.2 253
143.3 246
143.4 225
143.5 211
143.6 203
143.7 307
143.8 358
143.9 369
144 377
144.1 365
144.2 358
144.3 372
144.4 361
144.5 356
144.6 342
144.7 338
144.8 357
144.9 392
145 408
145.1 413
145.2 389
145.3 367
145.4 358
145.5 339
145.6 320
145.7 289
145.8 272
145.9 296
146 404
146.1 459
146.2 448
146.3 421
146.4 407
146.5 399
146.6 402
146.7 401
146.8 386
146.9 391
147 365
147.1 338
147.2 334
147.3 327
147.4 336
147.5 331
147.6 327
147.7 332
147.8 336
147.9 333
148 325
148.1 312
148.2 308
148.3 306
148.4 291
148.5 279
148.6 258
148.7 237
148.8 232
148.9 252
149 282
149.1 300
149.2 305
149.3 298
149.4 286
149.5 274
149.6 268
149.7 244
149.8 242
149.9 247
150 268
150.1 299
150.2 305
150.3 316
150.4 311
150.5 314
150.6 315
150.7 311
150.8 354
150.9 481
151 528
151.1 536
151.2 525
151.3 507
151.4 494
151.5 517
151.6 526
151.7 506
151.8 502
151.9 485
152 472
152.1 476
152.2 466
152.3 451
152.4 426
152.5 407
152.6 384
152.7 370
152.8 424
152.9 424
153 433
153.1 436
153.2 432
153.3 413
153.4 387
153.5 380
153.6 432
153.7 511
153.8 556
153.9 561
154 582
154.1 594
154.2 597
154.3 614
154.4 618
154.5 623
154.6 631
154.7 641
154.8 655
154.9 671
155 689
155.1 697
155.2 717
155.3 723
155.4 741
155.5 766
155.6 788
155.7 807
155.8 824
155.9 835
156 850
156.1 869
156.2 895
156.3 913
156.4 943
156.5 966
156.6 984
156.7 1006
156.8 1032
156.9 1065
157 1095
157.1 1115
157.2 1138
157.3 1156
157.4 1187
157.5 1205
157.6 1247
157.7 1287
157.8 1311
157.9 1342
158 1382
158.1 1404
158.2 1426
158.3 1460
158.4 1484
158.5 1473
158.6 1489
158.7 1484
158.8 1422
158.9 1312
159 1315
159.1 1309
159.2 1253
159.3 1285
159.4 1321
159.5 1309
159.6 1255
159.7 1151
159.8 1088
159.9 1020
160 976
160.1 920
160.2 836
160.3 802
160.4 746
160.5 686
160.6 643
160.7 618
160.8 582
160.9 550
161 534
161.1 507
161.2 473
161.3 453
161.4 414
161.5 375
161.6 342
161.7 338
161.8 349
161.9 341
162 332
162.1 315
162.2 301
162.3 283
162.4 276
162.5 276
162.6 264
162.7 266
162.8 276
162.9 268
163 269
163.1 270
163.2 246
163.3 256
163.4 257
163.5 273
163.6 265
163.7 275
163.8 274
163.9 278
164 256
164.1 238
164.2 233
164.3 230
164.4 242
164.5 234
164.6 212
164.7 192
164.8 189
164.9 187
165 195
165.1 191
165.2 201
165.3 203
165.4 221
165.5 236
165.6 243
165.7 233
165.8 237
165.9 246
166 241
166.1 243
166.2 232
166.3 239
166.4 225
166.5 235
166.6 266
166.7 275
166.8 292
166.9 284
167 274
167.1 277
167.2 271
167.3 274
167.4 265
167.5 273
167.6 346
167.7 440
167.8 481
167.9 499
168 516
168.1 489
168.2 459
168.3 436
168.4 403
168.5 380
168.6 375
168.7 347
168.8 333
168.9 325
169 317
169.1 299
169.2 276
169.3 256
169.4 259
169.5 267
169.6 247
169.7 238
169.8 227
169.9 221
170 206
170.1 193
170.2 188
170.3 198
170.4 210
170.5 198
170.6 203
170.7 216
170.8 230
170.9 246
171 292
171.1 376
171.2 394
171.3 419
171.4 445
171.5 448
171.6 457
171.7 494
171.8 505
171.9 510
172 494
172.1 484
172.2 508
172.3 504
172.4 511
172.5 527
172.6 540
172.7 543
172.8 537
172.9 550
173 560
173.1 565
173.2 568
173.3 578
173.4 583
173.5 606
173.6 618
173.7 626
173.8 635
173.9 647
174 650
174.1 677
174.2 693
174.3 701
174.4 710
174.5 730
174.6 745
174.7 768
174.8 792
174.9 816
175 846
175.1 871
175.2 904
175.3 928
175.4 946
175.5 968
175.6 986
175.7 1014
175.8 1033
175.9 1063
176 1085
176.1 1117
176.2 1150
176.3 1169
176.4 1204
176.5 1223
176.6 1252
176.7 1301
176.8 1322
176.9 1352
177 1381
177.1 1414
177.2 1457
177.3 1499
177.4 1540
177.5 1560
177.6 1599
177.7 1615
177.8 1634
177.9 1659
178 1667
178.1 1691
178.2 1688
178.3 1643
178.4 1553
178.5 1454
178.6 1368
178.7 1257
178.8 1151
178.9 1048
179 985
179.1 939
179.2 874
179.3 819
179.4 775
179.5 729
179.6 677
179.7 647
179.8 625
179.9 601
180 553
180.1 532
180.2 493
180.3 471
180.4 480
180.5 484
180.6 491
180.7 481
180.8 476
180.9 461
181 444
181.1 426
181.2 410
181.3 401
181.4 377
181.5 372
181.6 374
181.7 373
181.8 370
181.9 402
182 423
182.1 412
182.2 385
182.3 378
182.4 372
182.5 367
182.6 359
182.7 360
182.8 360
182.9 343
183 332
183.1 349
183.2 340
183.3 342
183.4 346
183.5 335
183.6 332
183.7 324
183.8 319
183.9 312
184 303
184.1 298
184.2 266
184.3 262
184.4 245
184.5 233
184.6 226
184.7 215
184.8 204
184.9 193
185 186
185.1 196
185.2 205
185.3 219
185.4 215
185.5 238
185.6 252
185.7 237
185.8 224
185.9 222
186 218
186.1 229
186.2 219
186.3 217
186.4 220
186.5 212
186.6 204
186.7 212
186.8 223
186.9 231
187 242
187.1 254
187.2 244
187.3 239
187.4 235
187.5 234
187.6 233
187.7 230
187.8 219
187.9 222
188 220
188.1 217
188.2 226
188.3 240
188.4 247
188.5 255
188.6 237
188.7 243
188.8 250
188.9 260
189 294
189.1 311
189.2 316
189.3 322
189.4 308
189.5 303
189.6 323
189.7 309
189.8 301
189.9 291
190 312
190.1 311
190.2 297
190.3 286
190.4 290
190.5 279
190.6 276
190.7 282
190.8 290
190.9 293
191 319
191.1 340
191.2 344
191.3 353
191.4 386
191.5 406
191.6 395
191.7 386
191.8 365
191.9 350
192 332
192.1 306
192.2 304
192.3 287
192.4 281
192.5 309
192.6 322
192.7 311
192.8 298
192.9 297
193 278
193.1 253
193.2 233
193.3 235
193.4 237
193.5 248
193.6 247
193.7 234
193.8 232
193.9 226
194 233
194.1 257
194.2 257
194.3 243
194.4 236
194.5 240
194.6 264
194.7 331
194.8 367
194.9 375
195 382
195.1 391
195.2 396
195.3 404
195.4 411
195.5 419
195.6 431
195.7 439
195.8 447
195.9 469
196 483
196.1 491
196.2 514
196.3 528
196.4 554
196.5 575
196.6 595
196.7 617
196.8 644
196.9 676
197 700
197.1 729
197.2 748
197.3 775
197.4 794
197.5 821
197.6 842
197.7 866
197.8 895
197.9 917
198 945
198.1 969
198.2 997
198.3 1019
198.4 1046
198.5 1073
198.6 1111
198.7 1135
198.8 1167
198.9 1194
199 1212
199.1 1238
199.2 1257
199.3 1268
199.4 1292
199.5 1330
199.6 1358
199.7 1379
199.8 1398
199.9 1420
200 1438
