0 0
0.1 0
0.2 0
0.3 0
0.4 0
0.5 1
0.6 3
0.7 4
0.8 10
0.9 10
1 11
1.1 18
1.2 20
1.3 21
1.4 27
1.5 31
1.6 33
1.7 37
1.8 42
1.9 42
2 42
2.1 45
2.2 43
2.3 43
2.4 44
2.5 46
2.6 46
2.7 49
2.8 54
2.9 55
3 55
3.1 54
3.2 56
3.3 59
3.4 61
3.5 65
3.6 66
3.7 63
3.8 67
3.9 68
4 65
4.1 63
4.2 67
4.3 69
4.4 64
4.5 68
4.6 64
4.7 65
4.8 67
4.9 65
5 62
5.1 63
5.2 64
5.3 67
5.4 67
5.5 64
5.6 65
5.7 64
5.8 66
5.9 65
6 64
6.1 64
6.2 67
6.3 73
6.4 74
6.5 71
6.6 69
6.7 68
6.8 67
6.9 64
7 66
7.1 65
7.2 70
7.3 69
7.4 70
7.5 67
7.6 65
7.7 62
7.8 59
7.9 55
8 54
8.1 53
8.2 47
8.3 44
8.4 43
8.5 43
8.6 41
8.7 39
8.8 37
8.9 36
9 35
9.1 32
9.2 30
9.3 29
9.4 29
9.5 28
9.6 27
9.7 26
9.8 24
9.9 24
10 24
10.1 24
10.2 24
10.3 21
10.4 19
10.5 18
10.6 18
10.7 15
10.8 14
10.9 12
11 12
11.1 12
11.2 12
11.3 9
11.4 8
11.5 7
11.6 6
11.7 6
11.8 6
11.9 5
12 5
12.1 4
12.2 3
12.3 3
12.4 3
12.5 3
12.6 3
12.7 3
12.8 3
12.9 3
13 3
13.1 3
13.2 3
13.3 3
13.4 3
13.5 3
13.6 3
13.7 3
13.8 3
13.9 2
14 2
14.1 2
14.2 2
14.3 2
14.4 1
14.5 0
14.6 0
14.7 0
14.8 0
14.9 0
15 0
15.1 0
15.2 0
15.3 0
15.4 0
15.5 0
15.6 0
15.7 0
15.8 0
15.9 0
16 0
16.1 0
16.2 0
16.3 0
16.4 0
16.5 0
16.6 0
16.7 0
16.8 0
16.9 0
17 0
17.1 1
17.2 1
17.3 1
17.4 1
17.5 1
17.6 0
17.7 0
17.8 0
17.9 0
18 0
18.1 0
18.2 0
18.3 0
18.4 0
18.5 0
18.6 0
18.7 0
18.8 0
18.9 0
19 0
19.1 0
19.2 0
19.3 0
19.4 0
19.5 0
19.6 0
19.7 5
19.8 3
19.9 3
20 3
20.1 3
20.2 3
20.3 3
20.4 3
20.5 4
20.6 4
20.7 4
20.8 4
20.9 4
21 4
21.1 3
21.2 3
21.3 3
21.4 3
21.5 3
21.6 3
21.7 3
21.8 3
21.9 3
22 4
22.1 5
22.2 5
22.3 5
22.4 7
22.5 6
22.6 6
22.7 6
22.8 6
22.9 7
23 8
23.1 12
23.2 12
23.3 11
23.4 14
23.5 14
23.6 17
23.7 18
23.8 22
23.9 25
24 27
24.1 26
24.2 27
24.3 27
24.4 28
24.5 27
24.6 33
24.7 32
24.8 33
24.9 35
25 37
25.1 36
25.2 33
25.3 30
25.4 28
25.5 29
25.6 30
25.7 30
25.8 31
25.9 32
26 35
26.1 34
26.2 36
26.3 32
26.4 35
26.5 41
26.6 39
26.7 40
26.8 39
26.9 37
27 36
27.1 33
27.2 34
27.3 34
27.4 33
27.5 33
27.6 36
27.7 42
27.8 46
27.9 49
28 46
28.1 44
28.2 45
28.3 45
28.4 42
28.5 41
28.6 39
28.7 40
28.8 40
28.9 42
29 43
29.1 44
29.2 45
29.3 47
29.4 48
29.5 46
29.6 47
29.7 45
29.8 45
29.9 44
30 42
30.1 39
30.2 37
30.3 35
30.4 34
30.5 31
30.6 28
30.7 26
30.8 25
30.9 21
31 21
31.1 20
31.2 19
31.3 19
31.4 18
31.5 18
31.6 18
31.7 17
31.8 17
31.9 15
32 15
32.1 15
32.2 14
32.3 14
32.4 12
32.5 11
32.6 11
32.7 10
32.8 10
32.9 9
33 8
33.1 7
33.2 6
33.3 6
33.4 6
33.5 6
33.6 4
33.7 4
33.8 3
33.9 3
34 3
34.1 3
34.2 3
34.3 3
34.4 3
34.5 3
34.6 3
34.7 3
34.8 3
34.9 3
35 3
35.1 3
35.2 3
35.3 3
35.4 3
35.5 3
35.6 3
35.7 2
35.8 1
35.9 1
36 1
36.1 0
36.2 0
36.3 0
36.4 0
36.5 0
36.6 0
36.7 0
36.8 0
36.9 0
37 0
37.1 0
37.2 0
37.3 0
37.4 0
37.5 0
37.6 0
37.7 0
37.8 0
37.9 0
38 0
38.1 0
38.2 1
38.3 1
38.4 1
38.5 1
38.6 1
38.7 1
38.8 1
38.9 1
39 1
39.1 1
39.2 1
39.3 3
39.4 5
39.5 5
39.6 5
39.7 5
39.8 5
39.9 5
40 4
40.1 4
40.2 4
40.3 4
40.4 4
40.5 5
40.6 6
40.7 7
40.8 6
40.9 5
41 7
41.1 7
41.2 8
41.3 8
41.4 8
41.5 8
41.6 7
41.7 8
41.8 10
41.9 12
42 15
42.1 17
42.2 18
42.3 20
42.4 21
42.5 23
42.6 26
42.7 26
42.8 24
42.9 26
43 27
43.1 27
43.2 30
43.3 31
43.4 32
43.5 34
43.6 34
43.7 33
43.8 38
43.9 42
44 41
44.1 38
44.2 41
44.3 42
44.4 39
44.5 41
44.6 44
44.7 44
44.8 45
44.9 46
45 50
45.1 49
45.2 50
45.3 54
45.4 52
45.5 53
45.6 51
45.7 48
45.8 49
45.9 55
46 53
46.1 56
46.2 59
46.3 60
46.4 58
46.5 58
46.6 55
46.7 58
46.8 59
46.9 58
47 60
47.1 56
47.2 53
47.3 54
47.4 58
47.5 55
47.6 55
47.7 54
47.8 56
47.9 59
48 64
48.1 63
48.2 61
48.3 54
48.4 50
48.5 45
48.6 44
48.7 40
48.8 39
48.9 38
49 36
49.1 30
49.2 29
49.3 28
49.4 27
49.5 27
49.6 27
49.7 26
49.8 26
49.9 25
50 25
50.1 24
50.2 23
50.3 23
50.4 22
50.5 22
50.6 21
50.7 21
50.8 20
50.9 19
51 18
51.1 17
51.2 16
51.3 15
51.4 15
51.5 15
51.6 15
51.7 14
51.8 12
51.9 11
52 10
52.1 10
52.2 10
52.3 10
52.4 7
52.5 7
52.6 7
52.7 6
52.8 6
52.9 6
53 5
53.1 5
53.2 5
53.3 5
53.4 4
53.5 4
53.6 4
53.7 4
53.8 4
53.9 4
54 4
54.1 4
54.2 3
54.3 2
54.4 2
54.5 2
54.6 2
54.7 2
54.8 2
54.9 2
55 2
55.1 2
55.2 1
55.3 1
55.4 1
55.5 1
55.6 1
55.7 1
55.8 1
55.9 1
56 1
56.1 1
56.2 1
56.3 1
56.4 1
56.5 1
56.6 1
56.7 1
56.8 1
56.9 1
57 4
57.1 10
57.2 10
57.3 10
57.4 10
57.5 9
57.6 9
57.7 9
57.8 9
57.9 9
58 9
58.1 9
58.2 9
58.3 8
58.4 8
58.5 8
58.6 8
58.7 8
58.8 8
58.9 8
59 7
59.1 7
59.2 6
59.3 6
59.4 6
59.5 5
59.6 4
59.7 4
59.8 4
59.9 4
60 3
60.1 3
60.2 3
60.3 3
60.4 3
60.5 3
60.6 3
60.7 3
60.8 2
60.9 1
61 1
61.1 1
61.2 1
61.3 1
61.4 1
61.5 1
61.6 1
61.7 1
61.8 0
61.9 0
62 0
62.1 0
62.2 0
62.3 0
62.4 0
62.5 0
62.6 0
62.7 0
62.8 0
62.9 0
63 0
63.1 0
63.2 0
63.3 0
63.4 0
63.5 0
63.6 0
63.7 0
63.8 0
63.9 0
64 0
64.1 0
64.2 4
64.3 4
64.4 4
64.5 4
64.6 4
64.7 7
64.8 6
64.9 6
65 6
65.1 7
65.2 8
65.3 9
65.4 7
65.5 6
65.6 5
65.7 7
65.8 7
65.9 10
66 14
66.1 19
66.2 23
66.3 25
66.4 26
66.5 31
66.6 30
66.7 27
66.8 28
66.9 28
67 31
67.1 34
67.2 35
67.3 41
67.4 42
67.5 43
67.6 41
67.7 44
67.8 42
67.9 45
68 43
68.1 42
68.2 46
68.3 49
68.4 50
68.5 51
68.6 54
68.7 54
68.8 55
68.9 53
69 53
69.1 54
69.2 57
69.3 58
69.4 61
69.5 60
69.6 62
69.7 62
69.8 61
69.9 62
70 63
70.1 61
70.2 64
70.3 63
70.4 60
70.5 56
70.6 58
70.7 61
70.8 60
70.9 57
71 55
71.1 55
71.2 51
71.3 53
71.4 54
71.5 56
71.6 57
71.7 56
71.8 56
71.9 54
72 52
72.1 52
72.2 50
72.3 49
72.4 47
72.5 45
72.6 43
72.7 41
72.8 39
72.9 35
73 32
73.1 29
73.2 29
73.3 28
73.4 26
73.5 26
73.6 24
73.7 22
73.8 21
73.9 20
74 20
74.1 19
74.2 17
74.3 16
74.4 14
74.5 14
74.6 14
74.7 14
74.8 13
74.9 12
75 11
75.1 11
75.2 11
75.3 11
75.4 10
75.5 10
75.6 10
75.7 10
75.8 10
75.9 8
76 8
76.1 8
76.2 8
76.3 7
76.4 6
76.5 6
76.6 6
76.7 4
76.8 4
76.9 4
77 4
77.1 4
77.2 4
77.3 3
77.4 4
77.5 4
77.6 4
77.7 3
77.8 3
77.9 3
78 3
78.1 2
78.2 2
78.3 2
78.4 2
78.5 2
78.6 2
78.7 1
78.8 1
78.9 1
79 0
79.1 0
79.2 0
79.3 0
79.4 0
79.5 0
79.6 0
79.7 0
79.8 0
79.9 0
80 0
80.1 0
80.2 0
80.3 0
80.4 0
80.5 0
80.6 0
80.7 0
80.8 0
80.9 0
81 0
81.1 0
81.2 0
81.3 0
81.4 0
81.5 0
81.6 0
81.7 0
81.8 0
81.9 0
82 0
82.1 0
82.2 0
82.3 0
82.4 0
82.5 0
82.6 0
82.7 0
82.8 0
82.9 0
83 0
83.1 0
83.2 0
83.3 0
83.4 0
83.5 0
83.6 0
83.7 0
83.8 0
83.9 0
84 0
84.1 0
84.2 0
84.3 0
84.4 0
84.5 0
84.6 0
84.7 0
84.8 0
84.9 0
85 0
85.1 0
85.2 0
85.3 0
85.4 0
85.5 0
85.6 0
85.7 0
85.8 1
85.9 1
86 1
86.1 2
86.2 4
86.3 5
86.4 5
86.5 6
86.6 9
86.7 11
86.8 15
86.9 17
87 19
87.1 25
87.2 32
87.3 33
87.4 34
87.5 36
87.6 37
87.7 38
87.8 45
87.9 44
88 46
88.1 43
88.2 43
88.3 45
88.4 45
88.5 41
88.6 40
88.7 41
88.8 42
88.9 39
89 42
89.1 41
89.2 39
89.3 39
89.4 41
89.5 40
89.6 41
89.7 44
89.8 45
89.9 48
90 44
90.1 50
90.2 48
90.3 46
90.4 44
90.5 44
90.6 49
90.7 54
90.8 62
90.9 65
91 63
91.1 62
91.2 66
91.3 61
91.4 63
91.5 62
91.6 63
91.7 63
91.8 61
91.9 64
92 61
92.1 61
92.2 61
92.3 58
92.4 55
92.5 58
92.6 56
92.7 53
92.8 51
92.9 49
93 45
93.1 45
93.2 42
93.3 41
93.4 38
93.5 37
93.6 32
93.7 30
93.8 29
93.9 29
94 28
94.1 26
94.2 26
94.3 25
94.4 25
94.5 23
94.6 22
94.7 21
94.8 19
94.9 18
95 17
95.1 16
95.2 16
95.3 15
95.4 15
95.5 14
95.6 14
95.7 13
95.8 12
95.9 10
96 10
96.1 9
96.2 9
96.3 9
96.4 9
96.5 8
96.6 8
96.7 8
96.8 8
96.9 8
97 8
97.1 7
97.2 6
97.3 6
97.4 6
97.5 6
97.6 5
97.7 5
97.8 4
97.9 4
98 4
98.1 4
98.2 4
98.3 4
98.4 4
98.5 4
98.6 5
98.7 5
98.8 5
98.9 5
99 3
99.1 3
99.2 3
99.3 2
99.4 1
99.5 1
99.6 1
99.7 1
99.8 1
99.9 1
100 1
100.1 1
100.2 1
100.3 1
100.4 1
100.5 1
100.6 1
100.7 0
100.8 0
100.9 0
101 0
101.1 0
101.2 0
101.3 0
101.4 0
101.5 0
101.6 1
101.7 0
101.8 0
101.9 0
102 0
102.1 0
102.2 0
102.3 0
102.4 0
102.5 0
102.6 0
102.7 0
102.8 0
102.9 0
103 0
103.1 0
103.2 0
103.3 0
103.4 0
103.5 0
103.6 0
103.7 0
103.8 3
103.9 3
104 3
104.1 3
104.2 3
104.3 3
104.4 3
104.5 3
104.6 2
104.7 2
104.8 2
104.9 1
105 1
105.1 2
105.2 1
105.3 1
105.4 1
105.5 1
105.6 1
105.7 1
105.8 1
105.9 1
106 1
106.1 1
106.2 1
106.3 1
106.4 1
106.5 1
106.6 0
106.7 0
106.8 0
106.9 0
107 0
107.1 0
107.2 0
107.3 0
107.4 0
107.5 0
107.6 0
107.7 0
107.8 0
107.9 0
108 1
108.1 1
108.2 0
108.3 0
108.4 0
108.5 0
108.6 0
108.7 0
108.8 1
108.9 1
109 1
109.1 1
109.2 2
109.3 5
109.4 7
109.5 8
109.6 7
109.7 9
109.8 11
109.9 15
110 15
110.1 22
110.2 28
110.3 32
110.4 37
110.5 38
110.6 42
110.7 42
110.8 47
110.9 45
111 49
111.1 53
111.2 56
111.3 52
111.4 52
111.5 52
111.6 53
111.7 50
111.8 48
111.9 44
112 48
112.1 48
112.2 46
112.3 47
112.4 49
112.5 50
112.6 51
112.7 50
112.8 53
112.9 52
113 56
113.1 56
113.2 51
113.3 51
113.4 56
113.5 53
113.6 50
113.7 53
113.8 54
113.9 52
114 54
114.1 54
114.2 51
114.3 53
114.4 53
114.5 54
114.6 55
114.7 55
114.8 53
114.9 52
115 50
115.1 48
115.2 44
115.3 41
115.4 39
115.5 35
115.6 35
115.7 35
115.8 33
115.9 31
116 28
116.1 27
116.2 24
116.3 24
116.4 23
116.5 23
116.6 21
116.7 20
116.8 17
116.9 16
117 16
117.1 16
117.2 15
117.3 15
117.4 15
117.5 14
117.6 15
117.7 14
117.8 14
117.9 14
118 13
118.1 12
118.2 11
118.3 11
118.4 11
118.5 11
118.6 10
118.7 10
118.8 9
118.9 9
119 9
119.1 9
119.2 8
119.3 8
119.4 7
119.5 6
119.6 6
119.7 6
119.8 5
119.9 5
120 5
120.1 5
120.2 5
120.3 5
120.4 5
120.5 5
120.6 5
120.7 5
120.8 5
120.9 5
121 5
121.1 5
121.2 4
121.3 4
121.4 4
121.5 4
121.6 4
121.7 3
121.8 2
121.9 2
122 2
122.1 2
122.2 1
122.3 1
122.4 1
122.5 1
122.6 1
122.7 3
122.8 3
122.9 3
123 3
123.1 3
123.2 3
123.3 3
123.4 3
123.5 3
123.6 3
123.7 3
123.8 3
123.9 3
124 3
124.1 3
124.2 2
124.3 2
124.4 1
124.5 1
124.6 1
124.7 1
124.8 1
124.9 1
125 2
125.1 2
125.2 2
125.3 2
125.4 2
125.5 2
125.6 2
125.7 2
125.8 2
125.9 2
126 2
126.1 2
126.2 2
126.3 2
126.4 2
126.5 2
126.6 2
126.7 2
126.8 2
126.9 2
127 2
127.1 2
127.2 2
127.3 2
127.4 2
127.5 2
127.6 2
127.7 1
127.8 1
127.9 1
128 1
128.1 2
128.2 2
128.3 2
128.4 2
128.5 2
128.6 1
128.7 1
128.8 1
128.9 1
129 1
129.1 1
129.2 1
129.3 1
129.4 1
129.5 1
129.6 1
129.7 1
129.8 1
129.9 6
130 8
130.1 8
130.2 8
130.3 7
130.4 7
130.5 7
130.6 7
130.7 7
130.8 6
130.9 5
131 5
131.1 5
131.2 4
131.3 3
131.4 2
131.5 2
131.6 2
131.7 2
131.8 3
131.9 3
132 3
132.1 3
132.2 3
132.3 3
132.4 3
132.5 3
132.6 3
132.7 3
132.8 2
132.9 2
133 2
133.1 2
133.2 2
133.3 2
133.4 2
133.5 2
133.6 2
133.7 2
133.8 2
133.9 2
134 3
134.1 3
134.2 4
134.3 9
134.4 11
134.5 13
134.6 14
134.7 15
134.8 17
134.9 18
135 21
135.1 23
135.2 27
135.3 27
135.4 30
135.5 28
135.6 30
135.7 28
135.8 34
135.9 40
136 42
136.1 46
136.2 45
136.3 50
136.4 52
136.5 53
136.6 51
136.7 52
136.8 56
136.9 55
137 57
137.1 57
137.2 58
137.3 57
137.4 60
137.5 64
137.6 65
137.7 67
137.8 69
137.9 68
138 69
138.1 70
138.2 68
138.3 65
138.4 65
138.5 64
138.6 60
138.7 58
138.8 55
138.9 54
139 53
139.1 53
139.2 51
139.3 50
139.4 50
139.5 49
139.6 49
139.7 47
139.8 48
139.9 47
140 46
140.1 46
140.2 43
140.3 42
140.4 41
140.5 38
140.6 36
140.7 30
140.8 29
140.9 29
141 27
141.1 25
141.2 25
141.3 24
141.4 22
141.5 21
141.6 21
141.7 21
141.8 19
141.9 19
142 19
142.1 19
142.2 18
142.3 18
142.4 17
142.5 17
142.6 16
142.7 15
142.8 15
142.9 15
143 15
143.1 15
143.2 15
143.3 14
143.4 13
143.5 13
143.6 13
143.7 13
143.8 13
143.9 13
144 12
144.1 11
144.2 11
144.3 10
144.4 11
144.5 13
144.6 11
144.7 10
144.8 10
144.9 10
145 8
145.1 8
145.2 8
145.3 7
145.4 7
145.5 7
145.6 7
145.7 7
145.8 7
145.9 7
146 6
146.1 6
146.2 6
146.3 6
146.4 5
146.5 5
146.6 4
146.7 4
146.8 6
146.9 6
147 5
147.1 4
147.2 8
147.3 8
147.4 7
147.5 7
147.6 7
147.7 7
147.8 7
147.9 7
148 7
148.1 7
148.2 7
148.3 7
148.4 7
148.5 7
148.6 7
148.7 7
148.8 7
148.9 7
149 7
149.1 6
149.2 6
149.3 6
149.4 5
149.5 5
149.6 5
149.7 5
149.8 5
149.9 3
150 2
150.1 2
150.2 1
150.3 1
150.4 1
150.5 1
150.6 1
150.7 1
150.8 1
150.9 1
151 2
151.1 2
151.2 2
151.3 2
151.4 2
151.5 2
151.6 2
151.7 2
151.8 2
151.9 2
152 2
152.1 2
152.2 2
152.3 2
152.4 2
152.5 2
152.6 2
152.7 2
152.8 1
152.9 1
153 1
153.1 1
153.2 1
153.3 1
153.4 1
153.5 1
153.6 1
153.7 7
153.8 7
153.9 6
154 11
154.1 11
154.2 12
154.3 13
154.4 13
154.5 16
154.6 17
154.7 20
154.8 19
154.9 20
155 22
155.1 27
155.2 27
155.3 28
155.4 33
155.5 31
155.6 31
155.7 32
155.8 31
155.9 34
156 38
156.1 39
156.2 41
156.3 41
156.4 43
156.5 51
156.6 52
156.7 53
156.8 51
156.9 55
157 57
157.1 54
157.2 55
157.3 55
157.4 62
157.5 57
157.6 64
157.7 66
157.8 68
157.9 68
158 65
158.1 62
158.2 63
158.3 64
158.4 60
158.5 59
158.6 54
158.7 53
158.8 51
158.9 49
159 47
159.1 45
159.2 44
159.3 41
159.4 39
159.5 36
159.6 33
159.7 32
159.8 31
159.9 26
160 24
160.1 23
160.2 22
160.3 22
160.4 21
160.5 21
160.6 21
160.7 20
160.8 20
160.9 19
161 19
161.1 16
161.2 16
161.3 15
161.4 15
161.5 14
161.6 13
161.7 12
161.8 12
161.9 11
162 10
162.1 10
162.2 8
162.3 8
162.4 7
162.5 6
162.6 6
162.7 6
162.8 6
162.9 5
163 5
163.1 5
163.2 4
163.3 4
163.4 3
163.5 3
163.6 3
163.7 3
163.8 3
163.9 3
164 3
164.1 3
164.2 3
164.3 3
164.4 3
164.5 3
164.6 3
164.7 3
164.8 3
164.9 3
165 3
165.1 3
165.2 3
165.3 3
165.4 3
165.5 3
165.6 3
165.7 3
165.8 1
165.9 1
166 3
166.1 3
166.2 3
166.3 3
166.4 3
166.5 4
166.6 3
166.7 2
166.8 2
166.9 2
167 2
167.1 2
167.2 2
167.3 1
167.4 0
167.5 0
167.6 0
167.7 0
167.8 2
167.9 2
168 2
168.1 2
168.2 2
168.3 2
168.4 2
168.5 2
168.6 4
168.7 4
168.8 4
168.9 4
169 4
169.1 4
169.2 4
169.3 3
169.4 2
169.5 2
169.6 2
169.7 2
169.8 2
169.9 2
170 2
170.1 2
170.2 2
170.3 1
170.4 1
170.5 1
170.6 1
170.7 1
170.8 1
170.9 1
171 1
171.1 0
171.2 0
171.3 0
171.4 0
171.5 0
171.6 2
171.7 3
171.8 3
171.9 3
172 5
172.1 4
172.2 4
172.3 4
172.4 5
172.5 4
172.6 4
172.7 5
172.8 7
172.9 9
173 9
173.1 11
173.2 14
173.3 19
173.4 23
173.5 21
173.6 24
173.7 27
173.8 24
173.9 27
174 29
174.1 29
174.2 31
174.3 29
174.4 31
174.5 36
174.6 37
174.7 42
174.8 44
174.9 46
175 45
175.1 47
175.2 45
175.3 48
175.4 49
175.5 48
175.6 45
175.7 48
175.8 50
175.9 50
176 52
176.1 54
176.2 57
176.3 62
176.4 61
176.5 67
176.6 67
176.7 65
176.8 67
176.9 69
177 72
177.1 73
177.2 72
177.3 69
177.4 67
177.5 64
177.6 63
177.7 64
177.8 60
177.9 60
178 56
178.1 55
178.2 55
178.3 54
178.4 51
178.5 48
178.6 46
178.7 42
178.8 39
178.9 38
179 36
179.1 34
179.2 34
179.3 34
179.4 34
179.5 32
179.6 31
179.7 31
179.8 29
179.9 26
180 23
180.1 22
180.2 22
180.3 22
180.4 22
180.5 20
180.6 20
180.7 18
180.8 18
180.9 17
181 17
181.1 17
181.2 15
181.3 14
181.4 14
181.5 14
181.6 13
181.7 12
181.8 10
181.9 9
182 8
182.1 8
182.2 6
182.3 5
182.4 5
182.5 5
182.6 4
182.7 3
182.8 3
182.9 8
183 8
183.1 6
183.2 6
183.3 6
183.4 6
183.5 5
183.6 5
183.7 5
183.8 5
183.9 5
184 5
184.1 5
184.2 5
184.3 5
184.4 5
184.5 4
184.6 4
184.7 4
184.8 3
184.9 2
185 2
185.1 2
185.2 2
185.3 2
185.4 2
185.5 2
185.6 2
185.7 2
185.8 2
185.9 2
186 2
186.1 2
186.2 2
186.3 2
186.4 2
186.5 2
186.6 2
186.7 2
186.8 2
186.9 2
187 2
187.1 2
187.2 2
187.3 2
187.4 2
187.5 2
187.6 2
187.7 2
187.8 2
187.9 2
188 2
188.1 2
188.2 2
188.3 2
188.4 2
188.5 2
188.6 2
188.7 2
188.8 2
188.9 2
189 2
189.1 2
189.2 2
189.3 2
189.4 2
189.5 2
189.6 2
189.7 2
189.8 2
189.9 1
190 0
190.1 0
190.2 0
190.3 0
190.4 0
190.5 0
190.6 0
190.7 0
190.8 0
190.9 0
191 0
191.1 0
191.2 0
191.3 0
191.4 0
191.5 0
191.6 0
191.7 0
191.8 0
191.9 0
192 0
192.1 0
192.2 0
192.3 0
192.4 0
192.5 0
192.6 0
192.7 0
192.8 0
192.9 0
193 0
193.1 0
193.2 0
193.3 0
193.4 0
193.5 0
193.6 0
193.7 2
193.8 2
193.9 2
194 2
194.1 2
194.2 2
194.3 2
194.4 2
194.5 2
194.6 2
194.7 4
194.8 4
194.9 7
195 8
195.1 9
195.2 11
195.3 13
195.4 14
195.5 14
195.6 17
195.7 19
195.8 20
195.9 24
196 25
196.1 28
196.2 33
196.3 37
196.4 37
196.5 36
196.6 45
196.7 49
196.8 56
196.9 56
197 54
197.1 52
197.2 50
197.3 48
197.4 50
197.5 55
197.6 55
197.7 53
197.8 54
197.9 55
198 54
198.1 55
198.2 56
198.3 57
198.4 54
198.5 54
198.6 57
198.7 56
198.8 57
198.9 52
199 52
199.1 51
199.2 51
199.3 50
199.4 49
199.5 52
199.6 47
199.7 43
199.8 44
199.9 42
200 45
