0 0
0.1 0
0.2 0
0.3 0
0.4 0
0.5 0
0.6 1
0.7 0
0.8 1
0.9 0
1 0
1.1 0
1.2 1
1.3 1
1.4 0
1.5 1
1.6 0
1.7 4
1.8 4
1.9 2
2 1
2.1 2
2.2 5
2.3 2
2.4 2
2.5 1
2.6 2
2.7 2
2.8 2
2.9 4
3 2
3.1 3
3.2 4
3.3 1
3.4 1
3.5 2
3.6 3
3.7 5
3.8 1
3.9 3
4 7
4.1 6
4.2 8
4.3 4
4.4 7
4.5 3
4.6 4
4.7 4
4.8 6
4.9 14
5 8
5.1 11
5.2 4
5.3 7
5.4 11
5.5 7
5.6 3
5.7 10
5.8 5
5.9 13
6 11
6.1 11
6.2 11
6.3 19
6.4 12
6.5 16
6.6 14
6.7 16
6.8 31
6.9 20
7 23
7.1 46
7.2 44
7.3 61
7.4 67
7.5 84
7.6 131
7.7 256
7.8 307
7.9 423
8 559
8.1 675
8.2 796
8.3 874
8.4 950
8.5 1024
8.6 1087
8.7 1152
8.8 1209
8.9 1270
9 1301
9.1 1341
9.2 1380
9.3 1394
9.4 1400
9.5 1406
9.6 1410
9.7 1411
9.8 1416
9.9 1405
10 1407
10.1 1413
10.2 1413
10.3 1414
10.4 1401
10.5 1409
10.6 1390
10.7 1386
10.8 1359
10.9 1335
11 1328
11.1 1324
11.2 1310
11.3 1303
11.4 1293
11.5 1293
11.6 1255
11.7 1215
11.8 1183
11.9 1144
12 1132
12.1 1106
12.2 1077
12.3 1067
12.4 1065
12.5 1047
12.6 1029
12.7 1012
12.8 1000
12.9 984
13 976
13.1 961
13.2 941
13.3 911
13.4 901
13.5 887
13.6 888
13.7 862
13.8 835
13.9 817
14 778
14.1 741
14.2 734
14.3 721
14.4 700
14.5 676
14.6 667
14.7 655
14.8 639
14.9 630
15 638
15.1 630
15.2 630
15.3 599
15.4 600
15.5 587
15.6 574
15.7 565
15.8 555
15.9 559
16 561
16.1 566
16.2 567
16.3 556
16.4 544
16.5 541
16.6 525
16.7 502
16.8 473
16.9 455
17 433
17.1 446
17.2 443
17.3 427
17.4 356
17.5 259
17.6 189
17.7 171
17.8 168
17.9 200
18 206
18.1 218
18.2 192
18.3 170
18.4 163
18.5 153
18.6 161
18.7 175
18.8 195
18.9 221
19 225
19.1 229
19.2 223
19.3 228
19.4 235
19.5 229
19.6 212
19.7 211
19.8 224
19.9 231
20 248
20.1 270
20.2 266
20.3 253
20.4 225
20.5 195
20.6 197
20.7 202
20.8 202
20.9 225
21 236
21.1 250
21.2 260
21.3 271
21.4 254
21.5 258
21.6 260
21.7 242
21.8 221
21.9 197
22 150
22.1 132
22.2 119
22.3 108
22.4 62
22.5 45
22.6 50
22.7 40
22.8 35
22.9 27
23 17
23.1 22
23.2 16
23.3 6
23.4 18
23.5 11
23.6 11
23.7 8
23.8 5
23.9 6
24 9
24.1 3
24.2 6
24.3 8
24.4 6
24.5 6
24.6 4
24.7 5
24.8 8
24.9 13
25 3
25.1 7
25.2 5
25.3 6
25.4 11
25.5 3
25.6 7
25.7 9
25.8 6
25.9 8
26 6
26.1 12
26.2 10
26.3 10
26.4 13
26.5 9
26.6 13
26.7 9
26.8 10
26.9 8
27 15
27.1 13
27.2 18
27.3 17
27.4 20
27.5 19
27.6 15
27.7 13
27.8 13
27.9 11
28 20
28.1 21
28.2 27
28.3 29
28.4 24
28.5 28
28.6 37
28.7 36
28.8 33
28.9 37
29 52
29.1 58
29.2 50
29.3 57
29.4 58
29.5 76
29.6 90
29.7 131
29.8 193
29.9 289
30 397
30.1 497
30.2 612
30.3 672
30.4 742
30.5 790
30.6 837
30.7 869
30.8 891
30.9 931
31 964
31.1 991
31.2 1029
31.3 1031
31.4 1048
31.5 1086
31.6 1110
31.7 1122
31.8 1143
31.9 1151
32 1148
32.1 1149
32.2 1136
32.3 1124
32.4 1134
32.5 1143
32.6 1145
32.7 1144
32.8 1132
32.9 1111
33 1114
33.1 1107
33.2 1092
33.3 1074
33.4 1076
33.5 1069
33.6 1062
33.7 1069
33.8 1063
33.9 1041
34 1023
34.1 1004
34.2 996
34.3 985
34.4 989
34.5 965
34.6 916
34.7 894
34.8 875
34.9 858
35 839
35.1 831
35.2 818
35.3 819
35.4 806
35.5 780
35.6 771
35.7 755
35.8 739
35.9 715
36 705
36.1 705
36.2 700
36.3 701
36.4 704
36.5 703
36.6 703
36.7 682
36.8 665
36.9 654
37 642
37.1 619
37.2 613
37.3 614
37.4 594
37.5 575
37.6 570
37.7 546
37.8 527
37.9 480
38 461
38.1 441
38.2 425
38.3 388
38.4 357
38.5 318
38.6 315
38.7 266
38.8 233
38.9 212
39 207
39.1 201
39.2 213
39.3 198
39.4 185
39.5 204
39.6 224
39.7 237
39.8 260
39.9 284
40 277
40.1 278
40.2 268
40.3 271
40.4 210
40.5 151
40.6 120
40.7 98
40.8 80
40.9 75
41 68
41.1 54
41.2 56
41.3 47
41.4 51
41.5 36
41.6 24
41.7 32
41.8 12
41.9 16
42 11
42.1 12
42.2 9
42.3 12
42.4 10
42.5 5
42.6 8
42.7 13
42.8 8
42.9 12
43 1
43.1 13
43.2 8
43.3 10
43.4 11
43.5 12
43.6 7
43.7 7
43.8 15
43.9 20
44 12
44.1 15
44.2 13
44.3 6
44.4 8
44.5 8
44.6 8
44.7 13
44.8 7
44.9 12
45 10
45.1 10
45.2 12
45.3 13
45.4 8
45.5 11
45.6 11
45.7 9
45.8 16
45.9 11
46 15
46.1 14
46.2 10
46.3 14
46.4 10
46.5 17
46.6 14
46.7 14
46.8 27
46.9 11
47 16
47.1 15
47.2 18
47.3 16
47.4 39
47.5 35
47.6 43
47.7 48
47.8 47
47.9 56
48 80
48.1 93
48.2 143
48.3 238
48.4 400
48.5 532
48.6 627
48.7 730
48.8 845
48.9 960
49 1046
49.1 1122
49.2 1173
49.3 1201
49.4 1222
49.5 1237
49.6 1260
49.7 1277
49.8 1299
49.9 1325
50 1351
50.1 1342
50.2 1350
50.3 1354
50.4 1347
50.5 1352
50.6 1340
50.7 1341
50.8 1321
50.9 1300
51 1266
51.1 1230
51.2 1247
51.3 1178
51.4 1117
51.5 1113
51.6 1103
51.7 1121
51.8 1110
51.9 1122
52 1121
52.1 1114
52.2 1105
52.3 1097
52.4 1087
52.5 1093
52.6 1089
52.7 1087
52.8 1076
52.9 1057
53 1024
53.1 1020
53.2 1017
53.3 1006
53.4 995
53.5 990
53.6 978
53.7 955
53.8 961
53.9 952
54 903
54.1 882
54.2 884
54.3 866
54.4 846
54.5 819
54.6 790
54.7 772
54.8 751
54.9 713
55 699
55.1 699
55.2 690
55.3 683
55.4 688
55.5 677
55.6 681
55.7 656
55.8 646
55.9 521
56 424
56.1 403
56.2 396
56.3 403
56.4 391
56.5 404
56.6 413
56.7 417
56.8 423
56.9 427
57 418
57.1 418
57.2 426
57.3 446
57.4 448
57.5 449
57.6 446
57.7 444
57.8 452
57.9 443
58 429
58.1 434
58.2 439
58.3 440
58.4 427
58.5 437
58.6 437
58.7 429
58.8 411
58.9 414
59 425
59.1 419
59.2 403
59.3 392
59.4 381
59.5 371
59.6 355
59.7 350
59.8 356
59.9 346
60 351
60.1 343
60.2 342
60.3 339
60.4 338
60.5 341
60.6 359
60.7 361
60.8 338
60.9 327
61 331
61.1 307
61.2 298
61.3 301
61.4 308
61.5 300
61.6 304
61.7 310
61.8 306
61.9 305
62 277
62.1 268
62.2 261
62.3 255
62.4 259
62.5 257
62.6 243
62.7 244
62.8 235
62.9 255
63 248
63.1 215
63.2 157
63.3 129
63.4 127
63.5 126
63.6 142
63.7 152
63.8 148
63.9 156
64 124
64.1 102
64.2 61
64.3 59
64.4 54
64.5 50
64.6 54
64.7 69
64.8 43
64.9 18
65 26
65.1 22
65.2 17
65.3 14
65.4 6
65.5 18
65.6 6
65.7 6
65.8 5
65.9 1
66 2
66.1 2
66.2 2
66.3 4
66.4 6
66.5 3
66.6 2
66.7 3
66.8 5
66.9 3
67 4
67.1 1
67.2 1
67.3 2
67.4 3
67.5 3
67.6 4
67.7 4
67.8 1
67.9 9
68 5
68.1 5
68.2 5
68.3 3
68.4 7
68.5 6
68.6 7
68.7 5
68.8 6
68.9 9
69 6
69.1 13
69.2 9
69.3 11
69.4 12
69.5 9
69.6 6
69.7 5
69.8 10
69.9 13
70 19
70.1 16
70.2 17
70.3 10
70.4 10
70.5 11
70.6 23
70.7 20
70.8 27
70.9 18
71 30
71.1 29
71.2 33
71.3 38
71.4 34
71.5 30
71.6 46
71.7 55
71.8 81
71.9 111
72 194
72.1 305
72.2 389
72.3 432
72.4 538
72.5 644
72.6 744
72.7 823
72.8 902
72.9 995
73 1070
73.1 1125
73.2 1156
73.3 1190
73.4 1229
73.5 1285
73.6 1305
73.7 1315
73.8 1314
73.9 1327
74 1347
74.1 1382
74.2 1375
74.3 1383
74.4 1394
74.5 1406
74.6 1419
74.7 1394
74.8 1396
74.9 1392
75 1385
75.1 1365
75.2 1334
75.3 1306
75.4 1308
75.5 1283
75.6 1261
75.7 1261
75.8 1252
75.9 1230
76 1210
76.1 1189
76.2 1141
76.3 1153
76.4 1134
76.5 1106
76.6 1101
76.7 1088
76.8 1076
76.9 1059
77 1029
77.1 1025
77.2 976
77.3 921
77.4 872
77.5 869
77.6 867
77.7 870
77.8 853
77.9 837
78 811
78.1 783
78.2 773
78.3 762
78.4 753
78.5 756
78.6 752
78.7 736
78.8 718
78.9 684
79 665
79.1 646
79.2 605
79.3 586
79.4 588
79.5 590
79.6 559
79.7 530
79.8 534
79.9 538
80 545
80.1 553
80.2 550
80.3 559
80.4 552
80.5 546
80.6 526
80.7 516
80.8 522
80.9 515
81 510
81.1 507
81.2 510
81.3 502
81.4 512
81.5 492
81.6 488
81.7 499
81.8 492
81.9 464
82 447
82.1 422
82.2 405
82.3 391
82.4 376
82.5 375
82.6 381
82.7 390
82.8 392
82.9 386
83 383
83.1 357
83.2 317
83.3 313
83.4 320
83.5 306
83.6 292
83.7 295
83.8 290
83.9 274
84 265
84.1 248
84.2 248
84.3 219
84.4 194
84.5 192
84.6 181
84.7 169
84.8 173
84.9 180
85 203
85.1 206
85.2 216
85.3 186
85.4 159
85.5 170
85.6 174
85.7 180
85.8 110
85.9 48
86 22
86.1 24
86.2 18
86.3 11
86.4 8
86.5 6
86.6 5
86.7 6
86.8 5
86.9 3
87 3
87.1 7
87.2 4
87.3 4
87.4 5
87.5 2
87.6 2
87.7 4
87.8 5
87.9 4
88 3
88.1 5
88.2 11
88.3 8
88.4 6
88.5 5
88.6 5
88.7 7
88.8 4
88.9 8
89 10
89.1 4
89.2 7
89.3 2
89.4 6
89.5 4
89.6 8
89.7 5
89.8 11
89.9 11
90 7
90.1 11
90.2 12
90.3 7
90.4 11
90.5 12
90.6 10
90.7 15
90.8 19
90.9 17
91 18
91.1 8
91.2 15
91.3 15
91.4 24
91.5 14
91.6 15
91.7 22
91.8 19
91.9 21
92 29
92.1 26
92.2 32
92.3 39
92.4 57
92.5 79
92.6 94
92.7 132
92.8 166
92.9 215
93 353
93.1 468
93.2 588
93.3 745
93.4 839
93.5 917
93.6 987
93.7 1077
93.8 1138
93.9 1195
94 1229
94.1 1264
94.2 1301
94.3 1321
94.4 1333
94.5 1336
94.6 1362
94.7 1393
94.8 1396
94.9 1397
95 1418
95.1 1422
95.2 1414
95.3 1426
95.4 1408
95.5 1371
95.6 1354
95.7 1304
95.8 1283
95.9 1264
96 1266
96.1 1273
96.2 1265
96.3 1266
96.4 1253
96.5 1190
96.6 1159
96.7 1135
96.8 1129
96.9 1123
97 1098
97.1 1081
97.2 1054
97.3 1050
97.4 1059
97.5 1030
97.6 997
97.7 986
97.8 979
97.9 964
98 948
98.1 927
98.2 908
98.3 882
98.4 861
98.5 865
98.6 850
98.7 839
98.8 799
98.9 800
99 743
99.1 635
99.2 597
99.3 573
99.4 597
99.5 622
99.6 634
99.7 644
99.8 650
99.9 658
100 658
100.1 661
100.2 652
100.3 622
100.4 624
100.5 611
100.6 615
100.7 629
100.8 631
100.9 625
101 615
101.1 621
101.2 627
101.3 622
101.4 617
101.5 610
101.6 594
101.7 566
101.8 553
101.9 542
102 533
102.1 513
102.2 515
102.3 506
102.4 509
102.5 500
102.6 499
102.7 455
102.8 434
102.9 414
103 387
103.1 363
103.2 351
103.3 326
103.4 321
103.5 317
103.6 278
103.7 262
103.8 257
103.9 259
104 254
104.1 259
104.2 266
104.3 260
104.4 235
104.5 220
104.6 211
104.7 223
104.8 245
104.9 254
105 266
105.1 263
105.2 254
105.3 248
105.4 249
105.5 250
105.6 236
105.7 244
105.8 234
105.9 249
106 242
106.1 225
106.2 205
106.3 196
106.4 193
106.5 208
106.6 206
106.7 211
106.8 224
106.9 229
107 239
107.1 239
107.2 230
107.3 220
107.4 222
107.5 209
107.6 194
107.7 180
107.8 147
107.9 135
108 125
108.1 129
108.2 126
108.3 121
108.4 107
108.5 95
108.6 71
108.7 77
108.8 71
108.9 42
109 29
109.1 30
109.2 22
109.3 19
109.4 5
109.5 4
109.6 5
109.7 5
109.8 4
109.9 2
110 0
110.1 3
110.2 4
110.3 3
110.4 5
110.5 8
110.6 3
110.7 1
110.8 2
110.9 4
111 4
111.1 1
111.2 5
111.3 3
111.4 3
111.5 6
111.6 6
111.7 4
111.8 5
111.9 12
112 8
112.1 8
112.2 6
112.3 4
112.4 9
112.5 7
112.6 5
112.7 4
112.8 3
112.9 5
113 9
113.1 11
113.2 8
113.3 8
113.4 12
113.5 6
113.6 14
113.7 7
113.8 13
113.9 12
114 7
114.1 12
114.2 9
114.3 13
114.4 37
114.5 18
114.6 23
114.7 30
114.8 48
114.9 66
115 98
115.1 138
115.2 170
115.3 260
115.4 386
115.5 495
115.6 582
115.7 671
115.8 739
115.9 798
116 841
116.1 921
116.2 969
116.3 1013
116.4 1054
116.5 1083
116.6 1103
116.7 1095
116.8 1099
116.9 1081
117 1071
117.1 1037
117.2 1054
117.3 1085
117.4 1084
117.5 1090
117.6 1098
117.7 1117
117.8 1115
117.9 1106
118 1098
118.1 1079
118.2 1070
118.3 1083
118.4 1077
118.5 1068
118.6 1061
118.7 1052
118.8 1047
118.9 1046
119 1031
119.1 1034
119.2 1010
119.3 988
119.4 960
119.5 939
119.6 903
119.7 831
119.8 795
119.9 789
120 778
120.1 760
120.2 756
120.3 727
120.4 708
120.5 685
120.6 685
120.7 688
120.8 690
120.9 688
121 665
121.1 640
121.2 638
121.3 622
121.4 601
121.5 611
121.6 617
121.7 583
121.8 557
121.9 554
122 559
122.1 569
122.2 575
122.3 579
122.4 571
122.5 559
122.6 560
122.7 563
122.8 556
122.9 556
123 531
123.1 518
123.2 494
123.3 490
123.4 494
123.5 456
123.6 459
123.7 440
123.8 409
123.9 385
124 394
124.1 407
124.2 425
124.3 419
124.4 412
124.5 404
124.6 404
124.7 391
124.8 400
124.9 410
125 412
125.1 408
125.2 403
125.3 398
125.4 406
125.5 388
125.6 363
125.7 353
125.8 349
125.9 345
126 349
126.1 356
126.2 335
126.3 337
126.4 351
126.5 359
126.6 360
126.7 349
126.8 332
126.9 318
127 317
127.1 304
127.2 298
127.3 282
127.4 256
127.5 250
127.6 252
127.7 228
127.8 250
127.9 254
128 238
128.1 223
128.2 221
128.3 211
128.4 189
128.5 173
128.6 182
128.7 192
128.8 202
128.9 196
129 187
129.1 177
129.2 167
129.3 144
129.4 138
129.5 115
129.6 92
129.7 102
129.8 106
129.9 116
130 129
130.1 127
130.2 122
130.3 126
130.4 147
130.5 154
130.6 160
130.7 151
130.8 162
130.9 157
131 167
131.1 172
131.2 188
131.3 193
131.4 199
131.5 208
131.6 192
131.7 181
131.8 200
131.9 195
132 193
132.1 170
132.2 153
132.3 143
132.4 141
132.5 136
132.6 117
132.7 80
132.8 49
132.9 52
133 67
133.1 90
133.2 90
133.3 102
133.4 107
133.5 100
133.6 121
133.7 123
133.8 141
133.9 108
134 40
134.1 18
134.2 12
134.3 15
134.4 8
134.5 3
134.6 7
134.7 4
134.8 9
134.9 6
135 4
135.1 2
135.2 5
135.3 8
135.4 9
135.5 4
135.6 2
135.7 4
135.8 3
135.9 3
136 3
136.1 7
136.2 4
136.3 4
136.4 8
136.5 5
136.6 7
136.7 8
136.8 8
136.9 9
137 7
137.1 5
137.2 4
137.3 9
137.4 8
137.5 4
137.6 5
137.7 12
137.8 12
137.9 15
138 13
138.1 16
138.2 20
138.3 24
138.4 18
138.5 13
138.6 14
138.7 13
138.8 23
138.9 20
139 29
139.1 25
139.2 39
139.3 44
139.4 61
139.5 69
139.6 76
139.7 98
139.8 161
139.9 289
140 420
140.1 521
140.2 627
140.3 718
140.4 793
140.5 855
140.6 934
140.7 990
140.8 1039
140.9 1102
141 1121
141.1 1105
141.2 1139
141.3 1167
141.4 1174
141.5 1158
141.6 1177
141.7 1180
141.8 1187
141.9 1198
142 1194
142.1 1187
142.2 1166
142.3 1179
142.4 1183
142.5 1204
142.6 1194
142.7 1183
142.8 1190
142.9 1193
143 1175
143.1 1166
143.2 1167
143.3 1151
143.4 1153
143.5 1144
143.6 1131
143.7 1017
143.8 955
143.9 939
144 912
144.1 903
144.2 891
144.3 865
144.4 869
144.5 872
144.6 864
144.7 862
144.8 829
144.9 773
145 747
145.1 731
145.2 754
145.3 770
145.4 766
145.5 777
145.6 781
145.7 797
145.8 799
145.9 765
146 645
146.1 578
146.2 582
146.3 604
146.4 609
146.5 608
146.6 594
146.7 590
146.8 602
146.9 578
147 598
147.1 619
147.2 612
147.3 618
147.4 607
147.5 605
147.6 590
147.7 571
147.8 559
147.9 555
148 555
148.1 558
148.2 550
148.3 541
148.4 550
148.5 556
148.6 572
148.7 578
148.8 572
148.9 545
149 508
149.1 486
149.2 478
149.3 477
149.4 484
149.5 490
149.6 486
149.7 505
149.8 495
149.9 480
150 458
150.1 421
150.2 408
150.3 389
150.4 389
150.5 377
150.6 373
150.7 367
150.8 312
150.9 180
151 131
151.1 122
151.2 130
151.3 147
151.4 158
151.5 133
151.6 124
151.7 142
151.8 141
151.9 156
152 164
152.1 154
152.2 163
152.3 175
152.4 202
152.5 220
152.6 238
152.7 248
152.8 190
152.9 189
153 177
153.1 174
153.2 176
153.3 193
153.4 217
153.5 217
153.6 159
153.7 78
153.8 40
153.9 39
154 22
154.1 16
154.2 19
154.3 9
154.4 11
154.5 14
154.6 15
154.7 13
154.8 9
154.9 7
155 3
155.1 9
155.2 5
155.3 10
155.4 3
155.5 6
155.6 4
155.7 1
155.8 4
155.9 4
156 7
156.1 8
156.2 7
156.3 6
156.4 4
156.5 7
156.6 10
156.7 12
156.8 13
156.9 12
157 10
157.1 14
157.2 10
157.3 11
157.4 12
157.5 17
157.6 16
157.7 11
157.8 20
157.9 24
158 19
158.1 22
158.2 28
158.3 31
158.4 40
158.5 76
158.6 78
158.7 111
158.8 197
158.9 328
159 338
159.1 359
159.2 435
159.3 427
159.4 411
159.5 436
159.6 502
159.7 608
159.8 672
159.9 739
160 784
160.1 833
160.2 918
160.3 948
160.4 990
160.5 1048
160.6 1073
160.7 1097
160.8 1118
160.9 1142
161 1140
161.1 1151
161.2 1161
161.3 1164
161.4 1191
161.5 1217
161.6 1224
161.7 1223
161.8 1195
161.9 1186
162 1173
162.1 1167
162.2 1158
162.3 1153
162.4 1145
162.5 1119
162.6 1116
162.7 1095
162.8 1072
162.9 1063
163 1047
163.1 1021
163.2 1024
163.3 997
163.4 982
163.5 952
163.6 943
163.7 920
163.8 901
163.9 875
164 882
164.1 884
164.2 876
164.3 864
164.4 836
164.5 830
164.6 836
164.7 849
164.8 840
164.9 827
165 812
165.1 806
165.2 783
165.3 771
165.4 743
165.5 717
165.6 692
165.7 692
165.8 684
165.9 656
166 650
166.1 643
166.2 638
166.3 616
166.4 615
166.5 599
166.6 559
166.7 537
166.8 505
166.9 502
167 502
167.1 486
167.2 485
167.3 476
167.4 474
167.5 457
167.6 369
167.7 270
167.8 226
167.9 205
168 183
168.1 204
168.2 233
168.3 253
168.4 284
168.5 306
168.6 306
168.7 331
168.8 341
168.9 351
169 355
169.1 370
169.2 389
169.3 402
169.4 392
169.5 371
169.6 387
169.7 388
169.8 392
169.9 394
170 405
170.1 407
170.2 402
170.3 384
170.4 367
170.5 371
170.6 355
170.7 335
170.8 319
170.9 299
171 252
171.1 164
171.2 142
171.3 116
171.4 88
171.5 84
171.6 75
171.7 37
171.8 27
171.9 23
172 43
172.1 55
172.2 31
172.3 34
172.4 27
172.5 18
172.6 7
172.7 8
172.8 15
172.9 8
173 6
173.1 5
173.2 5
173.3 4
173.4 9
173.5 3
173.6 6
173.7 8
173.8 7
173.9 4
174 16
174.1 3
174.2 2
174.3 3
174.4 6
174.5 3
174.6 2
174.7 5
174.8 4
174.9 8
175 6
175.1 6
175.2 5
175.3 5
175.4 8
175.5 7
175.6 8
175.7 5
175.8 11
175.9 7
176 8
176.1 13
176.2 8
176.3 9
176.4 8
176.5 9
176.6 14
176.7 13
176.8 18
176.9 16
177 16
177.1 29
177.2 31
177.3 27
177.4 25
177.5 31
177.6 23
177.7 31
177.8 45
177.9 43
178 60
178.1 61
178.2 92
178.3 159
178.4 281
178.5 397
178.6 499
178.7 623
178.8 733
178.9 826
179 885
179.1 925
179.2 988
179.3 1029
179.4 1065
179.5 1102
179.6 1156
179.7 1173
179.8 1183
179.9 1186
180 1214
180.1 1220
180.2 1249
180.3 1270
180.4 1245
180.5 1233
180.6 1207
180.7 1202
180.8 1195
180.9 1202
181 1203
181.1 1206
181.2 1206
181.3 1205
181.4 1204
181.5 1189
181.6 1172
181.7 1155
181.8 1147
181.9 1101
182 1058
182.1 1049
182.2 1057
182.3 1038
182.4 1023
182.5 1006
182.6 990
182.7 979
182.8 952
182.9 956
183 958
183.1 931
183.2 920
183.3 901
183.4 887
183.5 884
183.6 874
183.7 863
183.8 860
183.9 864
184 850
184.1 845
184.2 859
184.3 832
184.4 835
184.5 831
184.6 818
184.7 810
184.8 801
184.9 798
185 793
185.1 763
185.2 740
185.3 709
185.4 699
185.5 661
185.6 635
185.7 631
185.8 627
185.9 616
186 601
186.1 580
186.2 574
186.3 566
186.4 555
186.5 555
186.6 555
186.7 539
186.8 514
186.9 493
187 478
187.1 458
187.2 463
187.3 458
187.4 454
187.5 453
187.6 446
187.7 436
187.8 437
187.9 424
188 416
188.1 409
188.2 393
188.3 369
188.4 360
188.5 347
188.6 359
188.7 349
188.8 333
188.9 320
189 280
189.1 257
189.2 248
189.3 237
189.4 249
189.5 248
189.6 227
189.7 238
189.8 243
189.9 248
190 216
190.1 212
190.2 222
190.3 229
190.4 223
190.5 229
190.6 226
190.7 215
190.8 204
190.9 199
191 171
191.1 145
191.2 138
191.3 122
191.4 87
191.5 64
191.6 74
191.7 82
191.8 99
191.9 112
192 124
192.1 148
192.2 148
192.3 164
192.4 168
192.5 139
192.6 124
192.7 131
192.8 140
192.9 138
193 157
193.1 179
193.2 194
193.3 189
193.4 183
193.5 167
193.6 164
193.7 176
193.8 175
193.9 177
194 167
194.1 142
194.2 139
194.3 152
194.4 158
194.5 148
194.6 122
194.7 55
194.8 20
194.9 13
195 9
195.1 5
195.2 4
195.3 6
195.4 4
195.5 4
195.6 3
195.7 2
195.8 9
195.9 2
196 0
196.1 5
196.2 2
196.3 3
196.4 1
196.5 4
196.6 3
196.7 4
196.8 3
196.9 2
197 8
197.1 7
197.2 5
197.3 3
197.4 7
197.5 3
197.6 9
197.7 5
197.8 3
197.9 6
198 5
198.1 8
198.2 6
198.3 12
198.4 9
198.5 13
198.6 4
198.7 8
198.8 13
198.9 11
199 13
199.1 6
199.2 9
199.3 14
199.4 11
199.5 6
199.6 7
199.7 10
199.8 12
199.9 10
200 13
