0 0
0.1 13
0.2 27
0.3 52
0.4 71
0.5 123
0.6 219
0.7 296
0.8 339
0.9 394
1 493
1.1 582
1.2 717
1.3 836
1.4 963
1.5 1030
1.6 1098
1.7 1150
1.8 1210
1.9 1268
2 1315
2.1 1335
2.2 1355
2.3 1382
2.4 1356
2.5 1298
2.6 1333
2.7 1362
2.8 1371
2.9 1379
3 1392
3.1 1404
3.2 1438
3.3 1451
3.4 1488
3.5 1482
3.6 1435
3.7 1482
3.8 1444
3.9 1441
4 1376
4.1 1279
4.2 1271
4.3 1287
4.4 1349
4.5 1345
4.6 1274
4.7 1223
4.8 1161
4.9 1080
5 1011
5.1 1025
5.2 970
5.3 970
5.4 991
5.5 901
5.6 827
5.7 778
5.8 687
5.9 662
6 609
6.1 584
6.2 527
6.3 448
6.4 334
6.5 293
6.6 192
6.7 148
6.8 87
6.9 111
7 85
7.1 38
7.2 16
7.3 11
7.4 12
7.5 3
7.6 2
7.7 0
7.8 4
7.9 8
8 2
8.1 2
8.2 1
8.3 2
8.4 2
8.5 0
8.6 3
8.7 0
8.8 1
8.9 1
9 3
9.1 1
9.2 1
9.3 2
9.4 2
9.5 0
9.6 2
9.7 3
9.8 1
9.9 1
10 2
10.1 1
10.2 2
10.3 1
10.4 3
10.5 1
10.6 1
10.7 0
10.8 3
10.9 0
11 3
11.1 1
11.2 1
11.3 3
11.4 4
11.5 1
11.6 1
11.7 3
11.8 2
11.9 0
12 0
12.1 0
12.2 2
12.3 0
12.4 1
12.5 4
12.6 13
12.7 23
12.8 17
12.9 4
13 3
13.1 1
13.2 0
13.3 3
13.4 7
13.5 2
13.6 1
13.7 2
13.8 7
13.9 0
14 2
14.1 3
14.2 2
14.3 3
14.4 2
14.5 1
14.6 0
14.7 2
14.8 1
14.9 3
15 4
15.1 6
15.2 8
15.3 4
15.4 2
15.5 6
15.6 8
15.7 3
15.8 4
15.9 10
16 10
16.1 26
16.2 15
16.3 13
16.4 8
16.5 7
16.6 27
16.7 21
16.8 26
16.9 43
17 56
17.1 57
17.2 138
17.3 133
17.4 124
17.5 174
17.6 190
17.7 184
17.8 272
17.9 343
18 374
18.1 354
18.2 389
18.3 434
18.4 482
18.5 475
18.6 500
18.7 558
18.8 616
18.9 597
19 607
19.1 665
19.2 656
19.3 626
19.4 629
19.5 658
19.6 618
19.7 514
19.8 442
19.9 416
20 399
20.1 340
20.2 317
20.3 289
20.4 327
20.5 359
20.6 386
20.7 415
20.8 500
20.9 587
21 618
21.1 622
21.2 677
21.3 710
21.4 752
21.5 763
21.6 695
21.7 648
21.8 587
21.9 565
22 544
22.1 527
22.2 458
22.3 449
22.4 406
22.5 340
22.6 323
22.7 335
22.8 312
22.9 268
23 176
23.1 123
23.2 105
23.3 106
23.4 80
23.5 33
23.6 13
23.7 4
23.8 3
23.9 1
24 5
24.1 6
24.2 1
24.3 2
24.4 5
24.5 1
24.6 0
24.7 2
24.8 0
24.9 1
25 1
25.1 2
25.2 1
25.3 1
25.4 0
25.5 2
25.6 2
25.7 0
25.8 4
25.9 4
26 3
26.1 2
26.2 3
26.3 3
26.4 0
26.5 2
26.6 0
26.7 2
26.8 2
26.9 0
27 6
27.1 3
27.2 2
27.3 1
27.4 1
27.5 2
27.6 1
27.7 2
27.8 4
27.9 1
28 3
28.1 4
28.2 6
28.3 2
28.4 2
28.5 2
28.6 2
28.7 4
28.8 3
28.9 1
29 1
29.1 4
29.2 4
29.3 5
29.4 1
29.5 2
29.6 1
29.7 1
29.8 3
29.9 1
30 3
30.1 7
30.2 1
30.3 4
30.4 7
30.5 5
30.6 4
30.7 3
30.8 1
30.9 5
31 7
31.1 10
31.2 4
31.3 4
31.4 3
31.5 8
31.6 3
31.7 5
31.8 7
31.9 5
32 2
32.1 4
32.2 3
32.3 2
32.4 3
32.5 1
32.6 0
32.7 3
32.8 4
32.9 0
33 11
33.1 9
33.2 6
33.3 8
33.4 5
33.5 7
33.6 3
33.7 1
33.8 4
33.9 11
34 5
34.1 4
34.2 10
34.3 16
34.4 12
34.5 12
34.6 15
34.7 16
34.8 15
34.9 37
35 19
35.1 18
35.2 14
35.3 20
35.4 11
35.5 32
35.6 46
35.7 55
35.8 60
35.9 71
36 145
36.1 172
36.2 234
36.3 272
36.4 282
36.5 351
36.6 444
36.7 530
36.8 581
36.9 561
37 550
37.1 596
37.2 648
37.3 647
37.4 708
37.5 768
37.6 812
37.7 842
37.8 834
37.9 819
38 810
38.1 763
38.2 811
38.3 808
38.4 796
38.5 833
38.6 935
38.7 1000
38.8 1081
38.9 1098
39 1087
39.1 1066
39.2 1014
39.3 947
39.4 948
39.5 969
39.6 930
39.7 876
39.8 943
39.9 960
40 935
40.1 922
40.2 887
40.3 869
40.4 862
40.5 848
40.6 866
40.7 885
40.8 869
40.9 842
41 872
41.1 841
41.2 812
41.3 789
41.4 696
41.5 668
41.6 608
41.7 515
41.8 454
41.9 374
42 244
42.1 154
42.2 56
42.3 45
42.4 34
42.5 14
42.6 8
42.7 9
42.8 2
42.9 7
43 1
43.1 1
43.2 0
43.3 4
43.4 1
43.5 0
43.6 0
43.7 3
43.8 0
43.9 1
44 2
44.1 0
44.2 2
44.3 2
44.4 3
44.5 1
44.6 0
44.7 0
44.8 0
44.9 1
45 2
45.1 0
45.2 3
45.3 1
45.4 2
45.5 1
45.6 2
45.7 0
45.8 0
45.9 0
46 2
46.1 0
46.2 3
46.3 2
46.4 1
46.5 1
46.6 2
46.7 3
46.8 0
46.9 3
47 3
47.1 1
47.2 2
47.3 1
47.4 4
47.5 3
47.6 6
47.7 2
47.8 1
47.9 2
48 3
48.1 2
48.2 4
48.3 1
48.4 6
48.5 3
48.6 2
48.7 1
48.8 5
48.9 3
49 0
49.1 0
49.2 0
49.3 0
49.4 4
49.5 0
49.6 4
49.7 4
49.8 5
49.9 5
50 0
50.1 5
50.2 1
50.3 1
50.4 1
50.5 0
50.6 2
50.7 3
50.8 3
50.9 3
51 10
51.1 7
51.2 4
51.3 2
51.4 2
51.5 1
51.6 7
51.7 6
51.8 7
51.9 2
52 7
52.1 3
52.2 1
52.3 0
52.4 4
52.5 2
52.6 3
52.7 1
52.8 3
52.9 3
53 8
53.1 3
53.2 2
53.3 11
53.4 4
53.5 7
53.6 5
53.7 7
53.8 4
53.9 4
54 5
54.1 5
54.2 2
54.3 14
54.4 8
54.5 7
54.6 4
54.7 47
54.8 119
54.9 211
55 317
55.1 350
55.2 402
55.3 426
55.4 479
55.5 504
55.6 582
55.7 627
55.8 655
55.9 692
56 780
56.1 866
56.2 940
56.3 993
56.4 995
56.5 1048
56.6 1110
56.7 1129
56.8 1163
56.9 1212
57 1269
57.1 1287
57.2 1314
57.3 1344
57.4 1323
57.5 1337
57.6 1317
57.7 1306
57.8 1259
57.9 1245
58 1212
58.1 1232
58.2 1195
58.3 1234
58.4 1246
58.5 1267
58.6 1203
58.7 1150
58.8 1146
58.9 1193
59 1218
59.1 1175
59.2 1099
59.3 1025
59.4 978
59.5 935
59.6 912
59.7 852
59.8 856
59.9 816
60 807
60.1 809
60.2 792
60.3 760
60.4 717
60.5 663
60.6 651
60.7 650
60.8 592
60.9 479
61 423
61.1 324
61.2 245
61.3 149
61.4 148
61.5 89
61.6 63
61.7 56
61.8 40
61.9 14
62 3
62.1 2
62.2 2
62.3 2
62.4 2
62.5 1
62.6 3
62.7 5
62.8 3
62.9 0
63 1
63.1 2
63.2 2
63.3 3
63.4 0
63.5 0
63.6 2
63.7 1
63.8 1
63.9 3
64 3
64.1 0
64.2 2
64.3 3
64.4 1
64.5 0
64.6 1
64.7 2
64.8 4
64.9 1
65 2
65.1 1
65.2 1
65.3 0
65.4 1
65.5 0
65.6 2
65.7 2
65.8 0
65.9 1
66 0
66.1 0
66.2 0
66.3 2
66.4 1
66.5 0
66.6 1
66.7 0
66.8 1
66.9 1
67 1
67.1 1
67.2 1
67.3 0
67.4 0
67.5 3
67.6 0
67.7 0
67.8 3
67.9 1
68 0
68.1 4
68.2 0
68.3 1
68.4 2
68.5 1
68.6 8
68.7 5
68.8 7
68.9 0
69 2
69.1 2
69.2 1
69.3 11
69.4 2
69.5 2
69.6 10
69.7 3
69.8 7
69.9 4
70 1
70.1 3
70.2 3
70.3 1
70.4 3
70.5 4
70.6 0
70.7 0
70.8 0
70.9 2
71 2
71.1 3
71.2 5
71.3 5
71.4 5
71.5 5
71.6 3
71.7 2
71.8 2
71.9 3
72 3
72.1 4
72.2 7
72.3 5
72.4 2
72.5 2
72.6 5
72.7 1
72.8 1
72.9 4
73 6
73.1 4
73.2 28
73.3 19
73.4 9
73.5 2
73.6 4
73.7 1
73.8 4
73.9 8
74 5
74.1 3
74.2 2
74.3 7
74.4 7
74.5 5
74.6 6
74.7 6
74.8 8
74.9 7
75 11
75.1 12
75.2 17
75.3 9
75.4 13
75.5 9
75.6 10
75.7 4
75.8 34
75.9 18
76 43
76.1 116
76.2 216
76.3 334
76.4 450
76.5 512
76.6 580
76.7 663
76.8 816
76.9 966
77 1009
77.1 1109
77.2 1184
77.3 1214
77.4 1269
77.5 1293
77.6 1362
77.7 1432
77.8 1462
77.9 1523
78 1503
78.1 1425
78.2 1414
78.3 1394
78.4 1357
78.5 1331
78.6 1354
78.7 1372
78.8 1388
78.9 1409
79 1379
79.1 1415
79.2 1431
79.3 1346
79.4 1301
79.5 1305
79.6 1246
79.7 1232
79.8 1213
79.9 1246
80 1240
80.1 1162
80.2 1081
80.3 991
80.4 979
80.5 998
80.6 1012
80.7 1001
80.8 991
80.9 981
81 961
81.1 853
81.2 819
81.3 755
81.4 692
81.5 593
81.6 510
81.7 406
81.8 358
81.9 348
82 303
82.1 232
82.2 157
82.3 85
82.4 78
82.5 61
82.6 43
82.7 20
82.8 10
82.9 5
83 2
83.1 3
83.2 0
83.3 1
83.4 1
83.5 3
83.6 2
83.7 1
83.8 3
83.9 2
84 0
84.1 1
84.2 0
84.3 2
84.4 2
84.5 5
84.6 1
84.7 1
84.8 2
84.9 0
85 4
85.1 2
85.2 6
85.3 2
85.4 1
85.5 2
85.6 3
85.7 1
85.8 1
85.9 3
86 2
86.1 0
86.2 4
86.3 2
86.4 2
86.5 1
86.6 2
86.7 0
86.8 1
86.9 2
87 1
87.1 3
87.2 3
87.3 3
87.4 0
87.5 1
87.6 0
87.7 1
87.8 2
87.9 2
88 4
88.1 9
88.2 3
88.3 3
88.4 2
88.5 2
88.6 0
88.7 3
88.8 2
88.9 2
89 4
89.1 1
89.2 2
89.3 0
89.4 4
89.5 1
89.6 1
89.7 1
89.8 0
89.9 2
90 6
90.1 5
90.2 5
90.3 4
90.4 2
90.5 3
90.6 0
90.7 5
90.8 1
90.9 15
91 11
91.1 4
91.2 1
91.3 2
91.4 2
91.5 0
91.6 1
91.7 2
91.8 1
91.9 6
92 6
92.1 2
92.2 3
92.3 5
92.4 4
92.5 6
92.6 5
92.7 6
92.8 1
92.9 1
93 2
93.1 12
93.2 8
93.3 2
93.4 4
93.5 6
93.6 5
93.7 5
93.8 6
93.9 2
94 5
94.1 5
94.2 7
94.3 0
94.4 6
94.5 8
94.6 8
94.7 7
94.8 6
94.9 2
95 5
95.1 0
95.2 8
95.3 13
95.4 13
95.5 5
95.6 5
95.7 7
95.8 11
95.9 8
96 5
96.1 6
96.2 7
96.3 1
96.4 4
96.5 5
96.6 10
96.7 8
96.8 9
96.9 8
97 9
97.1 11
97.2 8
97.3 2
97.4 10
97.5 10
97.6 5
97.7 11
97.8 11
97.9 10
98 16
98.1 14
98.2 10
98.3 14
98.4 8
98.5 8
98.6 10
98.7 3
98.8 6
98.9 9
99 33
99.1 37
99.2 34
99.3 61
99.4 109
99.5 188
99.6 322
99.7 415
99.8 498
99.9 555
100 560
100.1 537
100.2 606
100.3 628
100.4 664
100.5 746
100.6 791
100.7 891
100.8 1003
100.9 1099
101 1163
101.1 1245
101.2 1281
101.3 1268
101.4 1348
101.5 1341
101.6 1350
101.7 1370
101.8 1375
101.9 1371
102 1436
102.1 1383
102.2 1385
102.3 1348
102.4 1333
102.5 1324
102.6 1315
102.7 1330
102.8 1259
102.9 1291
103 1239
103.1 1205
103.2 1172
103.3 1147
103.4 1109
103.5 1027
103.6 1034
103.7 972
103.8 960
103.9 893
104 869
104.1 864
104.2 858
104.3 822
104.4 829
104.5 846
104.6 808
104.7 764
104.8 723
104.9 693
105 698
105.1 668
105.2 674
105.3 632
105.4 582
105.5 517
105.6 464
105.7 445
105.8 402
105.9 362
106 306
106.1 262
106.2 196
106.3 198
106.4 188
106.5 171
106.6 67
106.7 24
106.8 9
106.9 5
107 2
107.1 3
107.2 2
107.3 0
107.4 3
107.5 0
107.6 1
107.7 0
107.8 1
107.9 4
108 0
108.1 0
108.2 2
108.3 0
108.4 0
108.5 0
108.6 1
108.7 1
108.8 2
108.9 0
109 1
109.1 1
109.2 8
109.3 0
109.4 2
109.5 1
109.6 0
109.7 0
109.8 0
109.9 0
110 2
110.1 1
110.2 1
110.3 1
110.4 1
110.5 2
110.6 1
110.7 3
110.8 2
110.9 1
111 2
111.1 0
111.2 3
111.3 3
111.4 0
111.5 0
111.6 2
111.7 4
111.8 2
111.9 2
112 1
112.1 1
112.2 0
112.3 3
112.4 8
112.5 9
112.6 6
112.7 7
112.8 2
112.9 3
113 2
113.1 1
113.2 1
113.3 3
113.4 1
113.5 1
113.6 1
113.7 3
113.8 1
113.9 2
114 1
114.1 4
114.2 1
114.3 1
114.4 7
114.5 15
114.6 12
114.7 1
114.8 3
114.9 1
115 2
115.1 5
115.2 0
115.3 0
115.4 4
115.5 2
115.6 0
115.7 3
115.8 4
115.9 2
116 6
116.1 9
116.2 0
116.3 5
116.4 2
116.5 2
116.6 2
116.7 5
116.8 1
116.9 4
117 1
117.1 4
117.2 5
117.3 4
117.4 6
117.5 7
117.6 4
117.7 8
117.8 2
117.9 3
118 2
118.1 0
118.2 7
118.3 9
118.4 3
118.5 0
118.6 9
118.7 10
118.8 8
118.9 9
119 10
119.1 12
119.2 11
119.3 2
119.4 5
119.5 2
119.6 7
119.7 7
119.8 4
119.9 1
120 6
120.1 3
120.2 0
120.3 9
120.4 4
120.5 13
120.6 7
120.7 8
120.8 2
120.9 7
121 14
121.1 7
121.2 6
121.3 13
121.4 34
121.5 33
121.6 43
121.7 23
121.8 25
121.9 33
122 13
122.1 15
122.2 6
122.3 5
122.4 1
122.5 13
122.6 6
122.7 5
122.8 4
122.9 7
123 12
123.1 17
123.2 15
123.3 17
123.4 13
123.5 5
123.6 8
123.7 38
123.8 34
123.9 71
124 88
124.1 150
124.2 205
124.3 217
124.4 310
124.5 335
124.6 292
124.7 272
124.8 270
124.9 351
125 425
125.1 423
125.2 454
125.3 502
125.4 533
125.5 580
125.6 657
125.7 718
125.8 690
125.9 677
126 661
126.1 676
126.2 639
126.3 612
126.4 621
126.5 636
126.6 689
126.7 708
126.8 724
126.9 649
127 574
127.1 515
127.2 516
127.3 475
127.4 472
127.5 499
127.6 512
127.7 493
127.8 502
127.9 453
128 505
128.1 533
128.2 488
128.3 496
128.4 524
128.5 553
128.6 531
128.7 480
128.8 429
128.9 334
129 243
129.1 154
129.2 88
129.3 78
129.4 26
129.5 29
129.6 15
129.7 4
129.8 3
129.9 6
130 3
130.1 0
130.2 1
130.3 2
130.4 1
130.5 0
130.6 2
130.7 1
130.8 0
130.9 1
131 1
131.1 1
131.2 2
131.3 1
131.4 6
131.5 2
131.6 1
131.7 0
131.8 6
131.9 3
132 1
132.1 0
132.2 0
132.3 2
132.4 3
132.5 3
132.6 3
132.7 3
132.8 4
132.9 3
133 3
133.1 4
133.2 2
133.3 2
133.4 1
133.5 0
133.6 1
133.7 1
133.8 2
133.9 1
134 6
134.1 7
134.2 4
134.3 2
134.4 2
134.5 6
134.6 2
134.7 4
134.8 2
134.9 3
135 0
135.1 2
135.2 0
135.3 0
135.4 0
135.5 2
135.6 6
135.7 2
135.8 1
135.9 0
136 1
136.1 6
136.2 3
136.3 2
136.4 3
136.5 4
136.6 5
136.7 4
136.8 0
136.9 2
137 2
137.1 0
137.2 3
137.3 3
137.4 6
137.5 2
137.6 2
137.7 1
137.8 2
137.9 1
138 3
138.1 3
138.2 2
138.3 1
138.4 6
138.5 2
138.6 2
138.7 10
138.8 25
138.9 30
139 28
139.1 13
139.2 7
139.3 5
139.4 8
139.5 6
139.6 9
139.7 6
139.8 13
139.9 5
140 3
140.1 7
140.2 4
140.3 3
140.4 2
140.5 15
140.6 30
140.7 24
140.8 14
140.9 20
141 8
141.1 7
141.2 6
141.3 10
141.4 11
141.5 6
141.6 5
141.7 9
141.8 5
141.9 26
142 15
142.1 6
142.2 8
142.3 6
142.4 8
142.5 15
142.6 22
142.7 12
142.8 9
142.9 8
143 5
143.1 5
143.2 10
143.3 10
143.4 12
143.5 4
143.6 11
143.7 11
143.8 21
143.9 8
144 2
144.1 7
144.2 4
144.3 11
144.4 8
144.5 14
144.6 4
144.7 4
144.8 14
144.9 8
145 6
145.1 12
145.2 9
145.3 5
145.4 0
145.5 3
145.6 8
145.7 10
145.8 7
145.9 7
146 10
146.1 8
146.2 4
146.3 9
146.4 9
146.5 10
146.6 6
146.7 6
146.8 0
146.9 4
147 6
147.1 6
147.2 9
147.3 13
147.4 8
147.5 10
147.6 10
147.7 8
147.8 8
147.9 21
148 43
148.1 44
148.2 40
148.3 20
148.4 30
148.5 29
148.6 35
148.7 28
148.8 67
148.9 55
149 70
149.1 47
149.2 38
149.3 28
149.4 27
149.5 38
149.6 44
149.7 40
149.8 37
149.9 79
150 107
150.1 159
150.2 194
150.3 195
150.4 221
150.5 263
150.6 315
150.7 393
150.8 506
150.9 575
151 666
151.1 739
151.2 815
151.3 916
151.4 969
151.5 1070
151.6 1153
151.7 1194
151.8 1195
151.9 1171
152 1210
152.1 1279
152.2 1264
152.3 1270
152.4 1271
152.5 1240
152.6 1296
152.7 1268
152.8 1232
152.9 1249
153 1271
153.1 1291
153.2 1333
153.3 1379
153.4 1351
153.5 1369
153.6 1327
153.7 1339
153.8 1293
153.9 1299
154 1352
154.1 1296
154.2 1217
154.3 1143
154.4 1076
154.5 1023
154.6 1005
154.7 1017
154.8 1020
154.9 1023
155 988
155.1 924
155.2 840
155.3 719
155.4 673
155.5 594
155.6 465
155.7 404
155.8 301
155.9 264
156 237
156.1 246
156.2 220
156.3 207
156.4 184
156.5 180
156.6 142
156.7 104
156.8 40
156.9 16
157 6
157.1 2
157.2 1
157.3 1
157.4 0
157.5 2
157.6 1
157.7 2
157.8 0
157.9 0
158 0
158.1 3
158.2 1
158.3 2
158.4 0
158.5 1
158.6 3
158.7 1
158.8 4
158.9 1
159 0
159.1 0
159.2 1
159.3 0
159.4 0
159.5 0
159.6 0
159.7 1
159.8 1
159.9 3
160 2
160.1 3
160.2 0
160.3 0
160.4 0
160.5 0
160.6 1
160.7 3
160.8 0
160.9 0
161 0
161.1 3
161.2 1
161.3 1
161.4 1
161.5 3
161.6 4
161.7 4
161.8 1
161.9 1
162 2
162.1 2
162.2 0
162.3 1
162.4 1
162.5 0
162.6 2
162.7 0
162.8 2
162.9 5
163 1
163.1 2
163.2 1
163.3 2
163.4 1
163.5 1
163.6 2
163.7 4
163.8 3
163.9 2
164 5
164.1 6
164.2 5
164.3 3
164.4 2
164.5 4
164.6 4
164.7 0
164.8 2
164.9 6
165 11
165.1 5
165.2 0
165.3 5
165.4 2
165.5 2
165.6 3
165.7 10
165.8 6
165.9 5
166 8
166.1 2
166.2 2
166.3 4
166.4 2
166.5 4
166.6 8
166.7 1
166.8 9
166.9 5
167 1
167.1 0
167.2 3
167.3 3
167.4 5
167.5 0
167.6 3
167.7 2
167.8 25
167.9 21
168 12
168.1 12
168.2 11
168.3 10
168.4 5
168.5 16
168.6 10
168.7 7
168.8 3
168.9 9
169 22
169.1 7
169.2 6
169.3 8
169.4 10
169.5 11
169.6 9
169.7 2
169.8 5
169.9 7
170 4
170.1 19
170.2 15
170.3 10
170.4 7
170.5 7
170.6 29
170.7 16
170.8 21
170.9 33
171 19
171.1 13
171.2 9
171.3 5
171.4 12
171.5 23
171.6 19
171.7 15
171.8 30
171.9 74
172 54
172.1 48
172.2 32
172.3 29
172.4 34
172.5 18
172.6 5
172.7 11
172.8 37
172.9 53
173 54
173.1 47
173.2 39
173.3 51
173.4 40
173.5 46
173.6 33
173.7 61
173.8 97
173.9 180
174 173
174.1 192
174.2 255
174.3 282
174.4 303
174.5 395
174.6 452
174.7 484
174.8 604
174.9 635
175 683
175.1 718
175.2 771
175.3 851
175.4 909
175.5 942
175.6 915
175.7 946
175.8 991
175.9 1029
176 1057
176.1 1052
176.2 1045
176.3 1052
176.4 1054
176.5 1045
176.6 1111
176.7 1201
176.8 1198
176.9 1189
177 1191
177.1 1117
177.2 1063
177.3 982
177.4 988
177.5 965
177.6 918
177.7 913
177.8 817
177.9 763
178 726
178.1 724
178.2 732
178.3 766
178.4 745
178.5 784
178.6 795
178.7 761
178.8 674
178.9 578
179 539
179.1 437
179.2 406
179.3 435
179.4 412
179.5 342
179.6 297
179.7 266
179.8 271
179.9 266
180 206
180.1 168
180.2 96
180.3 68
180.4 50
180.5 21
180.6 8
180.7 6
180.8 8
180.9 4
181 0
181.1 0
181.2 2
181.3 0
181.4 1
181.5 4
181.6 0
181.7 3
181.8 2
181.9 1
182 2
182.1 12
182.2 6
182.3 2
182.4 1
182.5 2
182.6 0
182.7 0
182.8 0
182.9 1
183 1
183.1 1
183.2 0
183.3 0
183.4 0
183.5 2
183.6 0
183.7 0
183.8 0
183.9 1
184 2
184.1 0
184.2 1
184.3 5
184.4 1
184.5 1
184.6 3
184.7 1
184.8 3
184.9 1
185 2
185.1 1
185.2 0
185.3 2
185.4 2
185.5 7
185.6 6
185.7 5
185.8 7
185.9 1
186 3
186.1 1
186.2 2
186.3 1
186.4 2
186.5 2
186.6 1
186.7 2
186.8 2
186.9 3
187 2
187.1 1
187.2 0
187.3 2
187.4 2
187.5 5
187.6 2
187.7 1
187.8 2
187.9 7
188 8
188.1 2
188.2 1
188.3 3
188.4 7
188.5 7
188.6 1
188.7 0
188.8 1
188.9 0
189 5
189.1 4
189.2 2
189.3 1
189.4 3
189.5 3
189.6 12
189.7 4
189.8 1
189.9 2
190 7
190.1 2
190.2 8
190.3 1
190.4 4
190.5 26
190.6 12
190.7 9
190.8 1
190.9 4
191 7
191.1 3
191.2 1
191.3 3
191.4 4
191.5 8
191.6 12
191.7 4
191.8 6
191.9 4
192 15
192.1 4
192.2 20
192.3 31
192.4 17
192.5 18
192.6 7
192.7 2
192.8 2
192.9 5
193 2
193.1 2
193.2 2
193.3 8
193.4 4
193.5 4
193.6 1
193.7 5
193.8 4
193.9 2
194 1
194.1 3
194.2 3
194.3 9
194.4 2
194.5 1
194.6 3
194.7 4
194.8 3
194.9 3
195 6
195.1 5
195.2 1
195.3 4
195.4 4
195.5 6
195.6 2
195.7 2
195.8 4
195.9 3
196 6
196.1 14
196.2 6
196.3 2
196.4 2
196.5 3
196.6 6
196.7 3
196.8 0
196.9 2
197 4
197.1 3
197.2 1
197.3 8
197.4 5
197.5 6
197.6 10
197.7 8
197.8 11
197.9 3
198 3
198.1 13
198.2 28
198.3 32
198.4 57
198.5 74
198.6 110
198.7 127
198.8 181
198.9 177
199 225
199.1 247
199.2 337
199.3 426
199.4 544
199.5 666
199.6 747
199.7 814
199.8 907
199.9 1040
200 1062
