0 0
0.1 3
0.2 4
0.3 4
0.4 8
0.5 21
0.6 22
0.7 19
0.8 19
0.9 18
1 30
1.1 45
1.2 45
1.3 52
1.4 43
1.5 40
1.6 32
1.7 39
1.8 41
1.9 36
2 42
2.1 38
2.2 45
2.3 34
2.4 34
2.5 30
2.6 40
2.7 39
2.8 38
2.9 43
3 42
3.1 50
3.2 46
3.3 54
3.4 59
3.5 34
3.6 43
3.7 45
3.8 39
3.9 45
4 33
4.1 38
4.2 49
4.3 48
4.4 53
4.5 48
4.6 41
4.7 47
4.8 31
4.9 32
5 51
5.1 34
5.2 37
5.3 51
5.4 49
5.5 37
5.6 38
5.7 32
5.8 31
5.9 41
6 32
6.1 49
6.2 30
6.3 30
6.4 24
6.5 23
6.6 38
6.7 16
6.8 23
6.9 48
7 23
7.1 14
7.2 10
7.3 7
7.4 11
7.5 6
7.6 3
7.7 4
7.8 11
7.9 7
8 3
8.1 5
8.2 7
8.3 5
8.4 9
8.5 5
8.6 9
8.7 8
8.8 5
8.9 2
9 4
9.1 1
9.2 4
9.3 8
9.4 5
9.5 5
9.6 3
9.7 6
9.8 4
9.9 5
10 6
10.1 6
10.2 6
10.3 4
10.4 4
10.5 3
10.6 5
10.7 2
10.8 12
10.9 8
11 7
11.1 6
11.2 7
11.3 4
11.4 3
11.5 4
11.6 8
11.7 6
11.8 5
11.9 2
12 3
12.1 1
12.2 2
12.3 2
12.4 4
12.5 5
12.6 36
12.7 31
12.8 17
12.9 6
13 6
13.1 1
13.2 2
13.3 6
13.4 4
13.5 2
13.6 3
13.7 4
13.8 8
13.9 2
14 5
14.1 5
14.2 6
14.3 2
14.4 2
14.5 4
14.6 2
14.7 3
14.8 6
14.9 7
15 7
15.1 9
15.2 8
15.3 4
15.4 6
15.5 7
15.6 10
15.7 5
15.8 5
15.9 11
16 19
16.1 19
16.2 10
16.3 9
16.4 5
16.5 9
16.6 18
16.7 16
16.8 10
16.9 22
17 20
17.1 26
17.2 28
17.3 14
17.4 32
17.5 24
17.6 19
17.7 28
17.8 29
17.9 37
18 22
18.1 32
18.2 37
18.3 32
18.4 34
18.5 32
18.6 42
18.7 33
18.8 43
18.9 30
19 43
19.1 39
19.2 26
19.3 21
19.4 42
19.5 27
19.6 19
19.7 18
19.8 32
19.9 21
20 25
20.1 21
20.2 23
20.3 29
20.4 51
20.5 32
20.6 42
20.7 37
20.8 52
20.9 51
21 42
21.1 43
21.2 53
21.3 52
21.4 44
21.5 39
21.6 33
21.7 27
21.8 40
21.9 40
22 37
22.1 39
22.2 32
22.3 35
22.4 26
22.5 22
22.6 37
22.7 40
22.8 35
22.9 17
23 20
23.1 26
23.2 38
23.3 35
23.4 20
23.5 9
23.6 9
23.7 5
23.8 6
23.9 8
24 8
24.1 8
24.2 6
24.3 8
24.4 9
24.5 4
24.6 3
24.7 5
24.8 6
24.9 1
25 3
25.1 4
25.2 3
25.3 5
25.4 5
25.5 6
25.6 7
25.7 7
25.8 10
25.9 10
26 9
26.1 10
26.2 15
26.3 6
26.4 4
26.5 4
26.6 4
26.7 4
26.8 9
26.9 10
27 8
27.1 5
27.2 6
27.3 4
27.4 7
27.5 2
27.6 3
27.7 7
27.8 4
27.9 2
28 4
28.1 5
28.2 9
28.3 7
28.4 5
28.5 3
28.6 3
28.7 4
28.8 5
28.9 6
29 4
29.1 6
29.2 6
29.3 4
29.4 4
29.5 4
29.6 6
29.7 7
29.8 7
29.9 12
30 21
30.1 7
30.2 6
30.3 7
30.4 7
30.5 5
30.6 4
30.7 3
30.8 4
30.9 5
31 4
31.1 7
31.2 7
31.3 4
31.4 4
31.5 5
31.6 5
31.7 10
31.8 10
31.9 7
32 5
32.1 5
32.2 4
32.3 3
32.4 1
32.5 4
32.6 1
32.7 1
32.8 2
32.9 4
33 13
33.1 9
33.2 9
33.3 6
33.4 1
33.5 9
33.6 4
33.7 3
33.8 6
33.9 8
34 9
34.1 5
34.2 5
34.3 16
34.4 10
34.5 13
34.6 8
34.7 8
34.8 8
34.9 17
35 9
35.1 8
35.2 6
35.3 13
35.4 10
35.5 13
35.6 18
35.7 21
35.8 19
35.9 23
36 22
36.1 21
36.2 29
36.3 18
36.4 31
36.5 40
36.6 46
36.7 38
36.8 27
36.9 27
37 29
37.1 32
37.2 26
37.3 39
37.4 43
37.5 40
37.6 40
37.7 33
37.8 36
37.9 31
38 26
38.1 37
38.2 40
38.3 34
38.4 33
38.5 53
38.6 59
38.7 50
38.8 53
38.9 46
39 48
39.1 41
39.2 39
39.3 41
39.4 44
39.5 41
39.6 35
39.7 37
39.8 47
39.9 46
40 44
40.1 47
40.2 39
40.3 44
40.4 37
40.5 50
40.6 49
40.7 52
40.8 38
40.9 59
41 51
41.1 49
41.2 47
41.3 39
41.4 38
41.5 40
41.6 33
41.7 22
41.8 26
41.9 32
42 24
42.1 11
42.2 10
42.3 28
42.4 18
42.5 7
42.6 9
42.7 7
42.8 6
42.9 7
43 3
43.1 7
43.2 6
43.3 11
43.4 8
43.5 6
43.6 5
43.7 7
43.8 7
43.9 4
44 5
44.1 4
44.2 6
44.3 7
44.4 5
44.5 5
44.6 3
44.7 2
44.8 1
44.9 2
45 5
45.1 4
45.2 2
45.3 2
45.4 3
45.5 5
45.6 6
45.7 1
45.8 4
45.9 7
46 10
46.1 9
46.2 5
46.3 4
46.4 5
46.5 3
46.6 7
46.7 6
46.8 4
46.9 8
47 3
47.1 2
47.2 5
47.3 2
47.4 7
47.5 5
47.6 6
47.7 3
47.8 3
47.9 5
48 6
48.1 6
48.2 7
48.3 8
48.4 8
48.5 6
48.6 6
48.7 5
48.8 6
48.9 2
49 0
49.1 2
49.2 3
49.3 5
49.4 6
49.5 4
49.6 3
49.7 5
49.8 6
49.9 9
50 1
50.1 5
50.2 3
50.3 4
50.4 4
50.5 4
50.6 5
50.7 4
50.8 5
50.9 6
51 11
51.1 8
51.2 3
51.3 2
51.4 6
51.5 8
51.6 6
51.7 8
51.8 2
51.9 8
52 6
52.1 2
52.2 0
52.3 2
52.4 4
52.5 3
52.6 3
52.7 4
52.8 4
52.9 4
53 5
53.1 5
53.2 1
53.3 6
53.4 7
53.5 7
53.6 6
53.7 5
53.8 3
53.9 4
54 3
54.1 3
54.2 2
54.3 7
54.4 4
54.5 5
54.6 7
54.7 22
54.8 41
54.9 39
55 28
55.1 15
55.2 30
55.3 22
55.4 25
55.5 33
55.6 34
55.7 30
55.8 26
55.9 40
56 50
56.1 45
56.2 47
56.3 37
56.4 45
56.5 48
56.6 43
56.7 45
56.8 43
56.9 46
57 51
57.1 47
57.2 41
57.3 40
57.4 48
57.5 43
57.6 49
57.7 34
57.8 48
57.9 44
58 48
58.1 49
58.2 56
58.3 55
58.4 56
58.5 54
58.6 36
58.7 42
58.8 56
58.9 53
59 58
59.1 38
59.2 39
59.3 54
59.4 37
59.5 28
59.6 36
59.7 46
59.8 45
59.9 46
60 57
60.1 55
60.2 47
60.3 44
60.4 46
60.5 45
60.6 59
60.7 53
60.8 35
60.9 29
61 39
61.1 32
61.2 24
61.3 33
61.4 31
61.5 20
61.6 35
61.7 42
61.8 25
61.9 13
62 14
62.1 11
62.2 4
62.3 6
62.4 6
62.5 12
62.6 6
62.7 9
62.8 10
62.9 6
63 2
63.1 2
63.2 4
63.3 10
63.4 6
63.5 3
63.6 6
63.7 5
63.8 4
63.9 9
64 18
64.1 12
64.2 8
64.3 8
64.4 5
64.5 5
64.6 10
64.7 7
64.8 9
64.9 6
65 4
65.1 4
65.2 3
65.3 5
65.4 6
65.5 5
65.6 4
65.7 4
65.8 6
65.9 5
66 0
66.1 4
66.2 3
66.3 1
66.4 2
66.5 2
66.6 5
66.7 10
66.8 2
66.9 3
67 3
67.1 2
67.2 2
67.3 3
67.4 4
67.5 4
67.6 1
67.7 5
67.8 3
67.9 1
68 2
68.1 3
68.2 6
68.3 3
68.4 3
68.5 5
68.6 13
68.7 7
68.8 6
68.9 5
69 5
69.1 5
69.2 5
69.3 7
69.4 7
69.5 8
69.6 9
69.7 7
69.8 10
69.9 6
70 4
70.1 7
70.2 4
70.3 3
70.4 2
70.5 5
70.6 1
70.7 2
70.8 3
70.9 2
71 3
71.1 5
71.2 7
71.3 5
71.4 6
71.5 6
71.6 4
71.7 3
71.8 3
71.9 4
72 5
72.1 4
72.2 3
72.3 6
72.4 3
72.5 3
72.6 6
72.7 2
72.8 3
72.9 6
73 6
73.1 5
73.2 26
73.3 12
73.4 6
73.5 1
73.6 2
73.7 4
73.8 7
73.9 5
74 5
74.1 3
74.2 5
74.3 5
74.4 6
74.5 8
74.6 2
74.7 4
74.8 5
74.9 3
75 7
75.1 7
75.2 9
75.3 8
75.4 7
75.5 5
75.6 4
75.7 4
75.8 16
75.9 7
76 22
76.1 35
76.2 45
76.3 44
76.4 33
76.5 34
76.6 37
76.7 38
76.8 60
76.9 51
77 38
77.1 57
77.2 41
77.3 40
77.4 41
77.5 47
77.6 49
77.7 46
77.8 43
77.9 44
78 40
78.1 29
78.2 46
78.3 37
78.4 36
78.5 42
78.6 49
78.7 59
78.8 48
78.9 50
79 54
79.1 66
79.2 54
79.3 37
79.4 38
79.5 40
79.6 46
79.7 41
79.8 45
79.9 52
80 41
80.1 25
80.2 36
80.3 41
80.4 56
80.5 60
80.6 56
80.7 47
80.8 53
80.9 43
81 40
81.1 39
81.2 41
81.3 33
81.4 35
81.5 31
81.6 25
81.7 28
81.8 40
81.9 40
82 39
82.1 33
82.2 14
82.3 25
82.4 42
82.5 36
82.6 29
82.7 14
82.8 10
82.9 8
83 6
83.1 6
83.2 2
83.3 4
83.4 7
83.5 9
83.6 11
83.7 8
83.8 12
83.9 5
84 3
84.1 6
84.2 8
84.3 10
84.4 7
84.5 8
84.6 8
84.7 5
84.8 7
84.9 6
85 7
85.1 8
85.2 10
85.3 8
85.4 5
85.5 6
85.6 8
85.7 6
85.8 6
85.9 13
86 8
86.1 8
86.2 9
86.3 6
86.4 6
86.5 5
86.6 6
86.7 1
86.8 7
86.9 3
87 8
87.1 5
87.2 7
87.3 6
87.4 5
87.5 4
87.6 2
87.7 2
87.8 6
87.9 9
88 7
88.1 10
88.2 6
88.3 7
88.4 7
88.5 8
88.6 8
88.7 6
88.8 7
88.9 5
89 5
89.1 5
89.2 3
89.3 5
89.4 6
89.5 4
89.6 4
89.7 3
89.8 2
89.9 3
90 5
90.1 8
90.2 8
90.3 9
90.4 5
90.5 6
90.6 2
90.7 5
90.8 9
90.9 26
91 16
91.1 6
91.2 5
91.3 1
91.4 3
91.5 2
91.6 4
91.7 4
91.8 5
91.9 8
92 9
92.1 9
92.2 5
92.3 6
92.4 7
92.5 8
92.6 8
92.7 6
92.8 2
92.9 1
93 5
93.1 16
93.2 8
93.3 5
93.4 7
93.5 9
93.6 6
93.7 4
93.8 5
93.9 4
94 4
94.1 8
94.2 7
94.3 7
94.4 5
94.5 6
94.6 9
94.7 3
94.8 8
94.9 3
95 1
95.1 1
95.2 6
95.3 9
95.4 7
95.5 6
95.6 7
95.7 5
95.8 7
95.9 4
96 2
96.1 2
96.2 5
96.3 2
96.4 3
96.5 4
96.6 9
96.7 7
96.8 5
96.9 9
97 5
97.1 3
97.2 6
97.3 4
97.4 5
97.5 4
97.6 3
97.7 4
97.8 6
97.9 4
98 7
98.1 5
98.2 5
98.3 4
98.4 1
98.5 3
98.6 5
98.7 4
98.8 5
98.9 13
99 14
99.1 11
99.2 13
99.3 27
99.4 19
99.5 44
99.6 32
99.7 36
99.8 36
99.9 20
100 18
100.1 36
100.2 25
100.3 21
100.4 31
100.5 45
100.6 38
100.7 54
100.8 46
100.9 43
101 42
101.1 54
101.2 39
101.3 43
101.4 42
101.5 56
101.6 47
101.7 44
101.8 42
101.9 55
102 41
102.1 35
102.2 38
102.3 38
102.4 54
102.5 44
102.6 47
102.7 38
102.8 52
102.9 41
103 41
103.1 47
103.2 42
103.3 45
103.4 37
103.5 45
103.6 35
103.7 40
103.8 46
103.9 48
104 49
104.1 50
104.2 40
104.3 44
104.4 52
104.5 47
104.6 39
104.7 49
104.8 49
104.9 51
105 51
105.1 49
105.2 54
105.3 32
105.4 46
105.5 46
105.6 38
105.7 43
105.8 38
105.9 34
106 41
106.1 33
106.2 49
106.3 49
106.4 38
106.5 28
106.6 15
106.7 14
106.8 7
106.9 6
107 8
107.1 7
107.2 3
107.3 4
107.4 5
107.5 5
107.6 5
107.7 5
107.8 9
107.9 9
108 5
108.1 7
108.2 4
108.3 3
108.4 2
108.5 5
108.6 8
108.7 7
108.8 3
108.9 4
109 7
109.1 8
109.2 14
109.3 7
109.4 6
109.5 4
109.6 1
109.7 5
109.8 0
109.9 0
110 4
110.1 7
110.2 5
110.3 8
110.4 5
110.5 3
110.6 7
110.7 8
110.8 7
110.9 4
111 7
111.1 2
111.2 6
111.3 5
111.4 7
111.5 6
111.6 6
111.7 6
111.8 9
111.9 6
112 6
112.1 7
112.2 4
112.3 6
112.4 20
112.5 16
112.6 11
112.7 7
112.8 4
112.9 5
113 5
113.1 2
113.2 4
113.3 2
113.4 7
113.5 3
113.6 3
113.7 4
113.8 3
113.9 7
114 4
114.1 5
114.2 2
114.3 9
114.4 10
114.5 26
114.6 15
114.7 8
114.8 3
114.9 3
115 3
115.1 5
115.2 2
115.3 3
115.4 5
115.5 4
115.6 2
115.7 7
115.8 10
115.9 5
116 7
116.1 9
116.2 3
116.3 3
116.4 4
116.5 5
116.6 6
116.7 5
116.8 5
116.9 7
117 3
117.1 7
117.2 9
117.3 10
117.4 7
117.5 6
117.6 6
117.7 7
117.8 6
117.9 3
118 2
118.1 4
118.2 5
118.3 4
118.4 3
118.5 1
118.6 6
118.7 8
118.8 7
118.9 7
119 7
119.1 15
119.2 7
119.3 1
119.4 4
119.5 3
119.6 7
119.7 6
119.8 7
119.9 4
120 5
120.1 4
120.2 4
120.3 5
120.4 8
120.5 8
120.6 5
120.7 5
120.8 11
120.9 7
121 8
121.1 6
121.2 7
121.3 18
121.4 27
121.5 17
121.6 10
121.7 8
121.8 7
121.9 9
122 6
122.1 3
122.2 2
122.3 2
122.4 1
122.5 7
122.6 6
122.7 4
122.8 5
122.9 4
123 7
123.1 13
123.2 13
123.3 6
123.4 7
123.5 3
123.6 6
123.7 24
123.8 15
123.9 26
124 29
124.1 31
124.2 23
124.3 27
124.4 40
124.5 16
124.6 11
124.7 23
124.8 27
124.9 37
125 28
125.1 23
125.2 24
125.3 39
125.4 38
125.5 42
125.6 37
125.7 33
125.8 27
125.9 31
126 31
126.1 37
126.2 29
126.3 37
126.4 38
126.5 57
126.6 51
126.7 48
126.8 24
126.9 25
127 26
127.1 30
127.2 32
127.3 35
127.4 38
127.5 41
127.6 36
127.7 30
127.8 37
127.9 44
128 51
128.1 34
128.2 39
128.3 51
128.4 59
128.5 41
128.6 37
128.7 44
128.8 30
128.9 19
129 21
129.1 17
129.2 24
129.3 22
129.4 13
129.5 20
129.6 9
129.7 5
129.8 4
129.9 9
130 7
130.1 4
130.2 2
130.3 2
130.4 6
130.5 5
130.6 2
130.7 3
130.8 3
130.9 4
131 5
131.1 5
131.2 3
131.3 3
131.4 7
131.5 7
131.6 5
131.7 4
131.8 6
131.9 6
132 7
132.1 5
132.2 2
132.3 6
132.4 12
132.5 11
132.6 10
132.7 9
132.8 11
132.9 5
133 6
133.1 7
133.2 7
133.3 8
133.4 7
133.5 6
133.6 2
133.7 3
133.8 4
133.9 5
134 11
134.1 16
134.2 7
134.3 3
134.4 4
134.5 9
134.6 4
134.7 7
134.8 9
134.9 7
135 2
135.1 4
135.2 6
135.3 2
135.4 3
135.5 6
135.6 8
135.7 5
135.8 4
135.9 1
136 5
136.1 8
136.2 5
136.3 4
136.4 5
136.5 8
136.6 11
136.7 11
136.8 3
136.9 4
137 6
137.1 4
137.2 5
137.3 5
137.4 9
137.5 5
137.6 3
137.7 4
137.8 5
137.9 3
138 5
138.1 5
138.2 6
138.3 2
138.4 7
138.5 4
138.6 3
138.7 21
138.8 16
138.9 30
139 17
139.1 10
139.2 9
139.3 6
139.4 7
139.5 9
139.6 7
139.7 5
139.8 6
139.9 4
140 5
140.1 8
140.2 6
140.3 6
140.4 5
140.5 27
140.6 20
140.7 13
140.8 8
140.9 9
141 3
141.1 3
141.2 4
141.3 6
141.4 6
141.5 7
141.6 3
141.7 5
141.8 3
141.9 14
142 8
142.1 5
142.2 7
142.3 4
142.4 5
142.5 15
142.6 11
142.7 6
142.8 3
142.9 5
143 4
143.1 8
143.2 7
143.3 6
143.4 8
143.5 7
143.6 10
143.7 9
143.8 8
143.9 4
144 1
144.1 6
144.2 6
144.3 5
144.4 8
144.5 7
144.6 6
144.7 6
144.8 6
144.9 4
145 6
145.1 3
145.2 5
145.3 3
145.4 1
145.5 2
145.6 5
145.7 3
145.8 4
145.9 16
146 5
146.1 7
146.2 3
146.3 8
146.4 4
146.5 5
146.6 2
146.7 2
146.8 1
146.9 6
147 3
147.1 10
147.2 9
147.3 7
147.4 9
147.5 9
147.6 5
147.7 5
147.8 10
147.9 20
148 18
148.1 10
148.2 8
148.3 8
148.4 10
148.5 8
148.6 5
148.7 11
148.8 16
148.9 10
149 9
149.1 6
149.2 3
149.3 6
149.4 9
149.5 7
149.6 11
149.7 6
149.8 19
149.9 24
150 27
150.1 24
150.2 22
150.3 11
150.4 34
150.5 26
150.6 25
150.7 51
150.8 37
150.9 27
151 38
151.1 41
151.2 42
151.3 44
151.4 40
151.5 50
151.6 45
151.7 41
151.8 34
151.9 38
152 40
152.1 41
152.2 35
152.3 39
152.4 34
152.5 45
152.6 39
152.7 32
152.8 44
152.9 44
153 50
153.1 57
153.2 56
153.3 45
153.4 45
153.5 42
153.6 43
153.7 58
153.8 41
153.9 59
154 48
154.1 46
154.2 46
154.3 43
154.4 44
154.5 43
154.6 55
154.7 54
154.8 51
154.9 45
155 40
155.1 37
155.2 33
155.3 35
155.4 36
155.5 28
155.6 26
155.7 33
155.8 25
155.9 38
156 36
156.1 40
156.2 37
156.3 39
156.4 47
156.5 34
156.6 33
156.7 24
156.8 12
156.9 7
157 9
157.1 4
157.2 4
157.3 3
157.4 4
157.5 5
157.6 3
157.7 10
157.8 5
157.9 6
158 7
158.1 5
158.2 5
158.3 4
158.4 5
158.5 5
158.6 5
158.7 1
158.8 7
158.9 5
159 5
159.1 1
159.2 4
159.3 5
159.4 6
159.5 5
159.6 5
159.7 4
159.8 3
159.9 4
160 6
160.1 3
160.2 1
160.3 3
160.4 3
160.5 7
160.6 3
160.7 7
160.8 0
160.9 3
161 8
161.1 10
161.2 7
161.3 5
161.4 6
161.5 9
161.6 9
161.7 8
161.8 11
161.9 8
162 8
162.1 7
162.2 5
162.3 6
162.4 8
162.5 3
162.6 2
162.7 2
162.8 5
162.9 9
163 2
163.1 3
163.2 3
163.3 7
163.4 6
163.5 5
163.6 11
163.7 13
163.8 3
163.9 5
164 6
164.1 6
164.2 7
164.3 4
164.4 5
164.5 5
164.6 4
164.7 1
164.8 5
164.9 26
165 19
165.1 10
165.2 6
165.3 2
165.4 4
165.5 5
165.6 5
165.7 22
165.8 11
165.9 8
166 5
166.1 8
166.2 5
166.3 5
166.4 4
166.5 4
166.6 6
166.7 3
166.8 7
166.9 5
167 2
167.1 1
167.2 2
167.3 3
167.4 9
167.5 2
167.6 6
167.7 6
167.8 33
167.9 18
168 8
168.1 9
168.2 6
168.3 3
168.4 4
168.5 10
168.6 6
168.7 6
168.8 4
168.9 10
169 12
169.1 6
169.2 5
169.3 7
169.4 5
169.5 5
169.6 5
169.7 1
169.8 4
169.9 3
170 5
170.1 13
170.2 9
170.3 6
170.4 7
170.5 5
170.6 22
170.7 11
170.8 11
170.9 12
171 6
171.1 6
171.2 5
171.3 4
171.4 9
171.5 15
171.6 6
171.7 17
171.8 24
171.9 26
172 12
172.1 5
172.2 5
172.3 3
172.4 8
172.5 2
172.6 3
172.7 2
172.8 25
172.9 14
173 9
173.1 7
173.2 11
173.3 9
173.4 7
173.5 8
173.6 11
173.7 19
173.8 33
173.9 21
174 12
174.1 32
174.2 22
174.3 15
174.4 33
174.5 37
174.6 34
174.7 38
174.8 43
174.9 36
175 24
175.1 42
175.2 44
175.3 42
175.4 41
175.5 26
175.6 38
175.7 51
175.8 49
175.9 57
176 45
176.1 46
176.2 34
176.3 35
176.4 28
176.5 53
176.6 67
176.7 52
176.8 42
176.9 47
177 40
177.1 26
177.2 35
177.3 35
177.4 37
177.5 45
177.6 44
177.7 34
177.8 20
177.9 38
178 32
178.1 44
178.2 42
178.3 44
178.4 47
178.5 56
178.6 50
178.7 33
178.8 36
178.9 27
179 34
179.1 16
179.2 35
179.3 45
179.4 28
179.5 37
179.6 36
179.7 33
179.8 46
179.9 41
180 29
180.1 25
180.2 12
180.3 21
180.4 22
180.5 12
180.6 9
180.7 10
180.8 8
180.9 8
181 2
181.1 4
181.2 3
181.3 6
181.4 5
181.5 6
181.6 6
181.7 12
181.8 7
181.9 6
182 9
182.1 35
182.2 37
182.3 17
182.4 7
182.5 7
182.6 1
182.7 3
182.8 2
182.9 4
183 1
183.1 7
183.2 2
183.3 4
183.4 4
183.5 5
183.6 5
183.7 6
183.8 5
183.9 4
184 8
184.1 3
184.2 5
184.3 6
184.4 1
184.5 4
184.6 7
184.7 10
184.8 11
184.9 4
185 4
185.1 5
185.2 1
185.3 4
185.4 5
185.5 12
185.6 11
185.7 8
185.8 7
185.9 4
186 5
186.1 2
186.2 5
186.3 2
186.4 5
186.5 8
186.6 3
186.7 5
186.8 5
186.9 5
187 4
187.1 4
187.2 1
187.3 3
187.4 10
187.5 8
187.6 6
187.7 4
187.8 14
187.9 21
188 10
188.1 5
188.2 2
188.3 9
188.4 8
188.5 11
188.6 8
188.7 3
188.8 1
188.9 7
189 4
189.1 4
189.2 3
189.3 4
189.4 4
189.5 11
189.6 11
189.7 7
189.8 5
189.9 4
190 3
190.1 6
190.2 6
190.3 5
190.4 4
190.5 25
190.6 22
190.7 8
190.8 7
190.9 6
191 6
191.1 4
191.2 3
191.3 3
191.4 3
191.5 5
191.6 6
191.7 3
191.8 8
191.9 6
192 6
192.1 5
192.2 23
192.3 16
192.4 7
192.5 9
192.6 3
192.7 1
192.8 2
192.9 2
193 3
193.1 4
193.2 6
193.3 6
193.4 6
193.5 5
193.6 4
193.7 3
193.8 2
193.9 3
194 3
194.1 4
194.2 4
194.3 6
194.4 5
194.5 1
194.6 3
194.7 4
194.8 4
194.9 6
195 6
195.1 6
195.2 3
195.3 4
195.4 2
195.5 3
195.6 3
195.7 2
195.8 5
195.9 5
196 5
196.1 7
196.2 5
196.3 2
196.4 2
196.5 3
196.6 5
196.7 2
196.8 3
196.9 1
197 7
197.1 4
197.2 6
197.3 5
197.4 5
197.5 6
197.6 8
197.7 9
197.8 5
197.9 3
198 2
198.1 8
198.2 11
198.3 32
198.4 18
198.5 20
198.6 12
198.7 28
198.8 17
198.9 21
199 23
199.1 13
199.2 38
199.3 36
199.4 43
199.5 51
199.6 42
199.7 42
199.8 55
199.9 47
200 41
