0 0
0.1 0
0.2 1
0.3 1
0.4 2
0.5 0
0.6 0
0.7 2
0.8 2
0.9 4
1 1
1.1 1
1.2 0
1.3 0
1.4 0
1.5 1
1.6 2
1.7 7
1.8 2
1.9 1
2 3
2.1 2
2.2 1
2.3 1
2.4 3
2.5 0
2.6 4
2.7 1
2.8 2
2.9 1
3 4
3.1 2
3.2 1
3.3 4
3.4 4
3.5 1
3.6 4
3.7 3
3.8 6
3.9 2
4 6
4.1 3
4.2 2
4.3 6
4.4 8
4.5 6
4.6 3
4.7 10
4.8 6
4.9 8
5 4
5.1 12
5.2 8
5.3 10
5.4 7
5.5 9
5.6 8
5.7 12
5.8 20
5.9 18
6 12
6.1 10
6.2 14
6.3 39
6.4 25
6.5 35
6.6 48
6.7 67
6.8 90
6.9 113
7 87
7.1 140
7.2 241
7.3 344
7.4 448
7.5 514
7.6 630
7.7 706
7.8 769
7.9 818
8 868
8.1 909
8.2 967
8.3 988
8.4 998
8.5 1008
8.6 1043
8.7 1057
8.8 1071
8.9 1105
9 1127
9.1 1135
9.2 1148
9.3 1167
9.4 1168
9.5 1160
9.6 1173
9.7 1152
9.8 1145
9.9 1118
10 1119
10.1 1117
10.2 1103
10.3 1078
10.4 1062
10.5 1056
10.6 1037
10.7 1032
10.8 1010
10.9 979
11 970
11.1 957
11.2 957
11.3 949
11.4 958
11.5 941
11.6 939
11.7 918
11.8 907
11.9 905
12 899
12.1 897
12.2 888
12.3 885
12.4 874
12.5 854
12.6 803
12.7 646
12.8 528
12.9 488
13 508
13.1 529
13.2 547
13.3 573
13.4 564
13.5 582
13.6 599
13.7 605
13.8 593
13.9 587
14 595
14.1 593
14.2 596
14.3 573
14.4 583
14.5 589
14.6 590
14.7 604
14.8 577
14.9 548
15 511
15.1 495
15.2 458
15.3 442
15.4 421
15.5 420
15.6 400
15.7 368
15.8 368
15.9 349
16 320
16.1 261
16.2 236
16.3 232
16.4 231
16.5 256
16.6 229
16.7 198
16.8 171
16.9 145
17 102
17.1 76
17.2 46
17.3 36
17.4 35
17.5 22
17.6 22
17.7 24
17.8 22
17.9 12
18 13
18.1 18
18.2 10
18.3 10
18.4 9
18.5 18
18.6 11
18.7 10
18.8 8
18.9 18
19 15
19.1 6
19.2 8
19.3 8
19.4 11
19.5 7
19.6 11
19.7 19
19.8 22
19.9 11
20 11
20.1 14
20.2 28
20.3 26
20.4 21
20.5 19
20.6 22
20.7 15
20.8 23
20.9 11
21 12
21.1 12
21.2 17
21.3 11
21.4 14
21.5 9
21.6 9
21.7 20
21.8 14
21.9 17
22 20
22.1 15
22.2 17
22.3 19
22.4 15
22.5 21
22.6 32
22.7 28
22.8 41
22.9 45
23 50
23.1 81
23.2 95
23.3 96
23.4 112
23.5 151
23.6 251
23.7 360
23.8 462
23.9 540
24 606
24.1 654
24.2 706
24.3 761
24.4 805
24.5 857
24.6 904
24.7 948
24.8 970
24.9 987
25 1013
25.1 1029
25.2 1050
25.3 1054
25.4 1068
25.5 1057
25.6 1049
25.7 1020
25.8 1006
25.9 971
26 949
26.1 935
26.2 912
26.3 916
26.4 918
26.5 917
26.6 903
26.7 914
26.8 895
26.9 873
27 856
27.1 825
27.2 813
27.3 806
27.4 812
27.5 815
27.6 811
27.7 795
27.8 774
27.9 763
28 749
28.1 746
28.2 730
28.3 702
28.4 683
28.5 676
28.6 675
28.7 658
28.8 656
28.9 648
29 654
29.1 651
29.2 636
29.3 621
29.4 593
29.5 588
29.6 584
29.7 560
29.8 534
29.9 518
30 434
30.1 398
30.2 399
30.3 380
30.4 367
30.5 366
30.6 370
30.7 375
30.8 385
30.9 388
31 387
31.1 375
31.2 364
31.3 366
31.4 377
31.5 391
31.6 395
31.7 367
31.8 357
31.9 324
32 330
32.1 331
32.2 330
32.3 344
32.4 355
32.5 373
32.6 376
32.7 369
32.8 374
32.9 387
33 369
33.1 325
33.2 293
33.3 272
33.4 272
33.5 280
33.6 293
33.7 301
33.8 306
33.9 296
34 276
34.1 256
34.2 262
34.3 246
34.4 222
34.5 202
34.6 198
34.7 183
34.8 179
34.9 141
35 110
35.1 121
35.2 130
35.3 136
35.4 127
35.5 112
35.6 109
35.7 89
35.8 57
35.9 41
36 27
36.1 20
36.2 18
36.3 21
36.4 9
36.5 10
36.6 8
36.7 8
36.8 10
36.9 7
37 8
37.1 4
37.2 7
37.3 6
37.4 5
37.5 11
37.6 8
37.7 6
37.8 6
37.9 7
38 5
38.1 13
38.2 8
38.3 4
38.4 10
38.5 10
38.6 3
38.7 11
38.8 8
38.9 9
39 12
39.1 4
39.2 6
39.3 6
39.4 9
39.5 6
39.6 10
39.7 8
39.8 12
39.9 13
40 11
40.1 14
40.2 7
40.3 11
40.4 13
40.5 12
40.6 12
40.7 14
40.8 6
40.9 11
41 5
41.1 12
41.2 10
41.3 14
41.4 16
41.5 11
41.6 20
41.7 16
41.8 26
41.9 31
42 36
42.1 66
42.2 94
42.3 182
42.4 220
42.5 295
42.6 405
42.7 516
42.8 614
42.9 684
43 767
43.1 851
43.2 912
43.3 944
43.4 972
43.5 993
43.6 1023
43.7 1049
43.8 1057
43.9 1058
44 1117
44.1 1156
44.2 1183
44.3 1197
44.4 1205
44.5 1218
44.6 1218
44.7 1220
44.8 1208
44.9 1217
45 1229
45.1 1208
45.2 1218
45.3 1211
45.4 1212
45.5 1191
45.6 1171
45.7 1156
45.8 1149
45.9 1137
46 1121
46.1 1093
46.2 1080
46.3 1069
46.4 1049
46.5 1050
46.6 1038
46.7 1005
46.8 990
46.9 987
47 969
47.1 955
47.2 948
47.3 935
47.4 921
47.5 909
47.6 883
47.7 848
47.8 843
47.9 830
48 814
48.1 796
48.2 767
48.3 737
48.4 701
48.5 664
48.6 634
48.7 614
48.8 611
48.9 606
49 624
49.1 629
49.2 627
49.3 625
49.4 596
49.5 571
49.6 567
49.7 567
49.8 560
49.9 532
50 520
50.1 520
50.2 522
50.3 513
50.4 503
50.5 513
50.6 505
50.7 493
50.8 480
50.9 466
51 445
51.1 406
51.2 388
51.3 382
51.4 389
51.5 366
51.6 373
51.7 364
51.8 343
51.9 341
52 326
52.1 318
52.2 326
52.3 340
52.4 359
52.5 355
52.6 360
52.7 346
52.8 342
52.9 331
53 326
53.1 321
53.2 309
53.3 313
53.4 293
53.5 275
53.6 268
53.7 255
53.8 265
53.9 258
54 251
54.1 258
54.2 251
54.3 247
54.4 221
54.5 216
54.6 205
54.7 152
54.8 65
54.9 25
55 14
55.1 9
55.2 6
55.3 7
55.4 7
55.5 6
55.6 5
55.7 5
55.8 3
55.9 2
56 2
56.1 4
56.2 6
56.3 6
56.4 2
56.5 5
56.6 2
56.7 4
56.8 5
56.9 1
57 6
57.1 4
57.2 5
57.3 2
57.4 3
57.5 3
57.6 7
57.7 7
57.8 3
57.9 10
58 2
58.1 1
58.2 5
58.3 8
58.4 5
58.5 11
58.6 5
58.7 3
58.8 5
58.9 4
59 12
59.1 9
59.2 10
59.3 14
59.4 11
59.5 11
59.6 14
59.7 11
59.8 12
59.9 17
60 8
60.1 21
60.2 14
60.3 19
60.4 15
60.5 18
60.6 16
60.7 24
60.8 25
60.9 27
61 27
61.1 43
61.2 44
61.3 77
61.4 94
61.5 120
61.6 201
61.7 240
61.8 268
61.9 353
62 466
62.1 569
62.2 665
62.3 783
62.4 879
62.5 940
62.6 996
62.7 1063
62.8 1103
62.9 1138
63 1190
63.1 1258
63.2 1309
63.3 1333
63.4 1326
63.5 1349
63.6 1374
63.7 1384
63.8 1391
63.9 1373
64 1324
64.1 1301
64.2 1278
64.3 1288
64.4 1294
64.5 1303
64.6 1302
64.7 1269
64.8 1274
64.9 1250
65 1241
65.1 1255
65.2 1253
65.3 1244
65.4 1213
65.5 1193
65.6 1180
65.7 1173
65.8 1148
65.9 1135
66 1130
66.1 1128
66.2 1119
66.3 1108
66.4 1093
66.5 1089
66.6 1077
66.7 1046
66.8 1026
66.9 1011
67 1000
67.1 1003
67.2 985
67.3 960
67.4 962
67.5 952
67.6 946
67.7 928
67.8 911
67.9 906
68 900
68.1 891
68.2 858
68.3 843
68.4 823
68.5 802
68.6 750
68.7 685
68.8 666
68.9 643
69 640
69.1 627
69.2 620
69.3 593
69.4 550
69.5 522
69.6 510
69.7 475
69.8 465
69.9 442
70 453
70.1 451
70.2 429
70.3 424
70.4 442
70.5 441
70.6 450
70.7 461
70.8 469
70.9 466
71 469
71.1 457
71.2 437
71.3 398
71.4 398
71.5 394
71.6 386
71.7 393
71.8 395
71.9 385
72 385
72.1 379
72.2 381
72.3 370
72.4 369
72.5 352
72.6 339
72.7 335
72.8 335
72.9 333
73 315
73.1 301
73.2 283
73.3 223
73.4 210
73.5 214
73.6 235
73.7 244
73.8 241
73.9 238
74 237
74.1 223
74.2 228
74.3 213
74.4 191
74.5 187
74.6 185
74.7 197
74.8 202
74.9 190
75 195
75.1 187
75.2 163
75.3 158
75.4 138
75.5 129
75.6 143
75.7 138
75.8 132
75.9 99
76 95
76.1 39
76.2 11
76.3 6
76.4 9
76.5 9
76.6 7
76.7 7
76.8 9
76.9 5
77 7
77.1 4
77.2 1
77.3 3
77.4 4
77.5 3
77.6 2
77.7 2
77.8 1
77.9 5
78 6
78.1 4
78.2 5
78.3 1
78.4 5
78.5 7
78.6 6
78.7 8
78.8 5
78.9 3
79 9
79.1 7
79.2 5
79.3 8
79.4 4
79.5 4
79.6 7
79.7 5
79.8 9
79.9 4
80 8
80.1 8
80.2 9
80.3 10
80.4 12
80.5 5
80.6 7
80.7 9
80.8 14
80.9 12
81 9
81.1 15
81.2 8
81.3 16
81.4 12
81.5 16
81.6 30
81.7 32
81.8 32
81.9 26
82 40
82.1 47
82.2 58
82.3 101
82.4 151
82.5 193
82.6 217
82.7 289
82.8 380
82.9 508
83 643
83.1 761
83.2 885
83.3 1006
83.4 1098
83.5 1172
83.6 1210
83.7 1237
83.8 1259
83.9 1279
84 1307
84.1 1363
84.2 1401
84.3 1422
84.4 1430
84.5 1410
84.6 1404
84.7 1409
84.8 1414
84.9 1415
85 1425
85.1 1420
85.2 1385
85.3 1367
85.4 1372
85.5 1372
85.6 1358
85.7 1348
85.8 1349
85.9 1340
86 1322
86.1 1288
86.2 1280
86.3 1277
86.4 1263
86.5 1256
86.6 1250
86.7 1224
86.8 1198
86.9 1170
87 1153
87.1 1141
87.2 1133
87.3 1117
87.4 1088
87.5 1088
87.6 1074
87.7 1070
87.8 1051
87.9 1004
88 985
88.1 962
88.2 934
88.3 911
88.4 893
88.5 868
88.6 850
88.7 838
88.8 828
88.9 807
89 805
89.1 789
89.2 780
89.3 771
89.4 744
89.5 733
89.6 737
89.7 728
89.8 744
89.9 728
90 727
90.1 704
90.2 676
90.3 659
90.4 643
90.5 630
90.6 619
90.7 621
90.8 594
90.9 532
91 450
91.1 419
91.2 425
91.3 443
91.4 459
91.5 470
91.6 478
91.7 478
91.8 468
91.9 460
92 427
92.1 404
92.2 409
92.3 405
92.4 395
92.5 383
92.6 370
92.7 360
92.8 356
92.9 362
93 383
93.1 356
93.2 330
93.3 319
93.4 318
93.5 304
93.6 299
93.7 293
93.8 296
93.9 309
94 310
94.1 305
94.2 300
94.3 287
94.4 296
94.5 294
94.6 271
94.7 269
94.8 250
94.9 244
95 256
95.1 276
95.2 295
95.3 278
95.4 259
95.5 260
95.6 247
95.7 241
95.8 232
95.9 229
96 229
96.1 244
96.2 241
96.3 252
96.4 259
96.5 271
96.6 253
96.7 227
96.8 216
96.9 196
97 186
97.1 188
97.2 184
97.3 188
97.4 184
97.5 175
97.6 176
97.7 182
97.8 174
97.9 156
98 165
98.1 150
98.2 146
98.3 140
98.4 146
98.5 155
98.6 158
98.7 154
98.8 169
98.9 169
99 134
99.1 91
99.2 64
99.3 61
99.4 30
99.5 10
99.6 3
99.7 9
99.8 7
99.9 6
100 9
100.1 6
100.2 5
100.3 4
100.4 5
100.5 3
100.6 6
100.7 1
100.8 4
100.9 2
101 1
101.1 9
101.2 2
101.3 4
101.4 4
101.5 4
101.6 6
101.7 4
101.8 5
101.9 5
102 8
102.1 4
102.2 4
102.3 6
102.4 5
102.5 5
102.6 5
102.7 8
102.8 3
102.9 6
103 9
103.1 5
103.2 4
103.3 4
103.4 4
103.5 10
103.6 7
103.7 9
103.8 6
103.9 8
104 5
104.1 16
104.2 12
104.3 11
104.4 9
104.5 16
104.6 9
104.7 19
104.8 21
104.9 13
105 19
105.1 18
105.2 26
105.3 15
105.4 24
105.5 35
105.6 22
105.7 26
105.8 26
105.9 35
106 36
106.1 47
106.2 53
106.3 57
106.4 66
106.5 75
106.6 114
106.7 218
106.8 350
106.9 507
107 618
107.1 729
107.2 841
107.3 923
107.4 1019
107.5 1128
107.6 1187
107.7 1247
107.8 1284
107.9 1332
108 1364
108.1 1401
108.2 1411
108.3 1440
108.4 1483
108.5 1512
108.6 1531
108.7 1495
108.8 1483
108.9 1474
109 1468
109.1 1454
109.2 1428
109.3 1396
109.4 1401
109.5 1394
109.6 1390
109.7 1400
109.8 1393
109.9 1406
110 1420
110.1 1395
110.2 1377
110.3 1338
110.4 1310
110.5 1292
110.6 1270
110.7 1238
110.8 1187
110.9 1163
111 1145
111.1 1135
111.2 1107
111.3 1099
111.4 1075
111.5 1049
111.6 1046
111.7 1018
111.8 1005
111.9 980
112 955
112.1 928
112.2 911
112.3 919
112.4 886
112.5 806
112.6 763
112.7 757
112.8 746
112.9 757
113 768
113.1 774
113.2 775
113.3 767
113.4 765
113.5 765
113.6 761
113.7 747
113.8 754
113.9 743
114 726
114.1 730
114.2 727
114.3 725
114.4 701
114.5 639
114.6 563
114.7 521
114.8 531
114.9 540
115 581
115.1 581
115.2 585
115.3 603
115.4 607
115.5 594
115.6 606
115.7 616
115.8 586
115.9 572
116 539
116.1 525
116.2 507
116.3 527
116.4 533
116.5 524
116.6 525
116.7 510
116.8 507
116.9 495
117 466
117.1 474
117.2 470
117.3 438
117.4 419
117.5 404
117.6 400
117.7 387
117.8 383
117.9 370
118 370
118.1 371
118.2 369
118.3 371
118.4 363
118.5 366
118.6 372
118.7 365
118.8 351
118.9 321
119 317
119.1 284
119.2 262
119.3 269
119.4 281
119.5 280
119.6 282
119.7 283
119.8 271
119.9 270
120 276
120.1 287
120.2 302
120.3 311
120.4 304
120.5 290
120.6 285
120.7 282
120.8 281
120.9 262
121 243
121.1 225
121.2 221
121.3 221
121.4 154
121.5 111
121.6 86
121.7 85
121.8 99
121.9 96
122 110
122.1 123
122.2 138
122.3 158
122.4 193
122.5 223
122.6 217
122.7 226
122.8 235
122.9 229
123 220
123.1 214
123.2 188
123.3 179
123.4 170
123.5 173
123.6 200
123.7 172
123.8 129
123.9 102
124 60
124.1 36
124.2 13
124.3 23
124.4 16
124.5 10
124.6 26
124.7 10
124.8 21
124.9 7
125 13
125.1 4
125.2 8
125.3 11
125.4 12
125.5 6
125.6 9
125.7 7
125.8 8
125.9 9
126 6
126.1 5
126.2 9
126.3 8
126.4 9
126.5 13
126.6 3
126.7 9
126.8 14
126.9 11
127 11
127.1 18
127.2 18
127.3 16
127.4 12
127.5 19
127.6 17
127.7 19
127.8 20
127.9 18
128 19
128.1 17
128.2 21
128.3 20
128.4 18
128.5 28
128.6 22
128.7 17
128.8 29
128.9 24
129 34
129.1 56
129.2 95
129.3 140
129.4 197
129.5 270
129.6 321
129.7 430
129.8 575
129.9 668
130 735
130.1 836
130.2 926
130.3 1001
130.4 1051
130.5 1090
130.6 1131
130.7 1189
130.8 1226
130.9 1257
131 1268
131.1 1304
131.2 1323
131.3 1348
131.4 1357
131.5 1329
131.6 1332
131.7 1330
131.8 1308
131.9 1274
132 1247
132.1 1247
132.2 1259
132.3 1255
132.4 1245
132.5 1197
132.6 1179
132.7 1128
132.8 1098
132.9 1078
133 1088
133.1 1067
133.2 1051
133.3 1061
133.4 1052
133.5 1037
133.6 1032
133.7 1039
133.8 1039
133.9 1012
134 996
134.1 950
134.2 900
134.3 910
134.4 906
134.5 901
134.6 874
134.7 869
134.8 847
134.9 847
135 841
135.1 852
135.2 846
135.3 834
135.4 843
135.5 827
135.6 805
135.7 772
135.8 764
135.9 769
136 770
136.1 766
136.2 749
136.3 744
136.4 734
136.5 691
136.6 657
136.7 617
136.8 587
136.9 597
137 589
137.1 589
137.2 605
137.3 598
137.4 593
137.5 571
137.6 566
137.7 577
137.8 570
137.9 554
138 547
138.1 540
138.2 516
138.3 486
138.4 489
138.5 470
138.6 455
138.7 457
138.8 379
138.9 291
139 228
139.1 209
139.2 211
139.3 226
139.4 238
139.5 248
139.6 252
139.7 266
139.8 270
139.9 271
140 275
140.1 290
140.2 273
140.3 291
140.4 309
140.5 291
140.6 213
140.7 168
140.8 162
140.9 157
141 157
141.1 194
141.2 207
141.3 212
141.4 218
141.5 228
141.6 247
141.7 257
141.8 253
141.9 262
142 236
142.1 229
142.2 242
142.3 240
142.4 249
142.5 246
142.6 195
142.7 187
142.8 190
142.9 185
143 199
143.1 212
143.2 220
143.3 221
143.4 214
143.5 209
143.6 201
143.7 181
143.8 182
143.9 175
144 191
144.1 208
144.2 206
144.3 204
144.4 207
144.5 189
144.6 191
144.7 191
144.8 193
144.9 193
145 193
145.1 193
145.2 199
145.3 193
145.4 209
145.5 228
145.6 236
145.7 235
145.8 235
145.9 237
146 224
146.1 211
146.2 210
146.3 212
146.4 200
146.5 209
146.6 216
146.7 233
146.8 234
146.9 242
147 246
147.1 239
147.2 228
147.3 217
147.4 201
147.5 193
147.6 185
147.7 189
147.8 189
147.9 156
148 97
148.1 64
148.2 63
148.3 63
148.4 73
148.5 79
148.6 72
148.7 68
148.8 52
148.9 39
149 41
149.1 44
149.2 46
149.3 56
149.4 50
149.5 54
149.6 56
149.7 66
149.8 61
149.9 43
150 18
150.1 20
150.2 13
150.3 8
150.4 11
150.5 7
150.6 7
150.7 7
150.8 6
150.9 3
151 3
151.1 4
151.2 4
151.3 3
151.4 3
151.5 4
151.6 3
151.7 5
151.8 2
151.9 3
152 3
152.1 3
152.2 3
152.3 2
152.4 6
152.5 0
152.6 8
152.7 4
152.8 4
152.9 4
153 5
153.1 4
153.2 4
153.3 1
153.4 5
153.5 3
153.6 3
153.7 8
153.8 5
153.9 11
154 6
154.1 7
154.2 7
154.3 9
154.4 10
154.5 9
154.6 6
154.7 10
154.8 7
154.9 7
155 13
155.1 10
155.2 15
155.3 19
155.4 10
155.5 15
155.6 23
155.7 34
155.8 33
155.9 44
156 40
156.1 47
156.2 57
156.3 64
156.4 68
156.5 71
156.6 75
156.7 85
156.8 154
156.9 246
157 373
157.1 520
157.2 642
157.3 793
157.4 904
157.5 991
157.6 1075
157.7 1114
157.8 1158
157.9 1209
158 1261
158.1 1288
158.2 1333
158.3 1344
158.4 1344
158.5 1375
158.6 1393
158.7 1424
158.8 1423
158.9 1399
159 1390
159.1 1404
159.2 1420
159.3 1407
159.4 1411
159.5 1409
159.6 1413
159.7 1411
159.8 1406
159.9 1398
160 1371
160.1 1354
160.2 1347
160.3 1345
160.4 1331
160.5 1317
160.6 1285
160.7 1257
160.8 1249
160.9 1251
161 1236
161.1 1221
161.2 1187
161.3 1174
161.4 1161
161.5 1130
161.6 1085
161.7 1044
161.8 1019
161.9 993
162 961
162.1 938
162.2 920
162.3 895
162.4 892
162.5 893
162.6 884
162.7 896
162.8 890
162.9 871
163 847
163.1 859
163.2 856
163.3 847
163.4 833
163.5 823
163.6 805
163.7 770
163.8 751
163.9 739
164 737
164.1 697
164.2 690
164.3 679
164.4 661
164.5 651
164.6 635
164.7 641
164.8 657
164.9 628
165 521
165.1 478
165.2 471
165.3 483
165.4 497
165.5 503
165.6 519
165.7 496
165.8 448
165.9 423
166 409
166.1 395
166.2 376
166.3 387
166.4 404
166.5 422
166.6 422
166.7 409
166.8 423
166.9 419
167 419
167.1 434
167.2 446
167.3 458
167.4 445
167.5 427
167.6 445
167.7 431
167.8 368
167.9 281
168 231
168.1 228
168.2 242
168.3 253
168.4 270
168.5 276
168.6 254
168.7 251
168.8 265
168.9 290
169 259
169.1 236
169.2 251
169.3 254
169.4 252
169.5 256
169.6 262
169.7 268
169.8 279
169.9 277
170 278
170.1 246
170.2 221
170.3 222
170.4 214
170.5 219
170.6 199
170.7 166
170.8 151
170.9 136
171 116
171.1 131
171.2 141
171.3 156
171.4 176
171.5 163
171.6 149
171.7 143
171.8 125
171.9 81
172 57
172.1 50
172.2 51
172.3 61
172.4 74
172.5 83
172.6 113
172.7 152
172.8 157
172.9 88
173 70
173.1 62
173.2 55
173.3 54
173.4 47
173.5 44
173.6 60
173.7 45
173.8 39
173.9 29
174 20
174.1 17
174.2 14
174.3 13
174.4 7
174.5 7
174.6 8
174.7 8
174.8 9
174.9 4
175 9
175.1 9
175.2 5
175.3 4
175.4 3
175.5 4
175.6 4
175.7 7
175.8 7
175.9 6
176 3
176.1 6
176.2 7
176.3 6
176.4 5
176.5 11
176.6 3
176.7 6
176.8 9
176.9 10
177 3
177.1 8
177.2 4
177.3 7
177.4 10
177.5 6
177.6 9
177.7 8
177.8 10
177.9 13
178 10
178.1 17
178.2 13
178.3 12
178.4 13
178.5 16
178.6 13
178.7 14
178.8 16
178.9 18
179 20
179.1 21
179.2 23
179.3 22
179.4 26
179.5 29
179.6 34
179.7 50
179.8 37
179.9 56
180 55
180.1 55
180.2 94
180.3 135
180.4 152
180.5 223
180.6 332
180.7 420
180.8 528
180.9 643
181 758
181.1 843
181.2 915
181.3 999
181.4 1065
181.5 1098
181.6 1118
181.7 1159
181.8 1174
181.9 1188
182 1218
182.1 1159
182.2 1065
182.3 1002
182.4 1050
182.5 1067
182.6 1106
182.7 1145
182.8 1180
182.9 1203
183 1226
183.1 1254
183.2 1267
183.3 1274
183.4 1279
183.5 1302
183.6 1315
183.7 1309
183.8 1284
183.9 1264
184 1245
184.1 1230
184.2 1222
184.3 1224
184.4 1204
184.5 1190
184.6 1152
184.7 1126
184.8 1084
184.9 1056
185 1045
185.1 1024
185.2 1010
185.3 1010
185.4 1002
185.5 964
185.6 910
185.7 869
185.8 859
185.9 852
186 856
186.1 841
186.2 840
186.3 839
186.4 832
186.5 816
186.6 819
186.7 809
186.8 787
186.9 780
187 780
187.1 777
187.2 772
187.3 779
187.4 746
187.5 708
187.6 688
187.7 674
187.8 671
187.9 573
188 535
188.1 523
188.2 537
188.3 544
188.4 525
188.5 514
188.6 494
188.7 506
188.8 528
188.9 532
189 536
189.1 520
189.2 519
189.3 517
189.4 517
189.5 513
189.6 466
189.7 438
189.8 433
189.9 444
190 439
190.1 449
190.2 449
190.3 438
190.4 447
190.5 431
190.6 322
190.7 281
190.8 281
190.9 285
191 293
191.1 305
191.2 325
191.3 333
191.4 345
191.5 344
191.6 340
191.7 325
191.8 323
191.9 313
192 307
192.1 290
192.2 271
192.3 210
192.4 179
192.5 186
192.6 182
192.7 222
192.8 241
192.9 252
193 266
193.1 279
193.2 294
193.3 293
193.4 290
193.5 283
193.6 295
193.7 304
193.8 305
193.9 322
194 315
194.1 319
194.2 325
194.3 319
194.4 315
194.5 316
194.6 319
194.7 312
194.8 308
194.9 298
195 286
195.1 285
195.2 283
195.3 295
195.4 299
195.5 293
195.6 297
195.7 298
195.8 293
195.9 292
196 301
196.1 291
196.2 279
196.3 272
196.4 276
196.5 264
196.6 257
196.7 264
196.8 261
196.9 266
197 265
197.1 251
197.2 238
197.3 241
197.4 213
197.5 209
197.6 207
197.7 193
197.8 170
197.9 170
198 179
198.1 178
198.2 149
198.3 122
198.4 69
198.5 41
198.6 26
198.7 12
198.8 14
198.9 11
199 12
199.1 9
199.2 5
199.3 8
199.4 6
199.5 5
199.6 4
199.7 2
199.8 6
199.9 2
200 3
