0 0
0.1 3
0.2 5
0.3 10
0.4 19
0.5 14
0.6 11
0.7 27
0.8 28
0.9 40
1 52
1.1 27
1.2 39
1.3 34
1.4 21
1.5 30
1.6 37
1.7 22
1.8 44
1.9 51
2 44
2.1 38
2.2 50
2.3 41
2.4 44
2.5 39
2.6 37
2.7 40
2.8 50
2.9 54
3 51
3.1 47
3.2 33
3.3 34
3.4 41
3.5 41
3.6 48
3.7 42
3.8 34
3.9 46
4 45
4.1 36
4.2 52
4.3 52
4.4 44
4.5 50
4.6 52
4.7 38
4.8 38
4.9 51
5 51
5.1 52
5.2 46
5.3 40
5.4 32
5.5 46
5.6 38
5.7 48
5.8 44
5.9 34
6 40
6.1 38
6.2 43
6.3 37
6.4 36
6.5 45
6.6 43
6.7 34
6.8 42
6.9 33
7 35
7.1 38
7.2 39
7.3 48
7.4 39
7.5 42
7.6 43
7.7 35
7.8 39
7.9 27
8 24
8.1 22
8.2 33
8.3 13
8.4 3
8.5 8
8.6 5
8.7 4
8.8 3
8.9 5
9 9
9.1 3
9.2 0
9.3 3
9.4 7
9.5 4
9.6 6
9.7 5
9.8 4
9.9 10
10 11
10.1 8
10.2 6
10.3 6
10.4 8
10.5 6
10.6 9
10.7 7
10.8 3
10.9 4
11 2
11.1 4
11.2 5
11.3 4
11.4 7
11.5 6
11.6 6
11.7 2
11.8 7
11.9 4
12 4
12.1 11
12.2 5
12.3 3
12.4 4
12.5 6
12.6 12
12.7 18
12.8 9
12.9 4
13 7
13.1 7
13.2 6
13.3 6
13.4 6
13.5 5
13.6 6
13.7 2
13.8 5
13.9 4
14 4
14.1 5
14.2 6
14.3 7
14.4 3
14.5 2
14.6 14
14.7 6
14.8 5
14.9 11
15 6
15.1 6
15.2 2
15.3 6
15.4 5
15.5 2
15.6 7
15.7 5
15.8 3
15.9 4
16 4
16.1 6
16.2 6
16.3 5
16.4 3
16.5 5
16.6 6
16.7 6
16.8 6
16.9 3
17 5
17.1 4
17.2 4
17.3 6
17.4 5
17.5 4
17.6 5
17.7 3
17.8 14
17.9 10
18 4
18.1 2
18.2 7
18.3 4
18.4 5
18.5 5
18.6 5
18.7 6
18.8 3
18.9 2
19 30
19.1 15
19.2 12
19.3 9
19.4 3
19.5 4
19.6 6
19.7 3
19.8 4
19.9 4
20 0
20.1 2
20.2 3
20.3 4
20.4 3
20.5 3
20.6 14
20.7 5
20.8 5
20.9 9
21 5
21.1 6
21.2 7
21.3 5
21.4 5
21.5 3
21.6 5
21.7 5
21.8 6
21.9 4
22 16
22.1 9
22.2 6
22.3 4
22.4 3
22.5 3
22.6 6
22.7 2
22.8 4
22.9 1
23 3
23.1 6
23.2 5
23.3 4
23.4 4
23.5 6
23.6 3
23.7 3
23.8 3
23.9 4
24 2
24.1 5
24.2 14
24.3 8
24.4 6
24.5 3
24.6 10
24.7 3
24.8 2
24.9 3
25 3
25.1 9
25.2 5
25.3 4
25.4 2
25.5 5
25.6 5
25.7 3
25.8 6
25.9 30
26 21
26.1 29
26.2 30
26.3 22
26.4 37
26.5 32
26.6 31
26.7 47
26.8 41
26.9 48
27 41
27.1 41
27.2 48
27.3 47
27.4 48
27.5 50
27.6 38
27.7 37
27.8 45
27.9 43
28 43
28.1 52
28.2 36
28.3 37
28.4 31
28.5 37
28.6 46
28.7 36
28.8 39
28.9 45
29 27
29.1 39
29.2 45
29.3 40
29.4 39
29.5 36
29.6 40
29.7 48
29.8 49
29.9 36
30 41
30.1 42
30.2 43
30.3 43
30.4 42
30.5 32
30.6 38
30.7 37
30.8 28
30.9 35
31 42
31.1 34
31.2 37
31.3 22
31.4 20
31.5 24
31.6 32
31.7 34
31.8 14
31.9 16
32 20
32.1 27
32.2 8
32.3 8
32.4 4
32.5 6
32.6 6
32.7 8
32.8 3
32.9 15
33 6
33.1 8
33.2 2
33.3 2
33.4 3
33.5 3
33.6 2
33.7 2
33.8 9
33.9 6
34 5
34.1 5
34.2 9
34.3 7
34.4 2
34.5 2
34.6 4
34.7 5
34.8 2
34.9 3
35 1
35.1 2
35.2 8
35.3 5
35.4 5
35.5 4
35.6 3
35.7 5
35.8 1
35.9 5
36 7
36.1 6
36.2 5
36.3 8
36.4 9
36.5 6
36.6 5
36.7 2
36.8 3
36.9 5
37 3
37.1 8
37.2 5
37.3 8
37.4 5
37.5 6
37.6 2
37.7 1
37.8 5
37.9 4
38 10
38.1 6
38.2 7
38.3 8
38.4 9
38.5 8
38.6 7
38.7 7
38.8 9
38.9 8
39 6
39.1 6
39.2 3
39.3 4
39.4 5
39.5 10
39.6 8
39.7 4
39.8 11
39.9 7
40 8
40.1 6
40.2 5
40.3 4
40.4 3
40.5 5
40.6 4
40.7 5
40.8 5
40.9 6
41 3
41.1 6
41.2 7
41.3 4
41.4 7
41.5 6
41.6 3
41.7 2
41.8 4
41.9 9
42 31
42.1 24
42.2 8
42.3 5
42.4 7
42.5 1
42.6 5
42.7 4
42.8 4
42.9 10
43 7
43.1 3
43.2 1
43.3 4
43.4 4
43.5 3
43.6 3
43.7 1
43.8 2
43.9 3
44 6
44.1 7
44.2 6
44.3 7
44.4 6
44.5 5
44.6 5
44.7 16
44.8 7
44.9 4
45 1
45.1 2
45.2 3
45.3 6
45.4 7
45.5 8
45.6 5
45.7 9
45.8 9
45.9 5
46 7
46.1 2
46.2 6
46.3 7
46.4 5
46.5 5
46.6 4
46.7 3
46.8 6
46.9 3
47 7
47.1 8
47.2 5
47.3 8
47.4 3
47.5 4
47.6 2
47.7 5
47.8 4
47.9 3
48 4
48.1 6
48.2 4
48.3 5
48.4 5
48.5 1
48.6 2
48.7 6
48.8 8
48.9 7
49 15
49.1 7
49.2 6
49.3 5
49.4 9
49.5 9
49.6 8
49.7 13
49.8 7
49.9 7
50 6
50.1 7
50.2 14
50.3 6
50.4 11
50.5 7
50.6 26
50.7 16
50.8 33
50.9 19
51 16
51.1 15
51.2 19
51.3 26
51.4 31
51.5 36
51.6 46
51.7 29
51.8 32
51.9 45
52 36
52.1 49
52.2 57
52.3 41
52.4 47
52.5 43
52.6 33
52.7 49
52.8 53
52.9 50
53 40
53.1 41
53.2 51
53.3 63
53.4 53
53.5 51
53.6 56
53.7 37
53.8 48
53.9 41
54 41
54.1 35
54.2 35
54.3 39
54.4 28
54.5 38
54.6 49
54.7 37
54.8 38
54.9 42
55 44
55.1 47
55.2 50
55.3 39
55.4 43
55.5 50
55.6 28
55.7 23
55.8 29
55.9 43
56 37
56.1 43
56.2 31
56.3 45
56.4 26
56.5 14
56.6 16
56.7 10
56.8 26
56.9 32
57 14
57.1 6
57.2 8
57.3 14
57.4 5
57.5 8
57.6 4
57.7 4
57.8 6
57.9 5
58 6
58.1 8
58.2 10
58.3 4
58.4 2
58.5 5
58.6 7
58.7 6
58.8 4
58.9 6
59 7
59.1 5
59.2 5
59.3 6
59.4 4
59.5 5
59.6 4
59.7 6
59.8 9
59.9 7
60 6
60.1 3
60.2 5
60.3 5
60.4 3
60.5 1
60.6 4
60.7 2
60.8 5
60.9 3
61 4
61.1 5
61.2 5
61.3 7
61.4 8
61.5 9
61.6 29
61.7 8
61.8 4
61.9 6
62 10
62.1 6
62.2 6
62.3 4
62.4 6
62.5 5
62.6 4
62.7 7
62.8 2
62.9 6
63 3
63.1 3
63.2 3
63.3 5
63.4 4
63.5 5
63.6 3
63.7 3
63.8 6
63.9 5
64 6
64.1 6
64.2 5
64.3 7
64.4 8
64.5 4
64.6 1
64.7 2
64.8 7
64.9 6
65 3
65.1 4
65.2 5
65.3 6
65.4 5
65.5 6
65.6 5
65.7 6
65.8 9
65.9 6
66 5
66.1 9
66.2 8
66.3 1
66.4 6
66.5 6
66.6 4
66.7 4
66.8 6
66.9 3
67 5
67.1 25
67.2 23
67.3 13
67.4 5
67.5 5
67.6 6
67.7 6
67.8 5
67.9 5
68 6
68.1 4
68.2 7
68.3 7
68.4 14
68.5 10
68.6 18
68.7 12
68.8 8
68.9 5
69 7
69.1 8
69.2 10
69.3 5
69.4 11
69.5 19
69.6 25
69.7 12
69.8 25
69.9 14
70 23
70.1 21
70.2 10
70.3 12
70.4 11
70.5 27
70.6 22
70.7 39
70.8 31
70.9 23
71 26
71.1 33
71.2 31
71.3 36
71.4 24
71.5 40
71.6 38
71.7 37
71.8 46
71.9 34
72 38
72.1 37
72.2 30
72.3 43
72.4 45
72.5 50
72.6 31
72.7 44
72.8 47
72.9 45
73 51
73.1 42
73.2 28
73.3 31
73.4 40
73.5 36
73.6 53
73.7 44
73.8 51
73.9 62
74 53
74.1 48
74.2 49
74.3 48
74.4 48
74.5 49
74.6 38
74.7 34
74.8 23
74.9 36
75 30
75.1 30
75.2 44
75.3 38
75.4 30
75.5 40
75.6 35
75.7 27
75.8 30
75.9 46
76 27
76.1 15
76.2 13
76.3 7
76.4 6
76.5 5
76.6 1
76.7 5
76.8 7
76.9 6
77 6
77.1 6
77.2 3
77.3 2
77.4 11
77.5 24
77.6 7
77.7 6
77.8 2
77.9 4
78 6
78.1 5
78.2 6
78.3 9
78.4 6
78.5 7
78.6 5
78.7 7
78.8 5
78.9 3
79 4
79.1 4
79.2 4
79.3 6
79.4 4
79.5 5
79.6 3
79.7 4
79.8 6
79.9 5
80 4
80.1 6
80.2 4
80.3 2
80.4 4
80.5 1
80.6 3
80.7 5
80.8 6
80.9 6
81 5
81.1 6
81.2 8
81.3 6
81.4 3
81.5 4
81.6 5
81.7 2
81.8 4
81.9 4
82 4
82.1 5
82.2 10
82.3 8
82.4 4
82.5 1
82.6 4
82.7 3
82.8 4
82.9 6
83 5
83.1 3
83.2 4
83.3 12
83.4 4
83.5 5
83.6 5
83.7 4
83.8 2
83.9 4
84 3
84.1 5
84.2 6
84.3 4
84.4 5
84.5 6
84.6 6
84.7 3
84.8 2
84.9 5
85 5
85.1 6
85.2 7
85.3 3
85.4 3
85.5 3
85.6 6
85.7 7
85.8 2
85.9 4
86 7
86.1 5
86.2 2
86.3 3
86.4 2
86.5 10
86.6 7
86.7 10
86.8 9
86.9 8
87 22
87.1 21
87.2 8
87.3 9
87.4 6
87.5 1
87.6 4
87.7 3
87.8 5
87.9 32
88 31
88.1 36
88.2 40
88.3 35
88.4 26
88.5 27
88.6 37
88.7 31
88.8 27
88.9 30
89 23
89.1 28
89.2 36
89.3 40
89.4 30
89.5 34
89.6 44
89.7 58
89.8 36
89.9 45
90 41
90.1 36
90.2 32
90.3 39
90.4 36
90.5 29
90.6 38
90.7 32
90.8 34
90.9 34
91 35
91.1 37
91.2 31
91.3 39
91.4 41
91.5 51
91.6 49
91.7 48
91.8 34
91.9 30
92 49
92.1 42
92.2 43
92.3 49
92.4 38
92.5 49
92.6 38
92.7 31
92.8 47
92.9 47
93 38
93.1 40
93.2 34
93.3 37
93.4 28
93.5 32
93.6 22
93.7 22
93.8 33
93.9 10
94 20
94.1 12
94.2 4
94.3 6
94.4 5
94.5 3
94.6 3
94.7 5
94.8 3
94.9 6
95 7
95.1 5
95.2 3
95.3 2
95.4 5
95.5 4
95.6 7
95.7 5
95.8 1
95.9 3
96 5
96.1 6
96.2 2
96.3 6
96.4 7
96.5 6
96.6 4
96.7 7
96.8 6
96.9 1
97 1
97.1 2
97.2 1
97.3 2
97.4 7
97.5 8
97.6 3
97.7 12
97.8 9
97.9 9
98 10
98.1 6
98.2 7
98.3 7
98.4 8
98.5 5
98.6 4
98.7 5
98.8 4
98.9 3
99 3
99.1 6
99.2 15
99.3 11
99.4 5
99.5 4
99.6 6
99.7 4
99.8 2
99.9 0
100 1
100.1 2
100.2 4
100.3 1
100.4 2
100.5 3
100.6 5
100.7 4
100.8 5
100.9 3
101 3
101.1 3
101.2 3
101.3 6
101.4 6
101.5 4
101.6 8
101.7 8
101.8 6
101.9 3
102 3
102.1 3
102.2 9
102.3 9
102.4 14
102.5 11
102.6 5
102.7 4
102.8 5
102.9 2
103 4
103.1 7
103.2 7
103.3 8
103.4 5
103.5 8
103.6 8
103.7 12
103.8 4
103.9 3
104 5
104.1 4
104.2 7
104.3 16
104.4 8
104.5 2
104.6 1
104.7 3
104.8 8
104.9 4
105 3
105.1 3
105.2 6
105.3 6
105.4 3
105.5 7
105.6 3
105.7 6
105.8 4
105.9 5
106 7
106.1 7
106.2 4
106.3 1
106.4 8
106.5 6
106.6 4
106.7 5
106.8 5
106.9 4
107 4
107.1 3
107.2 6
107.3 7
107.4 6
107.5 5
107.6 5
107.7 3
107.8 7
107.9 5
108 7
108.1 2
108.2 3
108.3 3
108.4 3
108.5 4
108.6 3
108.7 5
108.8 5
108.9 4
109 5
109.1 3
109.2 5
109.3 12
109.4 7
109.5 4
109.6 5
109.7 6
109.8 6
109.9 17
110 10
110.1 6
110.2 7
110.3 7
110.4 7
110.5 4
110.6 6
110.7 7
110.8 5
110.9 9
111 5
111.1 1
111.2 0
111.3 3
111.4 2
111.5 4
111.6 7
111.7 4
111.8 6
111.9 5
112 3
112.1 6
112.2 4
112.3 6
112.4 3
112.5 7
112.6 5
112.7 8
112.8 14
112.9 18
113 13
113.1 7
113.2 10
113.3 18
113.4 28
113.5 35
113.6 32
113.7 33
113.8 30
113.9 17
114 26
114.1 33
114.2 19
114.3 32
114.4 33
114.5 42
114.6 41
114.7 53
114.8 49
114.9 47
115 34
115.1 42
115.2 45
115.3 53
115.4 43
115.5 48
115.6 49
115.7 37
115.8 38
115.9 34
116 50
116.1 41
116.2 39
116.3 41
116.4 41
116.5 50
116.6 42
116.7 45
116.8 46
116.9 39
117 40
117.1 36
117.2 36
117.3 41
117.4 39
117.5 32
117.6 31
117.7 37
117.8 43
117.9 30
118 41
118.1 43
118.2 23
118.3 8
118.4 11
118.5 34
118.6 27
118.7 37
118.8 39
118.9 18
119 13
119.1 7
119.2 4
119.3 13
119.4 6
119.5 5
119.6 6
119.7 6
119.8 8
119.9 9
120 7
120.1 1
120.2 6
120.3 11
120.4 6
120.5 8
120.6 5
120.7 2
120.8 6
120.9 16
121 10
121.1 7
121.2 2
121.3 5
121.4 7
121.5 5
121.6 9
121.7 6
121.8 5
121.9 4
122 5
122.1 7
122.2 7
122.3 8
122.4 5
122.5 5
122.6 5
122.7 10
122.8 2
122.9 5
123 3
123.1 5
123.2 7
123.3 6
123.4 3
123.5 5
123.6 5
123.7 4
123.8 3
123.9 2
124 7
124.1 7
124.2 6
124.3 3
124.4 3
124.5 2
124.6 2
124.7 8
124.8 8
124.9 8
125 9
125.1 6
125.2 5
125.3 5
125.4 3
125.5 3
125.6 4
125.7 5
125.8 4
125.9 5
126 1
126.1 3
126.2 6
126.3 6
126.4 10
126.5 15
126.6 15
126.7 9
126.8 9
126.9 4
127 11
127.1 7
127.2 4
127.3 3
127.4 3
127.5 3
127.6 6
127.7 4
127.8 4
127.9 4
128 3
128.1 2
128.2 8
128.3 6
128.4 3
128.5 4
128.6 3
128.7 5
128.8 6
128.9 6
129 3
129.1 3
129.2 5
129.3 5
129.4 6
129.5 3
129.6 4
129.7 5
129.8 2
129.9 3
130 5
130.1 5
130.2 2
130.3 6
130.4 7
130.5 4
130.6 10
130.7 5
130.8 10
130.9 6
131 8
131.1 12
131.2 9
131.3 12
131.4 10
131.5 11
131.6 8
131.7 8
131.8 15
131.9 33
132 18
132.1 15
132.2 11
132.3 9
132.4 6
132.5 6
132.6 3
132.7 10
132.8 11
132.9 9
133 8
133.1 5
133.2 9
133.3 5
133.4 5
133.5 12
133.6 24
133.7 18
133.8 7
133.9 8
134 5
134.1 22
134.2 14
134.3 10
134.4 11
134.5 21
134.6 18
134.7 10
134.8 26
134.9 14
135 7
135.1 6
135.2 12
135.3 7
135.4 4
135.5 2
135.6 3
135.7 4
135.8 3
135.9 1
136 4
136.1 3
136.2 4
136.3 5
136.4 4
136.5 6
136.6 2
136.7 6
136.8 5
136.9 8
137 2
137.1 7
137.2 6
137.3 11
137.4 6
137.5 5
137.6 6
137.7 7
137.8 9
137.9 8
138 9
138.1 7
138.2 2
138.3 7
138.4 4
138.5 4
138.6 5
138.7 3
138.8 2
138.9 5
139 6
139.1 2
139.2 9
139.3 6
139.4 4
139.5 4
139.6 4
139.7 5
139.8 9
139.9 8
140 17
140.1 11
140.2 13
140.3 7
140.4 8
140.5 4
140.6 7
140.7 3
140.8 5
140.9 4
141 4
141.1 4
141.2 6
141.3 8
141.4 12
141.5 12
141.6 7
141.7 1
141.8 2
141.9 4
142 2
142.1 2
142.2 28
142.3 14
142.4 19
142.5 8
142.6 5
142.7 4
142.8 5
142.9 4
143 7
143.1 8
143.2 7
143.3 8
143.4 10
143.5 11
143.6 7
143.7 8
143.8 3
143.9 4
144 7
144.1 7
144.2 4
144.3 8
144.4 8
144.5 18
144.6 26
144.7 34
144.8 19
144.9 23
145 12
145.1 4
145.2 7
145.3 14
145.4 12
145.5 14
145.6 24
145.7 32
145.8 23
145.9 27
146 23
146.1 39
146.2 24
146.3 33
146.4 42
146.5 37
146.6 26
146.7 47
146.8 35
146.9 36
147 47
147.1 53
147.2 39
147.3 43
147.4 25
147.5 42
147.6 48
147.7 36
147.8 34
147.9 40
148 43
148.1 47
148.2 44
148.3 43
148.4 37
148.5 43
148.6 41
148.7 46
148.8 42
148.9 39
149 36
149.1 51
149.2 36
149.3 43
149.4 37
149.5 22
149.6 17
149.7 31
149.8 26
149.9 39
150 34
150.1 19
150.2 19
150.3 12
150.4 4
150.5 18
150.6 9
150.7 13
150.8 5
150.9 5
151 6
151.1 9
151.2 6
151.3 5
151.4 5
151.5 6
151.6 5
151.7 4
151.8 5
151.9 4
152 2
152.1 3
152.2 5
152.3 6
152.4 6
152.5 9
152.6 4
152.7 6
152.8 6
152.9 4
153 6
153.1 5
153.2 4
153.3 3
153.4 4
153.5 3
153.6 2
153.7 2
153.8 4
153.9 1
154 4
154.1 5
154.2 2
154.3 2
154.4 6
154.5 4
154.6 5
154.7 3
154.8 6
154.9 4
155 5
155.1 8
155.2 6
155.3 3
155.4 3
155.5 9
155.6 7
155.7 8
155.8 7
155.9 2
156 5
156.1 10
156.2 3
156.3 4
156.4 8
156.5 9
156.6 8
156.7 10
156.8 5
156.9 4
157 2
157.1 5
157.2 3
157.3 2
157.4 11
157.5 9
157.6 2
157.7 3
157.8 4
157.9 4
158 9
158.1 6
158.2 5
158.3 7
158.4 6
158.5 11
158.6 9
158.7 6
158.8 1
158.9 2
159 3
159.1 4
159.2 2
159.3 1
159.4 2
159.5 3
159.6 8
159.7 7
159.8 9
159.9 11
160 7
160.1 3
160.2 7
160.3 6
160.4 9
160.5 13
160.6 11
160.7 5
160.8 4
160.9 5
161 5
161.1 3
161.2 4
161.3 3
161.4 5
161.5 5
161.6 4
161.7 9
161.8 4
161.9 7
162 3
162.1 4
162.2 4
162.3 3
162.4 6
162.5 4
162.6 4
162.7 2
162.8 4
162.9 5
163 2
163.1 2
163.2 6
163.3 5
163.4 5
163.5 3
163.6 4
163.7 3
163.8 3
163.9 2
164 2
164.1 3
164.2 7
164.3 9
164.4 4
164.5 6
164.6 10
164.7 3
164.8 3
164.9 3
165 3
165.1 5
165.2 3
165.3 4
165.4 7
165.5 5
165.6 5
165.7 6
165.8 8
165.9 16
166 13
166.1 6
166.2 13
166.3 31
166.4 20
166.5 21
166.6 16
166.7 29
166.8 35
166.9 29
167 52
167.1 36
167.2 23
167.3 41
167.4 34
167.5 42
167.6 41
167.7 32
167.8 32
167.9 35
168 30
168.1 38
168.2 31
168.3 26
168.4 40
168.5 41
168.6 26
168.7 21
168.8 29
168.9 39
169 38
169.1 37
169.2 39
169.3 45
169.4 51
169.5 46
169.6 58
169.7 49
169.8 51
169.9 59
170 47
170.1 46
170.2 57
170.3 44
170.4 41
170.5 44
170.6 42
170.7 35
170.8 46
170.9 48
171 45
171.1 56
171.2 43
171.3 51
171.4 48
171.5 46
171.6 51
171.7 40
171.8 43
171.9 41
172 35
172.1 36
172.2 37
172.3 38
172.4 43
172.5 43
172.6 32
172.7 30
172.8 40
172.9 39
173 44
173.1 40
173.2 31
173.3 31
173.4 41
173.5 47
173.6 45
173.7 34
173.8 37
173.9 21
174 10
174.1 12
174.2 9
174.3 8
174.4 5
174.5 7
174.6 4
174.7 5
174.8 2
174.9 2
175 4
175.1 7
175.2 5
175.3 7
175.4 5
175.5 7
175.6 8
175.7 3
175.8 1
175.9 2
176 3
176.1 4
176.2 8
176.3 6
176.4 4
176.5 5
176.6 4
176.7 7
176.8 5
176.9 4
177 6
177.1 12
177.2 9
177.3 7
177.4 0
177.5 3
177.6 5
177.7 16
177.8 9
177.9 10
178 8
178.1 8
178.2 6
178.3 9
178.4 7
178.5 9
178.6 6
178.7 8
178.8 14
178.9 7
179 2
179.1 2
179.2 5
179.3 2
179.4 7
179.5 4
179.6 6
179.7 5
179.8 4
179.9 6
180 6
180.1 6
180.2 9
180.3 7
180.4 4
180.5 6
180.6 7
180.7 7
180.8 7
180.9 3
181 8
181.1 12
181.2 8
181.3 6
181.4 3
181.5 5
181.6 6
181.7 4
181.8 2
181.9 2
182 5
182.1 9
182.2 8
182.3 4
182.4 4
182.5 8
182.6 6
182.7 7
182.8 5
182.9 4
183 2
183.1 2
183.2 2
183.3 1
183.4 4
183.5 4
183.6 9
183.7 6
183.8 9
183.9 21
184 16
184.1 3
184.2 5
184.3 7
184.4 6
184.5 1
184.6 3
184.7 4
184.8 7
184.9 5
185 5
185.1 7
185.2 5
185.3 4
185.4 8
185.5 9
185.6 2
185.7 7
185.8 11
185.9 9
186 6
186.1 6
186.2 6
186.3 2
186.4 1
186.5 2
186.6 2
186.7 4
186.8 5
186.9 7
187 1
187.1 21
187.2 7
187.3 22
187.4 12
187.5 12
187.6 13
187.7 6
187.8 6
187.9 5
188 5
188.1 8
188.2 5
188.3 12
188.4 9
188.5 6
188.6 5
188.7 23
188.8 12
188.9 22
189 33
189.1 28
189.2 48
189.3 51
189.4 36
189.5 45
189.6 51
189.7 47
189.8 34
189.9 32
190 37
190.1 42
190.2 36
190.3 37
190.4 36
190.5 52
190.6 52
190.7 57
190.8 45
190.9 44
191 47
191.1 40
191.2 43
191.3 50
191.4 44
191.5 51
191.6 46
191.7 53
191.8 43
191.9 40
192 36
192.1 49
192.2 53
192.3 47
192.4 42
192.5 48
192.6 41
192.7 51
192.8 40
192.9 41
193 35
193.1 49
193.2 43
193.3 33
193.4 55
193.5 50
193.6 48
193.7 36
193.8 29
193.9 37
194 39
194.1 56
194.2 49
194.3 49
194.4 34
194.5 29
194.6 18
194.7 28
194.8 25
194.9 30
195 20
195.1 27
195.2 23
195.3 18
195.4 12
195.5 20
195.6 10
195.7 6
195.8 14
195.9 14
196 12
196.1 6
196.2 5
196.3 3
196.4 4
196.5 5
196.6 8
196.7 4
196.8 8
196.9 3
197 4
197.1 1
197.2 2
197.3 7
197.4 4
197.5 9
197.6 6
197.7 7
197.8 6
197.9 9
198 10
198.1 13
198.2 11
198.3 6
198.4 4
198.5 3
198.6 3
198.7 4
198.8 3
198.9 2
199 4
199.1 2
199.2 2
199.3 3
199.4 2
199.5 4
199.6 3
199.7 3
199.8 5
199.9 5
200 3
