0 0
0.1 0
0.2 0
0.3 0
0.4 1
0.5 4
0.6 6
0.7 8
0.8 9
0.9 15
1 19
1.1 26
1.2 31
1.3 32
1.4 38
1.5 43
1.6 46
1.7 58
1.8 75
1.9 90
2 95
2.1 110
2.2 121
2.3 133
2.4 145
2.5 164
2.6 177
2.7 186
2.8 206
2.9 228
3 260
3.1 275
3.2 301
3.3 321
3.4 342
3.5 361
3.6 383
3.7 409
3.8 438
3.9 453
4 474
4.1 501
4.2 523
4.3 553
4.4 573
4.5 603
4.6 631
4.7 648
4.8 669
4.9 702
5 725
5.1 753
5.2 789
5.3 816
5.4 855
5.5 881
5.6 906
5.7 923
5.8 947
5.9 980
6 1002
6.1 1024
6.2 1048
6.3 1090
6.4 1111
6.5 1146
6.6 1161
6.7 1195
6.8 1213
6.9 1244
7 1267
7.1 1296
7.2 1329
7.3 1358
7.4 1393
7.5 1424
7.6 1452
7.7 1478
7.8 1511
7.9 1551
8 1563
8.1 1581
8.2 1580
8.3 1556
8.4 1529
8.5 1399
8.6 1307
8.7 1201
8.8 1131
8.9 1034
9 977
9.1 914
9.2 849
9.3 794
9.4 725
9.5 679
9.6 648
9.7 601
9.8 562
9.9 530
10 496
10.1 478
10.2 457
10.3 427
10.4 423
10.5 395
10.6 367
10.7 360
10.8 338
10.9 333
11 343
11.1 334
11.2 324
11.3 318
11.4 320
11.5 316
11.6 290
11.7 272
11.8 255
11.9 249
12 258
12.1 252
12.2 248
12.3 248
12.4 238
12.5 242
12.6 248
12.7 248
12.8 246
12.9 258
13 244
13.1 232
13.2 216
13.3 236
13.4 257
13.5 276
13.6 269
13.7 258
13.8 265
13.9 288
14 320
14.1 314
14.2 316
14.3 317
14.4 305
14.5 297
14.6 304
14.7 290
14.8 282
14.9 274
15 271
15.1 272
15.2 281
15.3 276
15.4 274
15.5 272
15.6 267
15.7 252
15.8 257
15.9 258
16 256
16.1 265
16.2 273
16.3 285
16.4 287
16.5 299
16.6 310
16.7 301
16.8 295
16.9 326
17 348
17.1 342
17.2 340
17.3 332
17.4 330
17.5 325
17.6 334
17.7 338
17.8 349
17.9 329
18 312
18.1 307
18.2 295
18.3 282
18.4 287
18.5 346
18.6 369
18.7 371
18.8 379
18.9 424
19 526
19.1 589
19.2 588
19.3 597
19.4 609
19.5 622
19.6 619
19.7 632
19.8 640
19.9 656
20 667
20.1 688
20.2 704
20.3 713
20.4 727
20.5 760
20.6 784
20.7 806
20.8 824
20.9 841
21 868
21.1 894
21.2 921
21.3 953
21.4 989
21.5 1013
21.6 1045
21.7 1066
21.8 1102
21.9 1137
22 1159
22.1 1193
22.2 1223
22.3 1249
22.4 1285
22.5 1317
22.6 1344
22.7 1364
22.8 1419
22.9 1454
23 1488
23.1 1531
23.2 1561
23.3 1596
23.4 1648
23.5 1664
23.6 1661
23.7 1694
23.8 1709
23.9 1663
24 1589
24.1 1492
24.2 1390
24.3 1273
24.4 1190
24.5 1092
24.6 1021
24.7 953
24.8 873
24.9 798
25 747
25.1 694
25.2 643
25.3 584
25.4 549
25.5 528
25.6 511
25.7 495
25.8 461
25.9 431
26 404
26.1 380
26.2 354
26.3 339
26.4 339
26.5 329
26.6 331
26.7 324
26.8 325
26.9 341
27 350
27.1 331
27.2 336
27.3 304
27.4 293
27.5 267
27.6 256
27.7 237
27.8 241
27.9 250
28 271
28.1 291
28.2 296
28.3 285
28.4 268
28.5 267
28.6 261
28.7 269
28.8 255
28.9 296
29 307
29.1 304
29.2 285
29.3 268
29.4 260
29.5 264
29.6 276
29.7 268
29.8 281
29.9 300
30 306
30.1 310
30.2 299
30.3 306
30.4 316
30.5 325
30.6 322
30.7 312
30.8 310
30.9 324
31 332
31.1 356
31.2 361
31.3 338
31.4 306
31.5 307
31.6 310
31.7 320
31.8 309
31.9 288
32 272
32.1 282
32.2 293
32.3 295
32.4 299
32.5 299
32.6 291
32.7 274
32.8 274
32.9 275
33 275
33.1 302
33.2 315
33.3 347
33.4 367
33.5 381
33.6 365
33.7 370
33.8 367
33.9 389
34 380
34.1 357
34.2 339
34.3 322
34.4 308
34.5 285
34.6 266
34.7 248
34.8 246
34.9 243
35 233
35.1 243
35.2 230
35.3 246
35.4 273
35.5 271
35.6 268
35.7 244
35.8 239
35.9 241
36 229
36.1 229
36.2 248
36.3 250
36.4 254
36.5 254
36.6 260
36.7 262
36.8 280
36.9 278
37 284
37.1 287
37.2 294
37.3 286
37.4 282
37.5 298
37.6 290
37.7 283
37.8 272
37.9 257
38 252
38.1 252
38.2 250
38.3 259
38.4 259
38.5 265
38.6 273
38.7 266
38.8 261
38.9 260
39 261
39.1 262
39.2 254
39.3 252
39.4 243
39.5 234
39.6 234
39.7 229
39.8 227
39.9 231
40 228
40.1 231
40.2 222
40.3 237
40.4 234
40.5 234
40.6 235
40.7 245
40.8 266
40.9 277
41 276
41.1 280
41.2 279
41.3 278
41.4 319
41.5 322
41.6 316
41.7 307
41.8 305
41.9 371
42 391
42.1 396
42.2 402
42.3 401
42.4 409
42.5 420
42.6 424
42.7 433
42.8 436
42.9 449
43 459
43.1 470
43.2 483
43.3 497
43.4 512
43.5 537
43.6 560
43.7 576
43.8 597
43.9 622
44 652
44.1 674
44.2 695
44.3 724
44.4 756
44.5 788
44.6 813
44.7 844
44.8 867
44.9 896
45 929
45.1 963
45.2 996
45.3 1033
45.4 1063
45.5 1102
45.6 1123
45.7 1161
45.8 1180
45.9 1217
46 1241
46.1 1276
46.2 1307
46.3 1339
46.4 1372
46.5 1386
46.6 1412
46.7 1436
46.8 1459
46.9 1487
47 1517
47.1 1556
47.2 1577
47.3 1600
47.4 1611
47.5 1605
47.6 1555
47.7 1464
47.8 1343
47.9 1241
48 1111
48.1 1039
48.2 1001
48.3 930
48.4 880
48.5 820
48.6 759
48.7 699
48.8 679
48.9 644
49 619
49.1 572
49.2 542
49.3 532
49.4 503
49.5 479
49.6 434
49.7 423
49.8 414
49.9 385
50 384
50.1 369
50.2 366
50.3 390
50.4 402
50.5 408
50.6 401
50.7 404
50.8 402
50.9 407
51 418
51.1 408
51.2 393
51.3 388
51.4 381
51.5 357
51.6 339
51.7 331
51.8 300
51.9 279
52 284
52.1 300
52.2 316
52.3 329
52.4 322
52.5 319
52.6 326
52.7 342
52.8 320
52.9 332
53 328
53.1 329
53.2 336
53.3 349
53.4 371
53.5 360
53.6 341
53.7 336
53.8 323
53.9 293
54 300
54.1 311
54.2 301
54.3 306
54.4 298
54.5 280
54.6 289
54.7 303
54.8 282
54.9 268
55 264
55.1 274
55.2 301
55.3 304
55.4 299
55.5 297
55.6 314
55.7 326
55.8 328
55.9 335
56 345
56.1 332
56.2 336
56.3 342
56.4 347
56.5 349
56.6 325
56.7 320
56.8 315
56.9 318
57 304
57.1 315
57.2 303
57.3 293
57.4 300
57.5 293
57.6 296
57.7 298
57.8 307
57.9 315
58 331
58.1 340
58.2 346
58.3 325
58.4 305
58.5 300
58.6 303
58.7 285
58.8 264
58.9 248
59 239
59.1 255
59.2 285
59.3 305
59.4 306
59.5 302
59.6 282
59.7 269
59.8 255
59.9 258
60 239
60.1 229
60.2 235
60.3 236
60.4 245
60.5 238
60.6 238
60.7 236
60.8 232
60.9 237
61 240
61.1 244
61.2 247
61.3 264
61.4 291
61.5 290
61.6 300
61.7 286
61.8 285
61.9 289
62 285
62.1 271
62.2 264
62.3 239
62.4 222
62.5 219
62.6 232
62.7 253
62.8 257
62.9 266
63 360
63.1 412
63.2 426
63.3 433
63.4 447
63.5 454
63.6 460
63.7 469
63.8 475
63.9 485
64 495
64.1 500
64.2 509
64.3 521
64.4 531
64.5 541
64.6 552
64.7 567
64.8 582
64.9 593
65 606
65.1 629
65.2 642
65.3 661
65.4 680
65.5 692
65.6 699
65.7 714
65.8 733
65.9 751
66 770
66.1 785
66.2 801
66.3 828
66.4 850
66.5 877
66.6 896
66.7 921
66.8 951
66.9 973
67 999
67.1 1012
67.2 1040
67.3 1061
67.4 1077
67.5 1103
67.6 1127
67.7 1144
67.8 1169
67.9 1191
68 1211
68.1 1241
68.2 1268
68.3 1288
68.4 1321
68.5 1342
68.6 1365
68.7 1386
68.8 1404
68.9 1423
69 1459
69.1 1493
69.2 1528
69.3 1555
69.4 1574
69.5 1597
69.6 1627
69.7 1616
69.8 1616
69.9 1569
70 1498
70.1 1425
70.2 1329
70.3 1222
70.4 1127
70.5 1036
70.6 983
70.7 927
70.8 876
70.9 820
71 780
71.1 739
71.2 685
71.3 651
71.4 619
71.5 625
71.6 702
71.7 695
71.8 657
71.9 605
72 569
72.1 526
72.2 508
72.3 494
72.4 473
72.5 462
72.6 460
72.7 443
72.8 429
72.9 410
73 391
73.1 376
73.2 366
73.3 381
73.4 360
73.5 355
73.6 337
73.7 326
73.8 316
73.9 306
74 304
74.1 308
74.2 300
74.3 287
74.4 265
74.5 259
74.6 263
74.7 251
74.8 270
74.9 270
75 262
75.1 261
75.2 258
75.3 250
75.4 238
75.5 226
75.6 222
75.7 210
75.8 212
75.9 225
76 230
76.1 242
76.2 239
76.3 231
76.4 234
76.5 252
76.6 278
76.7 272
76.8 266
76.9 250
77 263
77.1 262
77.2 248
77.3 247
77.4 259
77.5 253
77.6 245
77.7 253
77.8 244
77.9 244
78 254
78.1 255
78.2 257
78.3 265
78.4 288
78.5 279
78.6 264
78.7 251
78.8 247
78.9 239
79 229
79.1 215
79.2 216
79.3 212
79.4 224
79.5 229
79.6 225
79.7 220
79.8 213
79.9 219
80 235
80.1 240
80.2 240
80.3 233
80.4 236
80.5 228
80.6 243
80.7 255
80.8 257
80.9 254
81 241
81.1 234
81.2 236
81.3 228
81.4 224
81.5 227
81.6 236
81.7 243
81.8 280
81.9 341
82 381
82.1 416
82.2 452
82.3 473
82.4 464
82.5 459
82.6 484
82.7 494
82.8 500
82.9 510
83 510
83.1 519
83.2 519
83.3 525
83.4 536
83.5 544
83.6 553
83.7 567
83.8 570
83.9 585
84 602
84.1 623
84.2 644
84.3 662
84.4 685
84.5 698
84.6 708
84.7 729
84.8 742
84.9 748
85 769
85.1 784
85.2 796
85.3 826
85.4 849
85.5 868
85.6 893
85.7 914
85.8 931
85.9 950
86 968
86.1 993
86.2 1021
86.3 1045
86.4 1072
86.5 1096
86.6 1114
86.7 1147
86.8 1175
86.9 1204
87 1230
87.1 1257
87.2 1273
87.3 1304
87.4 1341
87.5 1355
87.6 1380
87.7 1408
87.8 1438
87.9 1464
88 1489
88.1 1526
88.2 1560
88.3 1585
88.4 1603
88.5 1606
88.6 1581
88.7 1539
88.8 1462
88.9 1394
89 1294
89.1 1222
89.2 1142
89.3 1063
89.4 985
89.5 913
89.6 856
89.7 799
89.8 754
89.9 704
90 698
90.1 658
90.2 638
90.3 605
90.4 587
90.5 571
90.6 543
90.7 491
90.8 476
90.9 471
91 472
91.1 439
91.2 425
91.3 418
91.4 409
91.5 409
91.6 395
91.7 367
91.8 354
91.9 352
92 354
92.1 346
92.2 344
92.3 328
92.4 317
92.5 314
92.6 309
92.7 324
92.8 312
92.9 295
93 288
93.1 286
93.2 271
93.3 264
93.4 247
93.5 240
93.6 239
93.7 234
93.8 227
93.9 209
94 222
94.1 220
94.2 227
94.3 212
94.4 209
94.5 210
94.6 221
94.7 241
94.8 238
94.9 230
95 218
95.1 226
95.2 227
95.3 220
95.4 221
95.5 232
95.6 233
95.7 235
95.8 235
95.9 234
96 245
96.1 248
96.2 242
96.3 234
96.4 253
96.5 248
96.6 241
96.7 233
96.8 229
96.9 225
97 222
97.1 206
97.2 204
97.3 194
97.4 187
97.5 171
97.6 164
97.7 165
97.8 166
97.9 167
98 183
98.1 194
98.2 199
98.3 197
98.4 223
98.5 240
98.6 232
98.7 221
98.8 208
98.9 210
99 219
99.1 245
99.2 276
99.3 262
99.4 261
99.5 250
99.6 253
99.7 239
99.8 233
99.9 238
100 244
100.1 226
100.2 237
100.3 238
100.4 237
100.5 233
100.6 241
100.7 234
100.8 234
100.9 241
101 223
101.1 250
101.2 293
101.3 308
101.4 304
101.5 308
101.6 303
101.7 286
101.8 321
101.9 341
102 379
102.1 396
102.2 409
102.3 430
102.4 460
102.5 481
102.6 475
102.7 487
102.8 492
102.9 490
103 501
103.1 504
103.2 512
103.3 519
103.4 525
103.5 532
103.6 540
103.7 552
103.8 563
103.9 567
104 578
104.1 590
104.2 602
104.3 617
104.4 632
104.5 648
104.6 666
104.7 687
104.8 707
104.9 736
105 760
105.1 788
105.2 810
105.3 840
105.4 858
105.5 892
105.6 908
105.7 944
105.8 972
105.9 1003
106 1031
106.1 1059
106.2 1085
106.3 1106
106.4 1135
106.5 1167
106.6 1193
106.7 1228
106.8 1258
106.9 1279
107 1302
107.1 1329
107.2 1364
107.3 1397
107.4 1421
107.5 1447
107.6 1472
107.7 1491
107.8 1503
107.9 1493
108 1444
108.1 1387
108.2 1318
108.3 1225
108.4 1148
108.5 1051
108.6 967
108.7 903
108.8 861
108.9 804
109 742
109.1 686
109.2 640
109.3 611
109.4 569
109.5 541
109.6 503
109.7 464
109.8 430
109.9 403
110 383
110.1 359
110.2 346
110.3 356
110.4 349
110.5 333
110.6 298
110.7 301
110.8 313
110.9 327
111 335
111.1 339
111.2 332
111.3 317
111.4 293
111.5 284
111.6 301
111.7 299
111.8 286
111.9 282
112 277
112.1 276
112.2 280
112.3 276
112.4 262
112.5 272
112.6 265
112.7 265
112.8 265
112.9 268
113 274
113.1 272
113.2 268
113.3 266
113.4 256
113.5 254
113.6 249
113.7 252
113.8 262
113.9 279
114 293
114.1 291
114.2 324
114.3 330
114.4 339
114.5 329
114.6 397
114.7 438
114.8 433
114.9 409
115 400
115.1 398
115.2 381
115.3 360
115.4 348
115.5 349
115.6 329
115.7 325
115.8 330
115.9 348
116 340
116.1 326
116.2 320
116.3 327
116.4 327
116.5 315
116.6 305
116.7 306
116.8 300
116.9 288
117 275
117.1 266
117.2 254
117.3 244
117.4 252
117.5 242
117.6 248
117.7 313
117.8 440
117.9 493
118 524
118.1 549
118.2 580
118.3 602
118.4 613
118.5 618
118.6 631
118.7 631
118.8 621
118.9 633
119 627
119.1 611
119.2 603
119.3 631
119.4 632
119.5 619
119.6 621
119.7 608
119.8 583
119.9 595
120 592
120.1 570
120.2 570
120.3 538
120.4 531
120.5 530
120.6 512
120.7 501
120.8 478
120.9 441
121 406
121.1 399
121.2 389
121.3 375
121.4 369
121.5 383
121.6 389
121.7 450
121.8 501
121.9 514
122 534
122.1 541
122.2 562
122.3 578
122.4 613
122.5 637
122.6 638
122.7 641
122.8 648
122.9 654
123 662
123.1 670
123.2 687
123.3 702
123.4 716
123.5 731
123.6 749
123.7 762
123.8 785
123.9 811
124 832
124.1 845
124.2 866
124.3 891
124.4 909
124.5 927
124.6 947
124.7 975
124.8 999
124.9 1023
125 1043
125.1 1065
125.2 1089
125.3 1115
125.4 1139
125.5 1175
125.6 1202
125.7 1220
125.8 1250
125.9 1286
126 1310
126.1 1331
126.2 1359
126.3 1389
126.4 1420
126.5 1451
126.6 1481
126.7 1492
126.8 1539
126.9 1548
127 1588
127.1 1609
127.2 1630
127.3 1655
127.4 1699
127.5 1729
127.6 1742
127.7 1727
127.8 1656
127.9 1565
128 1467
128.1 1363
128.2 1248
128.3 1137
128.4 1037
128.5 959
128.6 906
128.7 864
128.8 814
128.9 777
129 726
129.1 671
129.2 625
129.3 585
129.4 546
129.5 507
129.6 488
129.7 483
129.8 442
129.9 439
130 436
130.1 430
130.2 416
130.3 399
130.4 427
130.5 481
130.6 487
130.7 472
130.8 455
130.9 439
131 433
131.1 417
131.2 427
131.3 422
131.4 404
131.5 393
131.6 384
131.7 365
131.8 351
131.9 333
132 317
132.1 289
132.2 281
132.3 282
132.4 282
132.5 275
132.6 268
132.7 260
132.8 254
132.9 255
133 250
133.1 261
133.2 259
133.3 277
133.4 263
133.5 249
133.6 253
133.7 252
133.8 242
133.9 264
134 278
134.1 290
134.2 307
134.3 313
134.4 318
134.5 318
134.6 304
134.7 282
134.8 275
134.9 265
135 252
135.1 228
135.2 230
135.3 257
135.4 260
135.5 266
135.6 249
135.7 233
135.8 212
135.9 197
136 201
136.1 205
136.2 211
136.3 207
136.4 195
136.5 190
136.6 187
136.7 184
136.8 172
136.9 174
137 181
137.1 168
137.2 169
137.3 180
137.4 192
137.5 188
137.6 205
137.7 213
137.8 218
137.9 212
138 238
138.1 294
138.2 331
138.3 323
138.4 307
138.5 307
138.6 308
138.7 306
138.8 313
138.9 320
139 311
139.1 317
139.2 310
139.3 305
139.4 303
139.5 306
139.6 313
139.7 318
139.8 317
139.9 325
140 321
140.1 353
140.2 396
140.3 470
140.4 515
140.5 539
140.6 535
140.7 530
140.8 538
140.9 535
141 542
141.1 555
141.2 549
141.3 555
141.4 574
141.5 574
141.6 576
141.7 587
141.8 594
141.9 605
142 616
142.1 621
142.2 644
142.3 658
142.4 674
142.5 683
142.6 698
142.7 725
142.8 743
142.9 762
143 782
143.1 814
143.2 831
143.3 851
143.4 866
143.5 903
143.6 928
143.7 946
143.8 972
143.9 986
144 1029
144.1 1057
144.2 1084
144.3 1109
144.4 1147
144.5 1166
144.6 1189
144.7 1211
144.8 1229
144.9 1262
145 1301
145.1 1318
145.2 1353
145.3 1379
145.4 1406
145.5 1433
145.6 1463
145.7 1483
145.8 1472
145.9 1410
146 1308
146.1 1196
146.2 1092
146.3 1003
146.4 927
146.5 906
146.6 917
146.7 889
146.8 862
146.9 806
147 751
147.1 699
147.2 640
147.3 621
147.4 581
147.5 548
147.6 533
147.7 510
147.8 496
147.9 475
148 459
148.1 452
148.2 429
148.3 400
148.4 375
148.5 362
148.6 328
148.7 292
148.8 260
148.9 229
149 226
149.1 221
149.2 206
149.3 200
149.4 201
149.5 209
149.6 208
149.7 217
149.8 221
149.9 236
150 242
150.1 237
150.2 219
150.3 212
150.4 205
150.5 208
150.6 210
150.7 231
150.8 227
150.9 243
151 233
151.1 229
151.2 223
151.3 211
151.4 207
151.5 201
151.6 216
151.7 208
151.8 204
151.9 217
152 240
152.1 271
152.2 254
152.3 267
152.4 267
152.5 259
152.6 256
152.7 247
152.8 245
152.9 238
153 243
153.1 253
153.2 254
153.3 266
153.4 271
153.5 269
153.6 251
153.7 248
153.8 232
153.9 220
154 205
154.1 191
154.2 188
154.3 187
154.4 175
154.5 176
154.6 192
154.7 224
154.8 246
154.9 261
155 263
155.1 262
155.2 280
155.3 285
155.4 288
155.5 286
155.6 282
155.7 294
155.8 294
155.9 287
156 272
156.1 256
156.2 242
156.3 233
156.4 236
156.5 232
156.6 233
156.7 244
156.8 238
156.9 239
157 244
157.1 250
157.2 254
157.3 251
157.4 241
157.5 240
157.6 234
157.7 221
157.8 212
157.9 206
158 254
158.1 284
158.2 282
158.3 274
158.4 259
158.5 256
158.6 260
158.7 255
158.8 311
158.9 350
159 383
159.1 376
159.2 374
159.3 368
159.4 352
159.5 376
159.6 404
159.7 426
159.8 424
159.9 425
160 430
160.1 435
160.2 439
160.3 447
160.4 456
160.5 461
160.6 468
160.7 478
160.8 489
160.9 499
161 510
161.1 518
161.2 538
161.3 556
161.4 571
161.5 594
161.6 612
161.7 629
161.8 663
161.9 681
162 704
162.1 713
162.2 743
162.3 764
162.4 782
162.5 804
162.6 825
162.7 847
162.8 870
162.9 892
163 932
163.1 958
163.2 985
163.3 1003
163.4 1036
163.5 1059
163.6 1083
163.7 1116
163.8 1140
163.9 1164
164 1186
164.1 1229
164.2 1268
164.3 1288
164.4 1308
164.5 1349
164.6 1388
164.7 1436
164.8 1480
164.9 1511
165 1539
165.1 1575
165.2 1612
165.3 1628
165.4 1656
165.5 1667
165.6 1678
165.7 1725
165.8 1730
165.9 1727
166 1696
166.1 1676
166.2 1586
166.3 1454
166.4 1340
166.5 1249
166.6 1157
166.7 1080
166.8 1025
166.9 948
167 867
167.1 804
167.2 746
167.3 703
167.4 659
167.5 611
167.6 559
167.7 514
167.8 481
167.9 483
168 461
168.1 449
168.2 439
168.3 413
168.4 377
168.5 359
168.6 351
168.7 336
168.8 323
168.9 308
169 298
169.1 290
169.2 294
169.3 308
169.4 290
169.5 277
169.6 274
169.7 259
169.8 244
169.9 248
170 243
170.1 236
170.2 236
170.3 226
170.4 232
170.5 225
170.6 216
170.7 203
170.8 206
170.9 223
171 244
171.1 253
171.2 249
171.3 241
171.4 235
171.5 215
171.6 222
171.7 243
171.8 236
171.9 214
172 195
172.1 201
172.2 207
172.3 200
172.4 201
172.5 194
172.6 188
172.7 199
172.8 226
172.9 238
173 228
173.1 237
173.2 271
173.3 321
173.4 329
173.5 333
173.6 332
173.7 339
173.8 349
173.9 359
174 370
174.1 366
174.2 412
174.3 417
174.4 398
174.5 401
174.6 394
174.7 398
174.8 398
174.9 395
175 360
175.1 347
175.2 334
175.3 332
175.4 330
175.5 362
175.6 379
175.7 361
175.8 354
175.9 339
176 320
176.1 316
176.2 322
176.3 316
176.4 300
176.5 287
176.6 283
176.7 259
176.8 265
176.9 258
177 276
177.1 287
177.2 289
177.3 272
177.4 274
177.5 270
177.6 278
177.7 276
177.8 275
177.9 264
178 256
178.1 240
178.2 238
178.3 225
178.4 219
178.5 248
178.6 277
178.7 293
178.8 291
178.9 275
179 265
179.1 280
179.2 281
179.3 270
179.4 243
179.5 219
179.6 215
179.7 215
179.8 206
179.9 215
180 212
180.1 227
180.2 213
180.3 221
180.4 239
180.5 249
180.6 241
180.7 226
180.8 217
180.9 206
181 205
181.1 250
181.2 279
181.3 274
181.4 267
181.5 262
181.6 254
181.7 235
181.8 215
181.9 208
182 229
182.1 236
182.2 249
182.3 266
182.4 263
182.5 267
182.6 271
182.7 283
182.8 283
182.9 333
183 356
183.1 381
183.2 390
183.3 398
183.4 409
183.5 419
183.6 433
183.7 450
183.8 459
183.9 463
184 474
184.1 487
184.2 498
184.3 508
184.4 524
184.5 546
184.6 567
184.7 589
184.8 595
184.9 611
185 628
185.1 644
185.2 661
185.3 674
185.4 693
185.5 716
185.6 738
185.7 754
185.8 773
185.9 788
186 811
186.1 833
186.2 857
186.3 878
186.4 904
186.5 933
186.6 958
186.7 981
186.8 1002
186.9 1029
187 1060
187.1 1086
187.2 1109
187.3 1133
187.4 1162
187.5 1187
187.6 1229
187.7 1257
187.8 1283
187.9 1317
188 1346
188.1 1384
188.2 1422
188.3 1455
188.4 1495
188.5 1522
188.6 1558
188.7 1593
188.8 1629
188.9 1661
189 1702
189.1 1723
189.2 1731
189.3 1741
189.4 1685
189.5 1634
189.6 1577
189.7 1450
189.8 1324
189.9 1215
190 1107
190.1 1030
190.2 972
190.3 922
190.4 859
190.5 778
190.6 735
190.7 691
190.8 659
190.9 628
191 591
191.1 548
191.2 521
191.3 534
191.4 564
191.5 563
191.6 555
191.7 542
191.8 513
191.9 491
192 474
192.1 447
192.2 433
192.3 420
192.4 403
192.5 378
192.6 360
192.7 338
192.8 322
192.9 299
193 273
193.1 259
193.2 262
193.3 260
193.4 277
193.5 274
193.6 280
193.7 310
193.8 297
193.9 292
194 290
194.1 300
194.2 298
194.3 287
194.4 273
194.5 247
194.6 224
194.7 212
194.8 218
194.9 294
195 378
195.1 381
195.2 381
195.3 373
195.4 362
195.5 355
195.6 337
195.7 332
195.8 330
195.9 350
196 342
196.1 327
196.2 320
196.3 315
196.4 302
196.5 301
196.6 308
196.7 311
196.8 323
196.9 328
197 327
197.1 344
197.2 349
197.3 371
197.4 378
197.5 364
197.6 362
197.7 356
197.8 351
197.9 325
198 315
198.1 306
198.2 296
198.3 298
198.4 308
198.5 307
198.6 287
198.7 276
198.8 259
198.9 275
199 305
199.1 312
199.2 322
199.3 313
199.4 315
199.5 329
199.6 313
199.7 302
199.8 301
199.9 295
200 297
