0 0
0.1 0
0.2 0
0.3 1
0.4 5
0.5 5
0.6 5
0.7 5
0.8 5
0.9 6
1 9
1.1 9
1.2 11
1.3 13
1.4 12
1.5 13
1.6 13
1.7 15
1.8 17
1.9 19
2 24
2.1 27
2.2 28
2.3 30
2.4 29
2.5 32
2.6 35
2.7 39
2.8 39
2.9 40
3 41
3.1 42
3.2 42
3.3 42
3.4 42
3.5 42
3.6 44
3.7 45
3.8 48
3.9 50
4 49
4.1 52
4.2 53
4.3 54
4.4 56
4.5 57
4.6 57
4.7 57
4.8 58
4.9 56
5 57
5.1 60
5.2 60
5.3 62
5.4 59
5.5 60
5.6 58
5.7 53
5.8 56
5.9 54
6 56
6.1 55
6.2 56
6.3 57
6.4 57
6.5 57
6.6 55
6.7 57
6.8 58
6.9 57
7 57
7.1 56
7.2 58
7.3 56
7.4 57
7.5 55
7.6 54
7.7 56
7.8 56
7.9 57
8 51
8.1 50
8.2 49
8.3 50
8.4 50
8.5 47
8.6 42
8.7 41
8.8 38
8.9 35
9 31
9.1 31
9.2 29
9.3 28
9.4 27
9.5 24
9.6 22
9.7 21
9.8 21
9.9 21
10 21
10.1 19
10.2 18
10.3 17
10.4 16
10.5 14
10.6 14
10.7 12
10.8 12
10.9 12
11 11
11.1 11
11.2 11
11.3 11
11.4 11
11.5 11
11.6 11
11.7 11
11.8 11
11.9 10
12 10
12.1 10
12.2 10
12.3 9
12.4 8
12.5 8
12.6 8
12.7 7
12.8 7
12.9 7
13 7
13.1 6
13.2 5
13.3 5
13.4 5
13.5 5
13.6 5
13.7 5
13.8 5
13.9 5
14 4
14.1 2
14.2 2
14.3 2
14.4 2
14.5 2
14.6 2
14.7 2
14.8 1
14.9 1
15 1
15.1 1
15.2 1
15.3 1
15.4 1
15.5 1
15.6 1
15.7 1
15.8 1
15.9 1
16 1
16.1 1
16.2 1
16.3 1
16.4 1
16.5 1
16.6 1
16.7 2
16.8 2
16.9 2
17 2
17.1 2
17.2 2
17.3 2
17.4 2
17.5 2
17.6 2
17.7 2
17.8 2
17.9 2
18 2
18.1 1
18.2 1
18.3 1
18.4 1
18.5 1
18.6 1
18.7 1
18.8 1
18.9 1
19 2
19.1 3
19.2 6
19.3 8
19.4 9
19.5 15
19.6 17
19.7 17
19.8 21
19.9 24
20 25
20.1 28
20.2 30
20.3 34
20.4 39
20.5 41
20.6 41
20.7 43
20.8 46
20.9 45
21 52
21.1 53
21.2 58
21.3 61
21.4 61
21.5 58
21.6 55
21.7 61
21.8 61
21.9 62
22 60
22.1 58
22.2 61
22.3 67
22.4 69
22.5 73
22.6 79
22.7 78
22.8 77
22.9 75
23 71
23.1 73
23.2 72
23.3 74
23.4 77
23.5 73
23.6 74
23.7 71
23.8 68
23.9 67
24 64
24.1 64
24.2 63
24.3 60
24.4 56
24.5 50
24.6 42
24.7 38
24.8 35
24.9 34
25 31
25.1 31
25.2 27
25.3 27
25.4 26
25.5 25
25.6 25
25.7 25
25.8 24
25.9 24
26 22
26.1 21
26.2 21
26.3 20
26.4 19
26.5 19
26.6 17
26.7 15
26.8 15
26.9 14
27 14
27.1 13
27.2 13
27.3 12
27.4 12
27.5 12
27.6 12
27.7 11
27.8 11
27.9 10
28 9
28.1 9
28.2 9
28.3 9
28.4 9
28.5 9
28.6 8
28.7 8
28.8 8
28.9 7
29 5
29.1 5
29.2 5
29.3 5
29.4 5
29.5 5
29.6 5
29.7 4
29.8 4
29.9 3
30 3
30.1 3
30.2 3
30.3 2
30.4 2
30.5 2
30.6 2
30.7 2
30.8 2
30.9 2
31 2
31.1 2
31.2 2
31.3 2
31.4 2
31.5 2
31.6 2
31.7 2
31.8 2
31.9 2
32 2
32.1 1
32.2 1
32.3 1
32.4 1
32.5 1
32.6 1
32.7 1
32.8 1
32.9 1
33 0
33.1 0
33.2 0
33.3 0
33.4 0
33.5 0
33.6 0
33.7 0
33.8 0
33.9 2
34 2
34.1 2
34.2 1
34.3 0
34.4 0
34.5 0
34.6 0
34.7 0
34.8 0
34.9 0
35 0
35.1 0
35.2 0
35.3 0
35.4 0
35.5 0
35.6 0
35.7 0
35.8 0
35.9 0
36 0
36.1 0
36.2 0
36.3 0
36.4 0
36.5 0
36.6 0
36.7 0
36.8 0
36.9 2
37 2
37.1 2
37.2 2
37.3 2
37.4 2
37.5 2
37.6 2
37.7 2
37.8 2
37.9 2
38 2
38.1 1
38.2 1
38.3 1
38.4 1
38.5 1
38.6 1
38.7 1
38.8 4
38.9 4
39 4
39.1 3
39.2 3
39.3 3
39.4 3
39.5 3
39.6 2
39.7 2
39.8 2
39.9 2
40 2
40.1 2
40.2 2
40.3 2
40.4 2
40.5 2
40.6 2
40.7 2
40.8 2
40.9 2
41 2
41.1 2
41.2 2
41.3 2
41.4 2
41.5 2
41.6 2
41.7 2
41.8 3
41.9 3
42 4
42.1 4
42.2 4
42.3 7
42.4 7
42.5 8
42.6 12
42.7 13
42.8 17
42.9 15
43 19
43.1 23
43.2 25
43.3 28
43.4 37
43.5 40
43.6 42
43.7 43
43.8 47
43.9 48
44 48
44.1 53
44.2 55
44.3 54
44.4 51
44.5 53
44.6 52
44.7 54
44.8 62
44.9 63
45 67
45.1 65
45.2 64
45.3 62
45.4 65
45.5 68
45.6 69
45.7 66
45.8 67
45.9 66
46 66
46.1 66
46.2 63
46.3 60
46.4 59
46.5 56
46.6 58
46.7 60
46.8 59
46.9 60
47 62
47.1 61
47.2 61
47.3 64
47.4 61
47.5 55
47.6 54
47.7 51
47.8 46
47.9 45
48 43
48.1 42
48.2 38
48.3 36
48.4 34
48.5 32
48.6 28
48.7 28
48.8 25
48.9 22
49 22
49.1 22
49.2 21
49.3 19
49.4 18
49.5 18
49.6 16
49.7 15
49.8 14
49.9 13
50 12
50.1 12
50.2 10
50.3 10
50.4 10
50.5 9
50.6 9
50.7 9
50.8 12
50.9 11
51 11
51.1 11
51.2 11
51.3 11
51.4 10
51.5 10
51.6 10
51.7 10
51.8 10
51.9 10
52 10
52.1 9
52.2 8
52.3 7
52.4 5
52.5 4
52.6 4
52.7 4
52.8 3
52.9 3
53 3
53.1 3
53.2 3
53.3 3
53.4 2
53.5 2
53.6 2
53.7 2
53.8 2
53.9 2
54 3
54.1 3
54.2 3
54.3 3
54.4 3
54.5 3
54.6 3
54.7 3
54.8 3
54.9 3
55 3
55.1 3
55.2 3
55.3 3
55.4 3
55.5 2
55.6 2
55.7 2
55.8 2
55.9 2
56 2
56.1 2
56.2 2
56.3 2
56.4 2
56.5 2
56.6 4
56.7 4
56.8 4
56.9 4
57 3
57.1 2
57.2 2
57.3 2
57.4 2
57.5 2
57.6 2
57.7 2
57.8 2
57.9 2
58 2
58.1 2
58.2 2
58.3 2
58.4 2
58.5 2
58.6 2
58.7 2
58.8 2
58.9 2
59 2
59.1 2
59.2 3
59.3 3
59.4 3
59.5 3
59.6 3
59.7 2
59.8 2
59.9 2
60 2
60.1 2
60.2 2
60.3 2
60.4 2
60.5 2
60.6 2
60.7 2
60.8 2
60.9 2
61 1
61.1 1
61.2 4
61.3 4
61.4 4
61.5 4
61.6 4
61.7 4
61.8 3
61.9 3
62 3
62.1 3
62.2 3
62.3 3
62.4 3
62.5 3
62.6 3
62.7 2
62.8 2
62.9 2
63 2
63.1 2
63.2 5
63.3 10
63.4 9
63.5 11
63.6 11
63.7 17
63.8 20
63.9 18
64 18
64.1 18
64.2 18
64.3 18
64.4 23
64.5 24
64.6 25
64.7 26
64.8 26
64.9 27
65 29
65.1 27
65.2 28
65.3 26
65.4 28
65.5 26
65.6 30
65.7 34
65.8 36
65.9 39
66 41
66.1 44
66.2 47
66.3 47
66.4 51
66.5 49
66.6 47
66.7 48
66.8 49
66.9 49
67 49
67.1 42
67.2 47
67.3 46
67.4 46
67.5 43
67.6 41
67.7 40
67.8 43
67.9 44
68 45
68.1 47
68.2 50
68.3 53
68.4 52
68.5 53
68.6 54
68.7 58
68.8 62
68.9 63
69 62
69.1 62
69.2 62
69.3 63
69.4 63
69.5 63
69.6 59
69.7 58
69.8 59
69.9 54
70 59
70.1 58
70.2 58
70.3 54
70.4 51
70.5 49
70.6 47
70.7 46
70.8 46
70.9 42
71 39
71.1 39
71.2 38
71.3 37
71.4 35
71.5 34
71.6 32
71.7 30
71.8 28
71.9 26
72 22
72.1 22
72.2 21
72.3 19
72.4 18
72.5 18
72.6 16
72.7 16
72.8 15
72.9 15
73 15
73.1 15
73.2 13
73.3 13
73.4 12
73.5 12
73.6 11
73.7 10
73.8 9
73.9 9
74 8
74.1 7
74.2 7
74.3 7
74.4 7
74.5 6
74.6 6
74.7 5
74.8 5
74.9 5
75 4
75.1 4
75.2 4
75.3 4
75.4 3
75.5 3
75.6 3
75.7 3
75.8 3
75.9 3
76 3
76.1 4
76.2 4
76.3 3
76.4 2
76.5 2
76.6 2
76.7 1
76.8 1
76.9 1
77 1
77.1 0
77.2 0
77.3 0
77.4 0
77.5 0
77.6 0
77.7 0
77.8 0
77.9 0
78 0
78.1 0
78.2 0
78.3 0
78.4 0
78.5 0
78.6 0
78.7 0
78.8 0
78.9 0
79 0
79.1 0
79.2 0
79.3 0
79.4 0
79.5 0
79.6 0
79.7 0
79.8 0
79.9 0
80 0
80.1 0
80.2 0
80.3 0
80.4 0
80.5 0
80.6 0
80.7 0
80.8 0
80.9 0
81 0
81.1 0
81.2 0
81.3 0
81.4 0
81.5 0
81.6 0
81.7 0
81.8 0
81.9 0
82 1
82.1 0
82.2 0
82.3 1
82.4 2
82.5 5
82.6 5
82.7 5
82.8 8
82.9 8
83 7
83.1 9
83.2 12
83.3 14
83.4 17
83.5 20
83.6 21
83.7 24
83.8 30
83.9 36
84 36
84.1 35
84.2 36
84.3 37
84.4 38
84.5 36
84.6 32
84.7 33
84.8 35
84.9 37
85 37
85.1 40
85.2 46
85.3 46
85.4 44
85.5 45
85.6 47
85.7 44
85.8 47
85.9 48
86 51
86.1 50
86.2 52
86.3 48
86.4 49
86.5 50
86.6 51
86.7 54
86.8 52
86.9 51
87 53
87.1 56
87.2 56
87.3 54
87.4 55
87.5 55
87.6 63
87.7 64
87.8 63
87.9 63
88 64
88.1 62
88.2 63
88.3 57
88.4 55
88.5 53
88.6 53
88.7 55
88.8 54
88.9 48
89 46
89.1 45
89.2 45
89.3 41
89.4 40
89.5 39
89.6 35
89.7 34
89.8 30
89.9 30
90 28
90.1 26
90.2 24
90.3 22
90.4 22
90.5 22
90.6 22
90.7 22
90.8 21
90.9 18
91 17
91.1 16
91.2 14
91.3 14
91.4 14
91.5 14
91.6 12
91.7 12
91.8 12
91.9 12
92 12
92.1 12
92.2 11
92.3 9
92.4 9
92.5 9
92.6 9
92.7 9
92.8 9
92.9 9
93 9
93.1 9
93.2 9
93.3 9
93.4 9
93.5 9
93.6 8
93.7 8
93.8 7
93.9 7
94 6
94.1 6
94.2 7
94.3 7
94.4 7
94.5 7
94.6 7
94.7 7
94.8 6
94.9 6
95 6
95.1 6
95.2 6
95.3 5
95.4 5
95.5 5
95.6 5
95.7 5
95.8 5
95.9 5
96 5
96.1 5
96.2 5
96.3 5
96.4 4
96.5 4
96.6 4
96.7 4
96.8 4
96.9 4
97 4
97.1 4
97.2 4
97.3 4
97.4 3
97.5 2
97.6 2
97.7 2
97.8 2
97.9 2
98 2
98.1 2
98.2 2
98.3 2
98.4 2
98.5 2
98.6 2
98.7 2
98.8 2
98.9 2
99 2
99.1 2
99.2 2
99.3 2
99.4 2
99.5 1
99.6 1
99.7 1
99.8 1
99.9 1
100 1
100.1 1
100.2 1
100.3 1
100.4 1
100.5 1
100.6 1
100.7 1
100.8 1
100.9 1
101 1
101.1 3
101.2 3
101.3 3
101.4 3
101.5 3
101.6 3
101.7 3
101.8 3
101.9 3
102 3
102.1 3
102.2 3
102.3 4
102.4 4
102.5 4
102.6 4
102.7 3
102.8 3
102.9 7
103 8
103.1 12
103.2 14
103.3 14
103.4 15
103.5 17
103.6 18
103.7 21
103.8 24
103.9 23
104 25
104.1 30
104.2 34
104.3 39
104.4 36
104.5 36
104.6 40
104.7 45
104.8 43
104.9 44
105 45
105.1 47
105.2 49
105.3 44
105.4 48
105.5 55
105.6 54
105.7 54
105.8 59
105.9 60
106 60
106.1 57
106.2 58
106.3 60
106.4 63
106.5 59
106.6 60
106.7 61
106.8 60
106.9 56
107 61
107.1 66
107.2 65
107.3 62
107.4 64
107.5 66
107.6 67
107.7 63
107.8 64
107.9 59
108 59
108.1 57
108.2 54
108.3 54
108.4 51
108.5 49
108.6 49
108.7 49
108.8 47
108.9 45
109 43
109.1 40
109.2 39
109.3 36
109.4 34
109.5 32
109.6 31
109.7 30
109.8 30
109.9 29
110 28
110.1 26
110.2 25
110.3 25
110.4 24
110.5 23
110.6 20
110.7 19
110.8 17
110.9 17
111 14
111.1 14
111.2 13
111.3 13
111.4 13
111.5 12
111.6 12
111.7 10
111.8 9
111.9 8
112 8
112.1 7
112.2 7
112.3 6
112.4 6
112.5 6
112.6 5
112.7 5
112.8 4
112.9 4
113 4
113.1 4
113.2 3
113.3 3
113.4 2
113.5 2
113.6 2
113.7 2
113.8 2
113.9 3
114 3
114.1 3
114.2 3
114.3 3
114.4 3
114.5 3
114.6 3
114.7 3
114.8 3
114.9 3
115 3
115.1 3
115.2 3
115.3 3
115.4 3
115.5 3
115.6 3
115.7 3
115.8 3
115.9 3
116 3
116.1 3
116.2 3
116.3 2
116.4 2
116.5 2
116.6 2
116.7 1
116.8 1
116.9 1
117 1
117.1 1
117.2 1
117.3 1
117.4 1
117.5 1
117.6 1
117.7 1
117.8 1
117.9 1
118 1
118.1 0
118.2 1
118.3 2
118.4 3
118.5 3
118.6 2
118.7 2
118.8 2
118.9 2
119 2
119.1 3
119.2 3
119.3 5
119.4 5
119.5 4
119.6 4
119.7 4
119.8 4
119.9 4
120 4
120.1 3
120.2 3
120.3 3
120.4 3
120.5 3
120.6 3
120.7 3
120.8 3
120.9 3
121 4
121.1 4
121.2 3
121.3 2
121.4 2
121.5 2
121.6 2
121.7 2
121.8 2
121.9 2
122 2
122.1 2
122.2 4
122.3 4
122.4 4
122.5 4
122.6 6
122.7 10
122.8 10
122.9 13
123 21
123.1 23
123.2 25
123.3 26
123.4 29
123.5 29
123.6 33
123.7 37
123.8 35
123.9 40
124 43
124.1 44
124.2 44
124.3 46
124.4 47
124.5 48
124.6 49
124.7 51
124.8 49
124.9 49
125 56
125.1 56
125.2 55
125.3 56
125.4 59
125.5 59
125.6 59
125.7 57
125.8 57
125.9 56
126 56
126.1 59
126.2 59
126.3 62
126.4 66
126.5 68
126.6 65
126.7 61
126.8 62
126.9 59
127 62
127.1 63
127.2 64
127.3 66
127.4 65
127.5 68
127.6 70
127.7 68
127.8 67
127.9 60
128 56
128.1 50
128.2 46
128.3 45
128.4 44
128.5 40
128.6 36
128.7 34
128.8 32
128.9 30
129 29
129.1 26
129.2 26
129.3 26
129.4 24
129.5 21
129.6 21
129.7 18
129.8 17
129.9 16
130 14
130.1 14
130.2 13
130.3 13
130.4 13
130.5 13
130.6 12
130.7 12
130.8 12
130.9 12
131 12
131.1 12
131.2 12
131.3 11
131.4 11
131.5 11
131.6 11
131.7 10
131.8 9
131.9 8
132 7
132.1 7
132.2 7
132.3 7
132.4 7
132.5 6
132.6 6
132.7 5
132.8 4
132.9 4
133 4
133.1 4
133.2 4
133.3 4
133.4 3
133.5 3
133.6 3
133.7 3
133.8 3
133.9 3
134 3
134.1 3
134.2 3
134.3 3
134.4 3
134.5 3
134.6 3
134.7 3
134.8 3
134.9 3
135 3
135.1 3
135.2 3
135.3 3
135.4 3
135.5 3
135.6 3
135.7 3
135.8 3
135.9 3
136 3
136.1 3
136.2 3
136.3 3
136.4 3
136.5 3
136.6 3
136.7 3
136.8 3
136.9 3
137 3
137.1 3
137.2 3
137.3 3
137.4 3
137.5 3
137.6 3
137.7 2
137.8 2
137.9 2
138 1
138.1 1
138.2 1
138.3 1
138.4 1
138.5 1
138.6 1
138.7 1
138.8 1
138.9 1
139 1
139.1 1
139.2 3
139.3 3
139.4 3
139.5 3
139.6 3
139.7 3
139.8 2
139.9 2
140 2
140.1 2
140.2 2
140.3 2
140.4 2
140.5 3
140.6 3
140.7 3
140.8 3
140.9 10
141 9
141.1 8
141.2 8
141.3 10
141.4 10
141.5 10
141.6 11
141.7 14
141.8 15
141.9 15
142 17
142.1 25
142.2 28
142.3 28
142.4 33
142.5 32
142.6 34
142.7 40
142.8 39
142.9 38
143 40
143.1 43
143.2 49
143.3 48
143.4 48
143.5 51
143.6 51
143.7 53
143.8 56
143.9 57
144 54
144.1 50
144.2 50
144.3 48
144.4 50
144.5 49
144.6 52
144.7 51
144.8 58
144.9 56
145 52
145.1 52
145.2 51
145.3 50
145.4 49
145.5 49
145.6 48
145.7 50
145.8 48
145.9 46
146 44
146.1 44
146.2 42
146.3 39
146.4 38
146.5 36
146.6 33
146.7 33
146.8 31
146.9 30
147 29
147.1 24
147.2 23
147.3 23
147.4 21
147.5 21
147.6 20
147.7 20
147.8 20
147.9 18
148 17
148.1 16
148.2 14
148.3 14
148.4 14
148.5 14
148.6 13
148.7 12
148.8 12
148.9 11
149 11
149.1 11
149.2 11
149.3 11
149.4 10
149.5 9
149.6 9
149.7 8
149.8 6
149.9 6
150 6
150.1 6
150.2 6
150.3 6
150.4 6
150.5 6
150.6 6
150.7 6
150.8 5
150.9 5
151 5
151.1 4
151.2 4
151.3 4
151.4 3
151.5 3
151.6 3
151.7 3
151.8 3
151.9 3
152 3
152.1 3
152.2 3
152.3 2
152.4 2
152.5 1
152.6 1
152.7 1
152.8 1
152.9 1
153 1
153.1 1
153.2 1
153.3 1
153.4 1
153.5 1
153.6 1
153.7 1
153.8 1
153.9 1
154 1
154.1 0
154.2 0
154.3 0
154.4 0
154.5 0
154.6 0
154.7 0
154.8 0
154.9 0
155 0
155.1 0
155.2 0
155.3 1
155.4 1
155.5 1
155.6 1
155.7 1
155.8 1
155.9 1
156 1
156.1 1
156.2 1
156.3 1
156.4 1
156.5 1
156.6 1
156.7 0
156.8 0
156.9 0
157 0
157.1 0
157.2 0
157.3 0
157.4 0
157.5 0
157.6 0
157.7 0
157.8 0
157.9 0
158 0
158.1 0
158.2 0
158.3 0
158.4 0
158.5 0
158.6 0
158.7 0
158.8 0
158.9 0
159 0
159.1 0
159.2 0
159.3 0
159.4 0
159.5 0
159.6 2
159.7 3
159.8 7
159.9 5
160 7
160.1 8
160.2 14
160.3 16
160.4 18
160.5 16
160.6 15
160.7 16
160.8 21
160.9 23
161 27
161.1 32
161.2 33
161.3 36
161.4 35
161.5 34
161.6 37
161.7 41
161.8 40
161.9 43
162 45
162.1 46
162.2 46
162.3 49
162.4 47
162.5 47
162.6 51
162.7 57
162.8 55
162.9 57
163 57
163.1 57
163.2 58
163.3 56
163.4 57
163.5 57
163.6 60
163.7 57
163.8 56
163.9 59
164 65
164.1 65
164.2 70
164.3 71
164.4 74
164.5 76
164.6 75
164.7 71
164.8 73
164.9 72
165 73
165.1 75
165.2 76
165.3 73
165.4 70
165.5 64
165.6 63
165.7 60
165.8 54
165.9 52
166 49
166.1 45
166.2 44
166.3 44
166.4 42
166.5 40
166.6 37
166.7 36
166.8 35
166.9 33
167 32
167.1 29
167.2 28
167.3 26
167.4 23
167.5 22
167.6 19
167.7 18
167.8 18
167.9 17
168 16
168.1 16
168.2 16
168.3 15
168.4 14
168.5 14
168.6 14
168.7 13
168.8 12
168.9 11
169 11
169.1 10
169.2 10
169.3 10
169.4 9
169.5 8
169.6 8
169.7 8
169.8 8
169.9 8
170 8
170.1 8
170.2 8
170.3 8
170.4 7
170.5 7
170.6 7
170.7 6
170.8 5
170.9 5
171 4
171.1 4
171.2 4
171.3 4
171.4 4
171.5 2
171.6 5
171.7 5
171.8 5
171.9 4
172 4
172.1 4
172.2 4
172.3 4
172.4 4
172.5 4
172.6 4
172.7 3
172.8 3
172.9 6
173 6
173.1 5
173.2 5
173.3 5
173.4 4
173.5 4
173.6 4
173.7 3
173.8 3
173.9 2
174 2
174.1 2
174.2 2
174.3 2
174.4 2
174.5 2
174.6 2
174.7 2
174.8 2
174.9 2
175 2
175.1 1
175.2 1
175.3 1
175.4 1
175.5 1
175.6 1
175.7 1
175.8 1
175.9 1
176 1
176.1 1
176.2 1
176.3 1
176.4 1
176.5 1
176.6 1
176.7 1
176.8 1
176.9 1
177 1
177.1 1
177.2 1
177.3 1
177.4 1
177.5 1
177.6 1
177.7 1
177.8 1
177.9 1
178 1
178.1 1
178.2 1
178.3 1
178.4 1
178.5 1
178.6 1
178.7 1
178.8 1
178.9 1
179 1
179.1 1
179.2 1
179.3 1
179.4 1
179.5 1
179.6 1
179.7 1
179.8 1
179.9 1
180 1
180.1 1
180.2 1
180.3 1
180.4 1
180.5 1
180.6 1
180.7 1
180.8 1
180.9 1
181 1
181.1 0
181.2 0
181.3 0
181.4 0
181.5 0
181.6 0
181.7 0
181.8 0
181.9 0
182 0
182.1 0
182.2 1
182.3 1
182.4 1
182.5 1
182.6 2
182.7 3
182.8 3
182.9 8
183 8
183.1 9
183.2 10
183.3 11
183.4 14
183.5 17
183.6 14
183.7 16
183.8 20
183.9 21
184 24
184.1 25
184.2 27
184.3 27
184.4 33
184.5 33
184.6 34
184.7 35
184.8 35
184.9 36
185 37
185.1 36
185.2 36
185.3 36
185.4 39
185.5 38
185.6 41
185.7 43
185.8 45
185.9 41
186 42
186.1 42
186.2 46
186.3 45
186.4 47
186.5 51
186.6 49
186.7 51
186.8 54
186.9 56
187 57
187.1 55
187.2 57
187.3 56
187.4 62
187.5 63
187.6 67
187.7 64
187.8 66
187.9 64
188 67
188.1 69
188.2 72
188.3 75
188.4 74
188.5 74
188.6 77
188.7 79
188.8 76
188.9 74
189 70
189.1 73
189.2 72
189.3 68
189.4 63
189.5 61
189.6 59
189.7 57
189.8 51
189.9 47
190 45
190.1 43
190.2 40
190.3 38
190.4 36
190.5 36
190.6 34
190.7 32
190.8 29
190.9 29
191 27
191.1 25
191.2 24
191.3 23
191.4 23
191.5 23
191.6 21
191.7 21
191.8 19
191.9 19
192 19
192.1 18
192.2 16
192.3 15
192.4 15
192.5 15
192.6 14
192.7 13
192.8 13
192.9 13
193 11
193.1 11
193.2 11
193.3 10
193.4 8
193.5 8
193.6 8
193.7 8
193.8 8
193.9 8
194 8
194.1 8
194.2 7
194.3 7
194.4 6
194.5 6
194.6 6
194.7 6
194.8 6
194.9 6
195 6
195.1 6
195.2 6
195.3 4
195.4 4
195.5 4
195.6 4
195.7 4
195.8 4
195.9 4
196 3
196.1 3
196.2 3
196.3 3
196.4 3
196.5 2
196.6 2
196.7 3
196.8 3
196.9 3
197 3
197.1 5
197.2 5
197.3 5
197.4 4
197.5 4
197.6 4
197.7 3
197.8 3
197.9 3
198 3
198.1 2
198.2 1
198.3 1
198.4 1
198.5 2
198.6 2
198.7 2
198.8 2
198.9 2
199 2
199.1 2
199.2 2
199.3 2
199.4 2
199.5 1
199.6 0
199.7 0
199.8 0
199.9 0
200 0
