0 0
0.1 0
0.2 12
0.3 41
0.4 78
0.5 92
0.6 124
0.7 219
0.8 239
0.9 255
1 294
1.1 396
1.2 445
1.3 509
1.4 556
1.5 619
1.6 751
1.7 802
1.8 855
1.9 967
2 1028
2.1 1138
2.2 1185
2.3 1252
2.4 1306
2.5 1356
2.6 1386
2.7 1490
2.8 1519
2.9 1506
3 1527
3.1 1532
3.2 1566
3.3 1588
3.4 1559
3.5 1553
3.6 1511
3.7 1456
3.8 1443
3.9 1367
4 1340
4.1 1310
4.2 1252
4.3 1242
4.4 1286
4.5 1338
4.6 1301
4.7 1272
4.8 1250
4.9 1262
5 1234
5.1 1190
5.2 1189
5.3 1163
5.4 1195
5.5 1194
5.6 1165
5.7 1142
5.8 1059
5.9 987
6 920
6.1 855
6.2 790
6.3 744
6.4 720
6.5 663
6.6 606
6.7 572
6.8 511
6.9 424
7 374
7.1 293
7.2 168
7.3 129
7.4 110
7.5 56
7.6 79
7.7 85
7.8 52
7.9 29
8 17
8.1 7
8.2 5
8.3 1
8.4 2
8.5 2
8.6 2
8.7 1
8.8 2
8.9 0
9 0
9.1 1
9.2 0
9.3 0
9.4 2
9.5 0
9.6 3
9.7 2
9.8 3
9.9 1
10 3
10.1 0
10.2 0
10.3 2
10.4 0
10.5 3
10.6 1
10.7 1
10.8 1
10.9 0
11 1
11.1 1
11.2 0
11.3 4
11.4 3
11.5 2
11.6 0
11.7 0
11.8 0
11.9 2
12 2
12.1 3
12.2 1
12.3 2
12.4 1
12.5 1
12.6 1
12.7 0
12.8 1
12.9 1
13 1
13.1 6
13.2 11
13.3 5
13.4 3
13.5 3
13.6 1
13.7 1
13.8 3
13.9 0
14 5
14.1 4
14.2 0
14.3 2
14.4 1
14.5 3
14.6 0
14.7 2
14.8 2
14.9 6
15 6
15.1 7
15.2 1
15.3 1
15.4 1
15.5 1
15.6 2
15.7 6
15.8 4
15.9 8
16 6
16.1 7
16.2 3
16.3 5
16.4 0
16.5 1
16.6 0
16.7 3
16.8 2
16.9 5
17 7
17.1 6
17.2 4
17.3 8
17.4 9
17.5 2
17.6 2
17.7 4
17.8 0
17.9 2
18 10
18.1 8
18.2 15
18.3 20
18.4 12
18.5 11
18.6 5
18.7 6
18.8 8
18.9 3
19 6
19.1 7
19.2 5
19.3 6
19.4 7
19.5 7
19.6 4
19.7 10
19.8 29
19.9 34
20 31
20.1 59
20.2 56
20.3 51
20.4 33
20.5 25
20.6 15
20.7 6
20.8 8
20.9 15
21 20
21.1 12
21.2 4
21.3 10
21.4 10
21.5 12
21.6 13
21.7 6
21.8 1
21.9 8
22 53
22.1 44
22.2 44
22.3 42
22.4 40
22.5 37
22.6 31
22.7 20
22.8 12
22.9 9
23 8
23.1 28
23.2 75
23.3 83
23.4 98
23.5 128
23.6 153
23.7 192
23.8 231
23.9 303
24 337
24.1 374
24.2 473
24.3 565
24.4 629
24.5 754
24.6 811
24.7 889
24.8 971
24.9 1032
25 1098
25.1 1151
25.2 1270
25.3 1326
25.4 1392
25.5 1411
25.6 1408
25.7 1435
25.8 1409
25.9 1398
26 1372
26.1 1342
26.2 1294
26.3 1279
26.4 1269
26.5 1283
26.6 1244
26.7 1254
26.8 1169
26.9 1160
27 1195
27.1 1196
27.2 1263
27.3 1242
27.4 1249
27.5 1194
27.6 1166
27.7 1133
27.8 1126
27.9 1032
28 1010
28.1 1008
28.2 945
28.3 913
28.4 851
28.5 830
28.6 767
28.7 695
28.8 607
28.9 491
29 451
29.1 398
29.2 316
29.3 286
29.4 254
29.5 187
29.6 102
29.7 73
29.8 23
29.9 7
30 7
30.1 0
30.2 2
30.3 3
30.4 3
30.5 4
30.6 4
30.7 1
30.8 1
30.9 1
31 1
31.1 3
31.2 1
31.3 1
31.4 1
31.5 0
31.6 4
31.7 2
31.8 0
31.9 4
32 6
32.1 0
32.2 1
32.3 1
32.4 6
32.5 2
32.6 1
32.7 3
32.8 1
32.9 0
33 6
33.1 2
33.2 4
33.3 2
33.4 1
33.5 0
33.6 0
33.7 0
33.8 1
33.9 1
34 0
34.1 1
34.2 0
34.3 2
34.4 1
34.5 1
34.6 1
34.7 1
34.8 1
34.9 6
35 5
35.1 0
35.2 4
35.3 1
35.4 1
35.5 1
35.6 2
35.7 1
35.8 1
35.9 0
36 1
36.1 1
36.2 1
36.3 3
36.4 1
36.5 4
36.6 6
36.7 3
36.8 3
36.9 3
37 2
37.1 1
37.2 7
37.3 2
37.4 5
37.5 1
37.6 4
37.7 2
37.8 2
37.9 7
38 3
38.1 4
38.2 1
38.3 3
38.4 4
38.5 2
38.6 0
38.7 2
38.8 3
38.9 3
39 5
39.1 0
39.2 2
39.3 4
39.4 0
39.5 5
39.6 4
39.7 9
39.8 9
39.9 2
40 4
40.1 6
40.2 3
40.3 7
40.4 0
40.5 4
40.6 2
40.7 4
40.8 5
40.9 7
41 8
41.1 6
41.2 7
41.3 7
41.4 16
41.5 16
41.6 23
41.7 10
41.8 11
41.9 9
42 6
42.1 6
42.2 9
42.3 6
42.4 14
42.5 15
42.6 13
42.7 17
42.8 18
42.9 50
43 58
43.1 70
43.2 94
43.3 78
43.4 88
43.5 69
43.6 102
43.7 189
43.8 238
43.9 301
44 355
44.1 421
44.2 473
44.3 536
44.4 520
44.5 557
44.6 597
44.7 711
44.8 806
44.9 869
45 958
45.1 1046
45.2 1060
45.3 1081
45.4 1114
45.5 1117
45.6 1121
45.7 1065
45.8 1035
45.9 1005
46 983
46.1 920
46.2 941
46.3 944
46.4 938
46.5 930
46.6 953
46.7 889
46.8 871
46.9 815
47 781
47.1 775
47.2 750
47.3 764
47.4 838
47.5 769
47.6 747
47.7 714
47.8 688
47.9 673
48 677
48.1 691
48.2 662
48.3 601
48.4 535
48.5 463
48.6 409
48.7 304
48.8 234
48.9 184
49 154
49.1 135
49.2 71
49.3 52
49.4 9
49.5 9
49.6 1
49.7 3
49.8 1
49.9 2
50 0
50.1 1
50.2 2
50.3 3
50.4 1
50.5 4
50.6 2
50.7 0
50.8 1
50.9 3
51 1
51.1 3
51.2 2
51.3 0
51.4 4
51.5 2
51.6 1
51.7 0
51.8 1
51.9 2
52 1
52.1 2
52.2 3
52.3 1
52.4 1
52.5 0
52.6 3
52.7 0
52.8 3
52.9 4
53 0
53.1 0
53.2 1
53.3 2
53.4 2
53.5 1
53.6 4
53.7 2
53.8 1
53.9 1
54 0
54.1 0
54.2 2
54.3 0
54.4 0
54.5 3
54.6 1
54.7 1
54.8 2
54.9 4
55 2
55.1 0
55.2 0
55.3 6
55.4 2
55.5 8
55.6 2
55.7 4
55.8 5
55.9 2
56 1
56.1 1
56.2 3
56.3 2
56.4 3
56.5 1
56.6 1
56.7 3
56.8 1
56.9 1
57 1
57.1 1
57.2 1
57.3 2
57.4 1
57.5 2
57.6 2
57.7 6
57.8 1
57.9 2
58 3
58.1 4
58.2 5
58.3 1
58.4 1
58.5 3
58.6 4
58.7 2
58.8 0
58.9 5
59 5
59.1 5
59.2 4
59.3 5
59.4 3
59.5 22
59.6 18
59.7 12
59.8 14
59.9 6
60 1
60.1 5
60.2 3
60.3 5
60.4 0
60.5 2
60.6 3
60.7 2
60.8 2
60.9 3
61 12
61.1 3
61.2 9
61.3 9
61.4 4
61.5 5
61.6 7
61.7 19
61.8 12
61.9 17
62 24
62.1 18
62.2 18
62.3 22
62.4 31
62.5 19
62.6 24
62.7 36
62.8 26
62.9 26
63 32
63.1 28
63.2 29
63.3 36
63.4 26
63.5 22
63.6 26
63.7 25
63.8 55
63.9 102
64 110
64.1 194
64.2 243
64.3 284
64.4 286
64.5 279
64.6 325
64.7 448
64.8 523
64.9 631
65 741
65.1 839
65.2 888
65.3 957
65.4 994
65.5 1020
65.6 1067
65.7 1093
65.8 1074
65.9 1096
66 1134
66.1 1127
66.2 1139
66.3 1130
66.4 1118
66.5 1087
66.6 1048
66.7 951
66.8 914
66.9 881
67 852
67.1 846
67.2 841
67.3 790
67.4 800
67.5 810
67.6 752
67.7 721
67.8 690
67.9 648
68 625
68.1 639
68.2 582
68.3 644
68.4 712
68.5 751
68.6 754
68.7 723
68.8 674
68.9 681
69 661
69.1 641
69.2 594
69.3 605
69.4 575
69.5 614
69.6 601
69.7 553
69.8 527
69.9 457
70 417
70.1 303
70.2 195
70.3 94
70.4 39
70.5 31
70.6 15
70.7 21
70.8 9
70.9 6
71 8
71.1 3
71.2 3
71.3 3
71.4 5
71.5 0
71.6 1
71.7 0
71.8 3
71.9 2
72 0
72.1 1
72.2 1
72.3 2
72.4 1
72.5 1
72.6 0
72.7 3
72.8 0
72.9 0
73 1
73.1 0
73.2 1
73.3 1
73.4 0
73.5 0
73.6 1
73.7 0
73.8 2
73.9 3
74 2
74.1 0
74.2 7
74.3 1
74.4 0
74.5 1
74.6 1
74.7 0
74.8 0
74.9 3
75 1
75.1 0
75.2 1
75.3 3
75.4 1
75.5 1
75.6 0
75.7 0
75.8 1
75.9 1
76 0
76.1 4
76.2 4
76.3 0
76.4 0
76.5 5
76.6 2
76.7 1
76.8 4
76.9 1
77 0
77.1 2
77.2 0
77.3 1
77.4 1
77.5 0
77.6 2
77.7 1
77.8 0
77.9 2
78 2
78.1 7
78.2 4
78.3 5
78.4 3
78.5 1
78.6 22
78.7 35
78.8 54
78.9 33
79 17
79.1 15
79.2 7
79.3 3
79.4 8
79.5 4
79.6 7
79.7 5
79.8 2
79.9 3
80 4
80.1 3
80.2 2
80.3 5
80.4 5
80.5 14
80.6 1
80.7 4
80.8 4
80.9 5
81 6
81.1 3
81.2 3
81.3 4
81.4 3
81.5 0
81.6 1
81.7 13
81.8 2
81.9 3
82 5
82.1 3
82.2 2
82.3 6
82.4 2
82.5 7
82.6 3
82.7 7
82.8 5
82.9 2
83 8
83.1 4
83.2 8
83.3 5
83.4 4
83.5 3
83.6 7
83.7 5
83.8 2
83.9 5
84 5
84.1 26
84.2 58
84.3 49
84.4 51
84.5 37
84.6 46
84.7 42
84.8 23
84.9 49
85 38
85.1 68
85.2 182
85.3 240
85.4 244
85.5 279
85.6 377
85.7 412
85.8 512
85.9 553
86 627
86.1 724
86.2 815
86.3 923
86.4 904
86.5 921
86.6 982
86.7 968
86.8 1006
86.9 1037
87 1049
87.1 1081
87.2 1132
87.3 1105
87.4 1152
87.5 1158
87.6 1155
87.7 1157
87.8 1143
87.9 1137
88 1113
88.1 1059
88.2 1028
88.3 1020
88.4 997
88.5 1025
88.6 947
88.7 864
88.8 836
88.9 747
89 677
89.1 640
89.2 654
89.3 651
89.4 591
89.5 510
89.6 407
89.7 335
89.8 314
89.9 350
90 338
90.1 353
90.2 350
90.3 357
90.4 384
90.5 343
90.6 214
90.7 187
90.8 146
90.9 120
91 120
91.1 108
91.2 110
91.3 90
91.4 110
91.5 58
91.6 43
91.7 14
91.8 2
91.9 5
92 5
92.1 3
92.2 0
92.3 1
92.4 2
92.5 2
92.6 3
92.7 1
92.8 2
92.9 2
93 2
93.1 1
93.2 5
93.3 1
93.4 1
93.5 1
93.6 0
93.7 0
93.8 2
93.9 1
94 1
94.1 0
94.2 0
94.3 3
94.4 4
94.5 2
94.6 6
94.7 1
94.8 0
94.9 1
95 1
95.1 2
95.2 0
95.3 1
95.4 3
95.5 0
95.6 0
95.7 0
95.8 0
95.9 4
96 5
96.1 2
96.2 3
96.3 1
96.4 5
96.5 2
96.6 3
96.7 0
96.8 1
96.9 1
97 1
97.1 1
97.2 2
97.3 7
97.4 2
97.5 5
97.6 0
97.7 1
97.8 1
97.9 6
98 2
98.1 3
98.2 2
98.3 7
98.4 1
98.5 5
98.6 3
98.7 5
98.8 2
98.9 1
99 1
99.1 0
99.2 2
99.3 0
99.4 6
99.5 4
99.6 3
99.7 9
99.8 3
99.9 8
100 5
100.1 4
100.2 4
100.3 4
100.4 5
100.5 11
100.6 12
100.7 7
100.8 6
100.9 3
101 3
101.1 6
101.2 14
101.3 21
101.4 13
101.5 8
101.6 8
101.7 13
101.8 14
101.9 24
102 17
102.1 46
102.2 84
102.3 64
102.4 87
102.5 57
102.6 45
102.7 82
102.8 95
102.9 98
103 99
103.1 113
103.2 141
103.3 186
103.4 206
103.5 194
103.6 212
103.7 220
103.8 302
103.9 353
104 334
104.1 371
104.2 447
104.3 492
104.4 569
104.5 593
104.6 650
104.7 697
104.8 737
104.9 809
105 796
105.1 765
105.2 771
105.3 761
105.4 814
105.5 917
105.6 986
105.7 1017
105.8 1035
105.9 1016
106 1053
106.1 1079
106.2 1038
106.3 1040
106.4 1025
106.5 910
106.6 822
106.7 771
106.8 798
106.9 747
107 616
107.1 605
107.2 592
107.3 539
107.4 496
107.5 454
107.6 335
107.7 264
107.8 217
107.9 213
108 145
108.1 103
108.2 54
108.3 50
108.4 10
108.5 8
108.6 1
108.7 2
108.8 0
108.9 2
109 1
109.1 2
109.2 0
109.3 0
109.4 2
109.5 1
109.6 3
109.7 0
109.8 0
109.9 1
110 3
110.1 2
110.2 1
110.3 0
110.4 1
110.5 2
110.6 2
110.7 4
110.8 1
110.9 2
111 0
111.1 6
111.2 5
111.3 0
111.4 0
111.5 1
111.6 4
111.7 2
111.8 1
111.9 2
112 1
112.1 8
112.2 5
112.3 2
112.4 2
112.5 6
112.6 2
112.7 2
112.8 0
112.9 4
113 0
113.1 6
113.2 5
113.3 0
113.4 1
113.5 3
113.6 2
113.7 3
113.8 3
113.9 5
114 5
114.1 3
114.2 7
114.3 1
114.4 4
114.5 2
114.6 1
114.7 0
114.8 1
114.9 1
115 0
115.1 4
115.2 1
115.3 7
115.4 3
115.5 0
115.6 3
115.7 1
115.8 4
115.9 5
116 5
116.1 1
116.2 1
116.3 2
116.4 7
116.5 8
116.6 13
116.7 40
116.8 22
116.9 15
117 5
117.1 1
117.2 4
117.3 5
117.4 2
117.5 9
117.6 6
117.7 9
117.8 5
117.9 1
118 6
118.1 7
118.2 6
118.3 8
118.4 2
118.5 3
118.6 6
118.7 26
118.8 49
118.9 119
119 136
119.1 196
119.2 278
119.3 372
119.4 401
119.5 398
119.6 393
119.7 417
119.8 368
119.9 354
120 423
120.1 419
120.2 414
120.3 469
120.4 495
120.5 515
120.6 593
120.7 590
120.8 621
120.9 599
121 638
121.1 665
121.2 659
121.3 672
121.4 666
121.5 681
121.6 636
121.7 646
121.8 639
121.9 625
122 629
122.1 610
122.2 633
122.3 642
122.4 675
122.5 671
122.6 621
122.7 699
122.8 705
122.9 667
123 620
123.1 638
123.2 609
123.3 550
123.4 497
123.5 447
123.6 424
123.7 424
123.8 376
123.9 335
124 316
124.1 276
124.2 232
124.3 182
124.4 136
124.5 76
124.6 52
124.7 23
124.8 31
124.9 17
125 5
125.1 3
125.2 5
125.3 3
125.4 3
125.5 2
125.6 2
125.7 3
125.8 1
125.9 6
126 1
126.1 0
126.2 0
126.3 4
126.4 1
126.5 4
126.6 3
126.7 3
126.8 2
126.9 2
127 3
127.1 2
127.2 2
127.3 2
127.4 0
127.5 0
127.6 3
127.7 8
127.8 3
127.9 1
128 2
128.1 2
128.2 0
128.3 2
128.4 2
128.5 3
128.6 0
128.7 2
128.8 0
128.9 1
129 9
129.1 2
129.2 1
129.3 4
129.4 2
129.5 1
129.6 1
129.7 0
129.8 1
129.9 4
130 0
130.1 4
130.2 1
130.3 2
130.4 7
130.5 9
130.6 16
130.7 8
130.8 3
130.9 4
131 2
131.1 5
131.2 2
131.3 3
131.4 3
131.5 0
131.6 4
131.7 1
131.8 0
131.9 2
132 4
132.1 0
132.2 4
132.3 1
132.4 5
132.5 8
132.6 9
132.7 0
132.8 4
132.9 4
133 7
133.1 3
133.2 9
133.3 19
133.4 28
133.5 34
133.6 36
133.7 35
133.8 21
133.9 18
134 43
134.1 44
134.2 111
134.3 142
134.4 255
134.5 337
134.6 400
134.7 490
134.8 601
134.9 668
135 694
135.1 661
135.2 640
135.3 659
135.4 688
135.5 716
135.6 784
135.7 855
135.8 898
135.9 887
136 912
136.1 873
136.2 833
136.3 807
136.4 814
136.5 798
136.6 734
136.7 716
136.8 710
136.9 678
137 679
137.1 679
137.2 704
137.3 691
137.4 709
137.5 673
137.6 639
137.7 635
137.8 668
137.9 762
138 823
138.1 765
138.2 718
138.3 695
138.4 703
138.5 717
138.6 677
138.7 567
138.8 496
138.9 417
139 405
139.1 353
139.2 300
139.3 246
139.4 272
139.5 249
139.6 187
139.7 104
139.8 23
139.9 11
140 5
140.1 1
140.2 2
140.3 0
140.4 0
140.5 1
140.6 2
140.7 0
140.8 0
140.9 2
141 4
141.1 2
141.2 1
141.3 1
141.4 1
141.5 0
141.6 2
141.7 1
141.8 0
141.9 3
142 1
142.1 2
142.2 1
142.3 1
142.4 3
142.5 1
142.6 0
142.7 1
142.8 1
142.9 1
143 0
143.1 2
143.2 0
143.3 2
143.4 3
143.5 2
143.6 1
143.7 3
143.8 1
143.9 1
144 1
144.1 2
144.2 4
144.3 3
144.4 0
144.5 1
144.6 1
144.7 4
144.8 1
144.9 0
145 1
145.1 0
145.2 2
145.3 3
145.4 4
145.5 5
145.6 2
145.7 1
145.8 4
145.9 1
146 3
146.1 4
146.2 2
146.3 2
146.4 2
146.5 4
146.6 3
146.7 0
146.8 2
146.9 4
147 5
147.1 9
147.2 3
147.3 1
147.4 2
147.5 2
147.6 5
147.7 0
147.8 0
147.9 2
148 3
148.1 3
148.2 3
148.3 2
148.4 5
148.5 1
148.6 3
148.7 1
148.8 10
148.9 1
149 2
149.1 3
149.2 9
149.3 5
149.4 5
149.5 2
149.6 0
149.7 2
149.8 3
149.9 0
150 3
150.1 6
150.2 11
150.3 15
150.4 11
150.5 4
150.6 10
150.7 11
150.8 10
150.9 3
151 4
151.1 6
151.2 6
151.3 7
151.4 4
151.5 8
151.6 39
151.7 56
151.8 52
151.9 66
152 99
152.1 145
152.2 143
152.3 160
152.4 151
152.5 162
152.6 199
152.7 239
152.8 327
152.9 378
153 436
153.1 480
153.2 548
153.3 605
153.4 624
153.5 627
153.6 688
153.7 733
153.8 780
153.9 786
154 863
154.1 942
154.2 945
154.3 981
154.4 1010
154.5 1006
154.6 976
154.7 903
154.8 882
154.9 895
155 911
155.1 925
155.2 977
155.3 990
155.4 966
155.5 927
155.6 913
155.7 854
155.8 793
155.9 765
156 713
156.1 621
156.2 532
156.3 441
156.4 399
156.5 393
156.6 406
156.7 325
156.8 271
156.9 274
157 206
157.1 180
157.2 115
157.3 43
157.4 16
157.5 7
157.6 2
157.7 3
157.8 3
157.9 2
158 4
158.1 3
158.2 3
158.3 3
158.4 1
158.5 0
158.6 7
158.7 1
158.8 1
158.9 1
159 2
159.1 3
159.2 4
159.3 3
159.4 3
159.5 1
159.6 1
159.7 3
159.8 0
159.9 1
160 0
160.1 0
160.2 0
160.3 1
160.4 3
160.5 3
160.6 1
160.7 1
160.8 1
160.9 0
161 1
161.1 5
161.2 1
161.3 4
161.4 2
161.5 1
161.6 0
161.7 2
161.8 3
161.9 1
162 3
162.1 0
162.2 4
162.3 2
162.4 5
162.5 1
162.6 4
162.7 4
162.8 2
162.9 0
163 3
163.1 1
163.2 2
163.3 3
163.4 1
163.5 4
163.6 2
163.7 2
163.8 1
163.9 2
164 3
164.1 2
164.2 5
164.3 8
164.4 1
164.5 4
164.6 1
164.7 2
164.8 1
164.9 2
165 13
165.1 13
165.2 7
165.3 19
165.4 19
165.5 12
165.6 7
165.7 7
165.8 8
165.9 21
166 14
166.1 15
166.2 11
166.3 7
166.4 8
166.5 4
166.6 10
166.7 4
166.8 4
166.9 7
167 2
167.1 1
167.2 5
167.3 2
167.4 7
167.5 5
167.6 4
167.7 6
167.8 4
167.9 3
168 6
168.1 2
168.2 3
168.3 4
168.4 5
168.5 14
168.6 5
168.7 2
168.8 7
168.9 4
169 5
169.1 8
169.2 8
169.3 9
169.4 2
169.5 4
169.6 2
169.7 1
169.8 2
169.9 14
170 4
170.1 3
170.2 12
170.3 3
170.4 9
170.5 7
170.6 7
170.7 21
170.8 45
170.9 36
171 64
171.1 94
171.2 134
171.3 130
171.4 177
171.5 196
171.6 205
171.7 160
171.8 204
171.9 301
172 347
172.1 298
172.2 272
172.3 263
172.4 290
172.5 324
172.6 436
172.7 536
172.8 614
172.9 656
173 696
173.1 732
173.2 803
173.3 785
173.4 793
173.5 825
173.6 901
173.7 961
173.8 1039
173.9 1021
174 1029
174.1 1059
174.2 1059
174.3 1030
174.4 1041
174.5 1027
174.6 971
174.7 905
174.8 878
174.9 871
175 835
175.1 862
175.2 794
175.3 730
175.4 735
175.5 747
175.6 787
175.7 802
175.8 800
175.9 760
176 741
176.1 702
176.2 716
176.3 672
176.4 588
176.5 584
176.6 564
176.7 515
176.8 461
176.9 450
177 430
177.1 409
177.2 356
177.3 338
177.4 272
177.5 188
177.6 125
177.7 43
177.8 12
177.9 2
178 0
178.1 1
178.2 1
178.3 0
178.4 0
178.5 2
178.6 2
178.7 0
178.8 2
178.9 2
179 3
179.1 2
179.2 1
179.3 0
179.4 1
179.5 2
179.6 0
179.7 0
179.8 0
179.9 1
180 0
180.1 1
180.2 0
180.3 3
180.4 2
180.5 2
180.6 1
180.7 4
180.8 11
180.9 5
181 4
181.1 2
181.2 1
181.3 6
181.4 2
181.5 2
181.6 2
181.7 0
181.8 0
181.9 1
182 0
182.1 1
182.2 1
182.3 3
182.4 1
182.5 2
182.6 1
182.7 3
182.8 1
182.9 3
183 0
183.1 1
183.2 8
183.3 4
183.4 3
183.5 3
183.6 3
183.7 1
183.8 2
183.9 1
184 1
184.1 4
184.2 3
184.3 5
184.4 1
184.5 2
184.6 3
184.7 2
184.8 0
184.9 1
185 4
185.1 1
185.2 3
185.3 0
185.4 2
185.5 2
185.6 10
185.7 6
185.8 16
185.9 17
186 17
186.1 11
186.2 17
186.3 8
186.4 11
186.5 21
186.6 14
186.7 1
186.8 0
186.9 5
187 4
187.1 12
187.2 11
187.3 9
187.4 10
187.5 9
187.6 8
187.7 22
187.8 18
187.9 4
188 8
188.1 3
188.2 13
188.3 3
188.4 1
188.5 7
188.6 11
188.7 9
188.8 11
188.9 1
189 9
189.1 12
189.2 9
189.3 8
189.4 4
189.5 6
189.6 3
189.7 4
189.8 12
189.9 8
190 16
190.1 9
190.2 8
190.3 6
190.4 38
190.5 30
190.6 20
190.7 13
190.8 12
190.9 13
191 5
191.1 4
191.2 11
191.3 8
191.4 5
191.5 8
191.6 3
191.7 7
191.8 6
191.9 6
192 3
192.1 10
192.2 11
192.3 4
192.4 11
192.5 4
192.6 6
192.7 3
192.8 4
192.9 4
193 3
193.1 1
193.2 8
193.3 9
193.4 5
193.5 5
193.6 8
193.7 9
193.8 4
193.9 5
194 5
194.1 4
194.2 3
194.3 2
194.4 5
194.5 12
194.6 5
194.7 2
194.8 4
194.9 4
195 8
195.1 15
195.2 6
195.3 3
195.4 17
195.5 6
195.6 7
195.7 11
195.8 13
195.9 5
196 38
196.1 41
196.2 60
196.3 71
196.4 97
196.5 200
196.6 298
196.7 392
196.8 475
196.9 570
197 671
197.1 725
197.2 730
197.3 812
197.4 889
197.5 918
197.6 945
197.7 962
197.8 995
197.9 1031
198 1080
198.1 1117
198.2 1137
198.3 1133
198.4 1191
198.5 1279
198.6 1243
198.7 1245
198.8 1245
198.9 1289
199 1341
199.1 1336
199.2 1341
199.3 1388
199.4 1383
199.5 1381
199.6 1373
199.7 1426
199.8 1421
199.9 1407
200 1350
