0 0
0.1 0
0.2 0
0.3 0
0.4 1
0.5 3
0.6 7
0.7 7
0.8 9
0.9 11
1 14
1.1 20
1.2 23
1.3 33
1.4 41
1.5 52
1.6 63
1.7 76
1.8 85
1.9 104
2 113
2.1 128
2.2 144
2.3 167
2.4 194
2.5 212
2.6 235
2.7 263
2.8 298
2.9 332
3 360
3.1 394
3.2 421
3.3 453
3.4 489
3.5 519
3.6 550
3.7 576
3.8 597
3.9 633
4 669
4.1 707
4.2 739
4.3 773
4.4 803
4.5 839
4.6 874
4.7 902
4.8 941
4.9 970
5 1008
5.1 1038
5.2 1055
5.3 1089
5.4 1121
5.5 1148
5.6 1183
5.7 1202
5.8 1243
5.9 1282
6 1304
6.1 1328
6.2 1356
6.3 1388
6.4 1410
6.5 1449
6.6 1484
6.7 1500
6.8 1517
6.9 1534
7 1568
7.1 1588
7.2 1605
7.3 1593
7.4 1632
7.5 1611
7.6 1629
7.7 1652
7.8 1642
7.9 1590
8 1508
8.1 1411
8.2 1296
8.3 1212
8.4 1116
8.5 1021
8.6 956
8.7 913
8.8 852
8.9 797
9 722
9.1 657
9.2 624
9.3 571
9.4 525
9.5 493
9.6 478
9.7 492
9.8 465
9.9 438
10 397
10.1 374
10.2 356
10.3 332
10.4 323
10.5 321
10.6 330
10.7 318
10.8 316
10.9 307
11 300
11.1 298
11.2 285
11.3 276
11.4 273
11.5 264
11.6 268
11.7 243
11.8 233
11.9 231
12 253
12.1 234
12.2 256
12.3 247
12.4 243
12.5 231
12.6 219
12.7 213
12.8 206
12.9 207
13 213
13.1 232
13.2 256
13.3 333
13.4 341
13.5 342
13.6 331
13.7 327
13.8 325
13.9 333
14 316
14.1 307
14.2 300
14.3 286
14.4 269
14.5 267
14.6 274
14.7 261
14.8 256
14.9 254
15 270
15.1 284
15.2 289
15.3 290
15.4 283
15.5 265
15.6 261
15.7 254
15.8 270
15.9 296
16 314
16.1 342
16.2 331
16.3 326
16.4 311
16.5 291
16.6 266
16.7 261
16.8 249
16.9 239
17 262
17.1 268
17.2 269
17.3 277
17.4 281
17.5 269
17.6 241
17.7 238
17.8 227
17.9 225
18 248
18.1 276
18.2 290
18.3 316
18.4 345
18.5 349
18.6 338
18.7 311
18.8 297
18.9 288
19 282
19.1 290
19.2 281
19.3 270
19.4 266
19.5 274
19.6 271
19.7 263
19.8 302
19.9 354
20 378
20.1 418
20.2 442
20.3 436
20.4 432
20.5 412
20.6 404
20.7 384
20.8 359
20.9 356
21 352
21.1 365
21.2 341
21.3 309
21.4 287
21.5 307
21.6 309
21.7 310
21.8 294
21.9 256
22 310
22.1 375
22.2 386
22.3 386
22.4 389
22.5 380
22.6 391
22.7 380
22.8 358
22.9 334
23 312
23.1 314
23.2 352
23.3 406
23.4 408
23.5 415
23.6 421
23.7 425
23.8 429
23.9 429
24 427
24.1 429
24.2 432
24.3 434
24.4 445
24.5 449
24.6 452
24.7 458
24.8 470
24.9 479
25 489
25.1 501
25.2 510
25.3 520
25.4 530
25.5 551
25.6 577
25.7 597
25.8 626
25.9 647
26 674
26.1 703
26.2 725
26.3 753
26.4 776
26.5 806
26.6 842
26.7 864
26.8 894
26.9 938
27 957
27.1 998
27.2 1035
27.3 1062
27.4 1092
27.5 1130
27.6 1165
27.7 1209
27.8 1236
27.9 1270
28 1298
28.1 1334
28.2 1368
28.3 1410
28.4 1436
28.5 1473
28.6 1500
28.7 1540
28.8 1567
28.9 1603
29 1627
29.1 1655
29.2 1683
29.3 1711
29.4 1747
29.5 1745
29.6 1745
29.7 1728
29.8 1667
29.9 1585
30 1457
30.1 1342
30.2 1235
30.3 1147
30.4 1066
30.5 1005
30.6 943
30.7 874
30.8 822
30.9 761
31 719
31.1 691
31.2 665
31.3 640
31.4 651
31.5 631
31.6 626
31.7 627
31.8 586
31.9 561
32 544
32.1 505
32.2 498
32.3 486
32.4 514
32.5 543
32.6 520
32.7 499
32.8 474
32.9 453
33 443
33.1 450
33.2 433
33.3 409
33.4 388
33.5 366
33.6 348
33.7 325
33.8 300
33.9 290
34 285
34.1 283
34.2 284
34.3 276
34.4 276
34.5 276
34.6 264
34.7 257
34.8 254
34.9 264
35 262
35.1 257
35.2 259
35.3 265
35.4 260
35.5 242
35.6 233
35.7 224
35.8 234
35.9 236
36 224
36.1 218
36.2 227
36.3 235
36.4 226
36.5 222
36.6 224
36.7 244
36.8 242
36.9 244
37 260
37.1 250
37.2 237
37.3 234
37.4 222
37.5 219
37.6 225
37.7 226
37.8 222
37.9 227
38 232
38.1 238
38.2 244
38.3 239
38.4 236
38.5 216
38.6 201
38.7 196
38.8 200
38.9 218
39 224
39.1 222
39.2 205
39.3 215
39.4 231
39.5 225
39.6 238
39.7 244
39.8 257
39.9 269
40 255
40.1 247
40.2 240
40.3 247
40.4 240
40.5 235
40.6 240
40.7 241
40.8 242
40.9 257
41 258
41.1 265
41.2 272
41.3 272
41.4 336
41.5 346
41.6 363
41.7 357
41.8 347
41.9 338
42 343
42.1 335
42.2 330
42.3 333
42.4 321
42.5 332
42.6 332
42.7 329
42.8 345
42.9 373
43 422
43.1 439
43.2 458
43.3 461
43.4 462
43.5 461
43.6 476
43.7 492
43.8 496
43.9 498
44 503
44.1 516
44.2 520
44.3 532
44.4 542
44.5 551
44.6 560
44.7 576
44.8 580
44.9 596
45 624
45.1 637
45.2 650
45.3 669
45.4 690
45.5 701
45.6 715
45.7 743
45.8 762
45.9 778
46 803
46.1 824
46.2 848
46.3 868
46.4 886
46.5 917
46.6 938
46.7 986
46.8 1018
46.9 1054
47 1080
47.1 1108
47.2 1128
47.3 1159
47.4 1182
47.5 1227
47.6 1263
47.7 1299
47.8 1329
47.9 1350
48 1369
48.1 1408
48.2 1429
48.3 1458
48.4 1493
48.5 1525
48.6 1565
48.7 1581
48.8 1607
48.9 1624
49 1619
49.1 1660
49.2 1658
49.3 1599
49.4 1535
49.5 1409
49.6 1294
49.7 1207
49.8 1136
49.9 1050
50 974
50.1 897
50.2 847
50.3 777
50.4 726
50.5 702
50.6 658
50.7 608
50.8 569
50.9 556
51 537
51.1 528
51.2 513
51.3 499
51.4 480
51.5 472
51.6 445
51.7 423
51.8 403
51.9 419
52 388
52.1 373
52.2 370
52.3 368
52.4 361
52.5 353
52.6 336
52.7 342
52.8 356
52.9 356
53 337
53.1 339
53.2 322
53.3 310
53.4 307
53.5 303
53.6 295
53.7 299
53.8 302
53.9 309
54 307
54.1 275
54.2 262
54.3 256
54.4 235
54.5 216
54.6 231
54.7 236
54.8 250
54.9 263
55 253
55.1 257
55.2 271
55.3 264
55.4 298
55.5 297
55.6 313
55.7 304
55.8 322
55.9 318
56 309
56.1 294
56.2 302
56.3 316
56.4 310
56.5 299
56.6 294
56.7 289
56.8 294
56.9 293
57 282
57.1 263
57.2 245
57.3 242
57.4 243
57.5 239
57.6 264
57.7 271
57.8 267
57.9 262
58 255
58.1 253
58.2 270
58.3 261
58.4 248
58.5 240
58.6 243
58.7 235
58.8 220
58.9 219
59 227
59.1 237
59.2 238
59.3 254
59.4 257
59.5 321
59.6 403
59.7 424
59.8 423
59.9 415
60 378
60.1 353
60.2 336
60.3 316
60.4 304
60.5 299
60.6 294
60.7 266
60.8 261
60.9 254
61 245
61.1 254
61.2 261
61.3 261
61.4 275
61.5 276
61.6 287
61.7 323
61.8 347
61.9 364
62 369
62.1 389
62.2 387
62.3 381
62.4 409
62.5 426
62.6 423
62.7 414
62.8 420
62.9 428
63 426
63.1 425
63.2 413
63.3 402
63.4 418
63.5 416
63.6 405
63.7 389
63.8 385
63.9 444
64 462
64.1 470
64.2 476
64.3 485
64.4 486
64.5 490
64.6 495
64.7 497
64.8 502
64.9 515
65 518
65.1 536
65.2 549
65.3 558
65.4 576
65.5 591
65.6 601
65.7 622
65.8 642
65.9 658
66 679
66.1 702
66.2 727
66.3 743
66.4 769
66.5 790
66.6 818
66.7 844
66.8 869
66.9 894
67 912
67.1 934
67.2 960
67.3 991
67.4 1017
67.5 1034
67.6 1074
67.7 1087
67.8 1112
67.9 1133
68 1156
68.1 1188
68.2 1219
68.3 1249
68.4 1281
68.5 1312
68.6 1336
68.7 1365
68.8 1380
68.9 1420
69 1447
69.1 1475
69.2 1495
69.3 1526
69.4 1559
69.5 1583
69.6 1608
69.7 1632
69.8 1661
69.9 1702
70 1726
70.1 1729
70.2 1753
70.3 1749
70.4 1713
70.5 1635
70.6 1621
70.7 1552
70.8 1471
70.9 1402
71 1332
71.1 1243
71.2 1151
71.3 1104
71.4 1027
71.5 956
71.6 889
71.7 830
71.8 782
71.9 745
72 706
72.1 656
72.2 615
72.3 552
72.4 512
72.5 483
72.6 451
72.7 416
72.8 409
72.9 381
73 359
73.1 356
73.2 329
73.3 314
73.4 299
73.5 267
73.6 261
73.7 249
73.8 228
73.9 223
74 244
74.1 248
74.2 270
74.3 299
74.4 290
74.5 287
74.6 276
74.7 262
74.8 269
74.9 270
75 250
75.1 251
75.2 252
75.3 264
75.4 255
75.5 254
75.6 249
75.7 250
75.8 247
75.9 262
76 258
76.1 251
76.2 258
76.3 264
76.4 284
76.5 279
76.6 290
76.7 299
76.8 297
76.9 314
77 302
77.1 291
77.2 280
77.3 263
77.4 250
77.5 259
77.6 238
77.7 232
77.8 228
77.9 220
78 217
78.1 224
78.2 246
78.3 250
78.4 247
78.5 254
78.6 306
78.7 472
78.8 645
78.9 702
79 687
79.1 660
79.2 638
79.3 600
79.4 580
79.5 549
79.6 500
79.7 482
79.8 470
79.9 452
80 435
80.1 416
80.2 408
80.3 406
80.4 391
80.5 391
80.6 373
80.7 364
80.8 345
80.9 343
81 334
81.1 342
81.2 331
81.3 327
81.4 303
81.5 291
81.6 271
81.7 276
81.8 298
81.9 296
82 300
82.1 295
82.2 293
82.3 286
82.4 287
82.5 280
82.6 289
82.7 285
82.8 292
82.9 284
83 273
83.1 260
83.2 251
83.3 245
83.4 250
83.5 240
83.6 235
83.7 245
83.8 252
83.9 237
84 250
84.1 276
84.2 376
84.3 432
84.4 443
84.5 453
84.6 448
84.7 447
84.8 442
84.9 451
85 463
85.1 467
85.2 488
85.3 503
85.4 505
85.5 510
85.6 526
85.7 530
85.8 536
85.9 553
86 557
86.1 564
86.2 576
86.3 584
86.4 593
86.5 607
86.6 614
86.7 639
86.8 649
86.9 657
87 683
87.1 707
87.2 723
87.3 740
87.4 755
87.5 764
87.6 780
87.7 800
87.8 819
87.9 838
88 857
88.1 884
88.2 899
88.3 926
88.4 967
88.5 996
88.6 1044
88.7 1068
88.8 1088
88.9 1118
89 1147
89.1 1196
89.2 1230
89.3 1253
89.4 1279
89.5 1299
89.6 1333
89.7 1349
89.8 1357
89.9 1381
90 1419
90.1 1443
90.2 1472
90.3 1492
90.4 1517
90.5 1534
90.6 1545
90.7 1537
90.8 1548
90.9 1561
91 1559
91.1 1593
91.2 1625
91.3 1637
91.4 1638
91.5 1619
91.6 1571
91.7 1505
91.8 1410
91.9 1308
92 1214
92.1 1146
92.2 1067
92.3 996
92.4 911
92.5 860
92.6 795
92.7 740
92.8 686
92.9 655
93 612
93.1 585
93.2 557
93.3 546
93.4 508
93.5 488
93.6 479
93.7 453
93.8 430
93.9 402
94 372
94.1 365
94.2 348
94.3 360
94.4 373
94.5 397
94.6 435
94.7 418
94.8 399
94.9 387
95 376
95.1 351
95.2 346
95.3 336
95.4 317
95.5 317
95.6 304
95.7 296
95.8 297
95.9 285
96 281
96.1 272
96.2 286
96.3 296
96.4 304
96.5 316
96.6 315
96.7 307
96.8 285
96.9 264
97 247
97.1 227
97.2 234
97.3 261
97.4 280
97.5 273
97.6 274
97.7 257
97.8 261
97.9 259
98 276
98.1 276
98.2 278
98.3 300
98.4 307
98.5 277
98.6 267
98.7 285
98.8 289
98.9 273
99 258
99.1 245
99.2 231
99.3 225
99.4 228
99.5 242
99.6 243
99.7 246
99.8 274
99.9 275
100 302
100.1 307
100.2 300
100.3 306
100.4 324
100.5 328
100.6 357
100.7 366
100.8 375
100.9 365
101 362
101.1 355
101.2 367
101.3 375
101.4 391
101.5 394
101.6 384
101.7 387
101.8 408
101.9 430
102 433
102.1 450
102.2 501
102.3 534
102.4 547
102.5 544
102.6 522
102.7 549
102.8 561
102.9 575
103 565
103.1 576
103.2 598
103.3 620
103.4 618
103.5 628
103.6 630
103.7 657
103.8 660
103.9 665
104 678
104.1 690
104.2 703
104.3 708
104.4 722
104.5 729
104.6 742
104.7 748
104.8 768
104.9 769
105 787
105.1 794
105.2 813
105.3 829
105.4 841
105.5 853
105.6 866
105.7 883
105.8 906
105.9 921
106 944
106.1 958
106.2 979
106.3 999
106.4 1019
106.5 1046
106.6 1072
106.7 1090
106.8 1112
106.9 1140
107 1173
107.1 1197
107.2 1228
107.3 1259
107.4 1298
107.5 1332
107.6 1343
107.7 1360
107.8 1367
107.9 1400
108 1429
108.1 1437
108.2 1425
108.3 1411
108.4 1369
108.5 1271
108.6 1194
108.7 1078
108.8 980
108.9 911
109 832
109.1 780
109.2 725
109.3 682
109.4 657
109.5 617
109.6 595
109.7 554
109.8 504
109.9 463
110 467
110.1 451
110.2 440
110.3 417
110.4 403
110.5 401
110.6 390
110.7 375
110.8 356
110.9 331
111 308
111.1 293
111.2 320
111.3 308
111.4 293
111.5 272
111.6 255
111.7 250
111.8 261
111.9 271
112 299
112.1 296
112.2 326
112.3 338
112.4 339
112.5 356
112.6 369
112.7 378
112.8 374
112.9 367
113 350
113.1 336
113.2 334
113.3 318
113.4 290
113.5 295
113.6 289
113.7 289
113.8 297
113.9 293
114 313
114.1 321
114.2 330
114.3 345
114.4 340
114.5 355
114.6 343
114.7 330
114.8 317
114.9 297
115 295
115.1 273
115.2 275
115.3 271
115.4 263
115.5 260
115.6 265
115.7 279
115.8 294
115.9 310
116 324
116.1 331
116.2 327
116.3 325
116.4 334
116.5 359
116.6 378
116.7 462
116.8 504
116.9 513
117 492
117.1 455
117.2 442
117.3 432
117.4 404
117.5 385
117.6 397
117.7 406
117.8 412
117.9 402
118 373
118.1 372
118.2 386
118.3 376
118.4 349
118.5 329
118.6 302
118.7 360
118.8 455
118.9 558
119 585
119.1 603
119.2 619
119.3 616
119.4 630
119.5 626
119.6 643
119.7 650
119.8 657
119.9 660
120 675
120.1 687
120.2 696
120.3 707
120.4 729
120.5 741
120.6 755
120.7 780
120.8 790
120.9 803
121 820
121.1 837
121.2 852
121.3 862
121.4 874
121.5 892
121.6 911
121.7 927
121.8 955
121.9 963
122 982
122.1 1007
122.2 1028
122.3 1051
122.4 1066
122.5 1087
122.6 1102
122.7 1122
122.8 1135
122.9 1146
123 1167
123.1 1185
123.2 1210
123.3 1224
123.4 1241
123.5 1242
123.6 1259
123.7 1288
123.8 1309
123.9 1319
124 1336
124.1 1362
124.2 1367
124.3 1376
124.4 1373
124.5 1345
124.6 1327
124.7 1309
124.8 1257
124.9 1237
125 1183
125.1 1116
125.2 1042
125.3 950
125.4 876
125.5 843
125.6 797
125.7 710
125.8 671
125.9 648
126 616
126.1 578
126.2 521
126.3 512
126.4 502
126.5 516
126.6 509
126.7 480
126.8 464
126.9 436
127 404
127.1 378
127.2 363
127.3 347
127.4 355
127.5 358
127.6 368
127.7 358
127.8 371
127.9 362
128 350
128.1 328
128.2 332
128.3 308
128.4 304
128.5 298
128.6 280
128.7 266
128.8 259
128.9 259
129 247
129.1 266
129.2 291
129.3 294
129.4 310
129.5 291
129.6 287
129.7 267
129.8 259
129.9 268
130 273
130.1 275
130.2 276
130.3 267
130.4 271
130.5 284
130.6 334
130.7 388
130.8 400
130.9 383
131 373
131.1 373
131.2 367
131.3 357
131.4 350
131.5 333
131.6 323
131.7 332
131.8 310
131.9 292
132 304
132.1 291
132.2 281
132.3 275
132.4 275
132.5 287
132.6 312
132.7 314
132.8 295
132.9 289
133 300
133.1 312
133.2 303
133.3 313
133.4 376
133.5 448
133.6 521
133.7 541
133.8 550
133.9 527
134 541
134.1 582
134.2 587
134.3 636
134.4 648
134.5 660
134.6 666
134.7 674
134.8 684
134.9 682
135 701
135.1 708
135.2 714
135.3 724
135.4 742
135.5 749
135.6 762
135.7 771
135.8 793
135.9 817
136 837
136.1 854
136.2 874
136.3 901
136.4 921
136.5 948
136.6 976
136.7 987
136.8 1003
136.9 1033
137 1056
137.1 1076
137.2 1097
137.3 1129
137.4 1146
137.5 1166
137.6 1188
137.7 1227
137.8 1249
137.9 1283
138 1308
138.1 1333
138.2 1364
138.3 1402
138.4 1422
138.5 1443
138.6 1473
138.7 1504
138.8 1530
138.9 1543
139 1580
139.1 1598
139.2 1610
139.3 1631
139.4 1650
139.5 1686
139.6 1706
139.7 1686
139.8 1635
139.9 1542
140 1442
140.1 1334
140.2 1259
140.3 1154
140.4 1070
140.5 984
140.6 891
140.7 825
140.8 766
140.9 721
141 699
141.1 672
141.2 636
141.3 600
141.4 557
141.5 524
141.6 502
141.7 497
141.8 488
141.9 479
142 476
142.1 476
142.2 466
142.3 459
142.4 441
142.5 426
142.6 421
142.7 385
142.8 379
142.9 377
143 375
143.1 361
143.2 372
143.3 361
143.4 344
143.5 323
143.6 317
143.7 326
143.8 318
143.9 313
144 305
144.1 315
144.2 315
144.3 316
144.4 310
144.5 301
144.6 305
144.7 300
144.8 319
144.9 302
145 271
145.1 262
145.2 250
145.3 249
145.4 270
145.5 285
145.6 313
145.7 314
145.8 317
145.9 326
146 313
146.1 307
146.2 318
146.3 306
146.4 304
146.5 305
146.6 305
146.7 289
146.8 272
146.9 279
147 288
147.1 309
147.2 309
147.3 294
147.4 292
147.5 276
147.6 263
147.7 252
147.8 241
147.9 230
148 252
148.1 258
148.2 260
148.3 259
148.4 247
148.5 255
148.6 243
148.7 235
148.8 240
148.9 250
149 237
149.1 246
149.2 267
149.3 287
149.4 302
149.5 305
149.6 286
149.7 265
149.8 270
149.9 254
150 248
150.1 246
150.2 257
150.3 284
150.4 301
150.5 311
150.6 301
150.7 311
150.8 314
150.9 316
151 294
151.1 281
151.2 292
151.3 276
151.4 276
151.5 263
151.6 331
151.7 426
151.8 459
151.9 484
152 493
152.1 514
152.2 518
152.3 515
152.4 525
152.5 522
152.6 528
152.7 542
152.8 554
152.9 562
153 573
153.1 578
153.2 592
153.3 607
153.4 616
153.5 637
153.6 646
153.7 660
153.8 679
153.9 695
154 703
154.1 719
154.2 733
154.3 758
154.4 781
154.5 811
154.6 843
154.7 864
154.8 891
154.9 913
155 924
155.1 954
155.2 972
155.3 994
155.4 1010
155.5 1047
155.6 1062
155.7 1091
155.8 1114
155.9 1158
156 1192
156.1 1207
156.2 1227
156.3 1249
156.4 1270
156.5 1298
156.6 1322
156.7 1340
156.8 1361
156.9 1384
157 1412
157.1 1415
157.2 1434
157.3 1397
157.4 1325
157.5 1235
157.6 1126
157.7 1043
157.8 988
157.9 922
158 858
158.1 824
158.2 778
158.3 731
158.4 681
158.5 639
158.6 601
158.7 577
158.8 553
158.9 517
159 482
159.1 475
159.2 493
159.3 502
159.4 473
159.5 442
159.6 430
159.7 401
159.8 403
159.9 404
160 384
160.1 371
160.2 359
160.3 352
160.4 361
160.5 362
160.6 356
160.7 336
160.8 331
160.9 326
161 326
161.1 336
161.2 336
161.3 334
161.4 314
161.5 303
161.6 302
161.7 287
161.8 283
161.9 276
162 273
162.1 265
162.2 253
162.3 263
162.4 246
162.5 242
162.6 249
162.7 261
162.8 265
162.9 261
163 251
163.1 286
163.2 296
163.3 301
163.4 303
163.5 310
163.6 300
163.7 316
163.8 326
163.9 303
164 290
164.1 273
164.2 290
164.3 312
164.4 331
164.5 317
164.6 309
164.7 296
164.8 279
164.9 282
165 324
165.1 389
165.2 412
165.3 434
165.4 507
165.5 519
165.6 515
165.7 496
165.8 487
165.9 507
166 562
166.1 564
166.2 549
166.3 531
166.4 502
166.5 476
166.6 461
166.7 448
166.8 431
166.9 412
167 388
167.1 346
167.2 318
167.3 312
167.4 299
167.5 305
167.6 318
167.7 317
167.8 332
167.9 337
168 319
168.1 316
168.2 311
168.3 308
168.4 300
168.5 307
168.6 308
168.7 300
168.8 290
168.9 281
169 270
169.1 276
169.2 295
169.3 295
169.4 288
169.5 274
169.6 248
169.7 233
169.8 234
169.9 241
170 240
170.1 238
170.2 240
170.3 250
170.4 259
170.5 265
170.6 275
170.7 278
170.8 326
170.9 394
171 434
171.1 448
171.2 471
171.3 480
171.4 491
171.5 496
171.6 493
171.7 493
171.8 499
171.9 507
172 507
172.1 511
172.2 513
172.3 510
172.4 513
172.5 517
172.6 531
172.7 539
172.8 544
172.9 546
173 548
173.1 560
173.2 567
173.3 575
173.4 586
173.5 597
173.6 604
173.7 610
173.8 606
173.9 623
174 636
174.1 647
174.2 655
174.3 677
174.4 681
174.5 693
174.6 713
174.7 736
174.8 757
174.9 783
175 811
175.1 831
175.2 867
175.3 894
175.4 918
175.5 961
175.6 986
175.7 1031
175.8 1062
175.9 1101
176 1133
176.1 1172
176.2 1196
176.3 1225
176.4 1262
176.5 1292
176.6 1329
176.7 1363
176.8 1394
176.9 1426
177 1451
177.1 1482
177.2 1505
177.3 1526
177.4 1559
177.5 1571
177.6 1564
177.7 1554
177.8 1474
177.9 1367
178 1249
178.1 1145
178.2 1056
178.3 961
178.4 879
178.5 810
178.6 765
178.7 730
178.8 685
178.9 643
179 607
179.1 593
179.2 560
179.3 528
179.4 507
179.5 497
179.6 482
179.7 459
179.8 446
179.9 430
180 412
180.1 387
180.2 374
180.3 377
180.4 381
180.5 373
180.6 374
180.7 359
180.8 407
180.9 526
181 545
181.1 533
181.2 503
181.3 527
181.4 561
181.5 537
181.6 510
181.7 477
181.8 444
181.9 406
182 379
182.1 350
182.2 322
182.3 321
182.4 309
182.5 295
182.6 287
182.7 276
182.8 262
182.9 256
183 244
183.1 226
183.2 312
183.3 365
183.4 372
183.5 375
183.6 381
183.7 381
183.8 354
183.9 327
184 295
184.1 288
184.2 271
184.3 263
184.4 272
184.5 251
184.6 243
184.7 238
184.8 243
184.9 227
185 220
185.1 221
185.2 213
185.3 201
185.4 183
185.5 194
185.6 202
185.7 227
185.8 284
185.9 353
186 405
186.1 419
186.2 424
186.3 425
186.4 439
186.5 466
186.6 488
186.7 481
186.8 443
186.9 408
187 383
187.1 382
187.2 395
187.3 399
187.4 405
187.5 411
187.6 418
187.7 420
187.8 434
187.9 443
188 430
188.1 409
188.2 402
188.3 407
188.4 378
188.5 351
188.6 354
188.7 390
188.8 387
188.9 379
189 376
189.1 392
189.2 389
189.3 386
189.4 376
189.5 373
189.6 348
189.7 336
189.8 331
189.9 352
190 362
190.1 384
190.2 381
190.3 368
190.4 394
190.5 467
190.6 468
190.7 464
190.8 439
190.9 419
191 413
191.1 397
191.2 393
191.3 386
191.4 375
191.5 357
191.6 338
191.7 319
191.8 301
191.9 302
192 304
192.1 297
192.2 317
192.3 325
192.4 308
192.5 313
192.6 291
192.7 281
192.8 264
192.9 250
193 230
193.1 229
193.2 234
193.3 230
193.4 238
193.5 236
193.6 237
193.7 241
193.8 249
193.9 257
194 257
194.1 260
194.2 259
194.3 247
194.4 249
194.5 244
194.6 243
194.7 235
194.8 215
194.9 229
195 230
195.1 230
195.2 236
195.3 229
195.4 230
195.5 238
195.6 236
195.7 237
195.8 248
195.9 241
196 258
196.1 335
196.2 368
196.3 385
196.4 399
196.5 409
196.6 419
196.7 427
196.8 434
196.9 441
197 442
197.1 448
197.2 457
197.3 467
197.4 477
197.5 495
197.6 505
197.7 519
197.8 535
197.9 551
198 571
198.1 585
198.2 607
198.3 628
198.4 640
198.5 662
198.6 671
198.7 692
198.8 715
198.9 739
199 777
199.1 798
199.2 822
199.3 843
199.4 869
199.5 909
199.6 932
199.7 976
199.8 1001
199.9 1036
200 1056
