0 0
0.1 6
0.2 29
0.3 84
0.4 106
0.5 228
0.6 336
0.7 419
0.8 551
0.9 705
1 839
1.1 943
1.2 961
1.3 1029
1.4 1107
1.5 1203
1.6 1224
1.7 1211
1.8 1208
1.9 1225
2 1250
2.1 1292
2.2 1306
2.3 1355
2.4 1433
2.5 1447
2.6 1433
2.7 1401
2.8 1382
2.9 1377
3 1393
3.1 1334
3.2 1275
3.3 1225
3.4 1179
3.5 1123
3.6 1197
3.7 1236
3.8 1265
3.9 1300
4 1262
4.1 1286
4.2 1323
4.3 1313
4.4 1281
4.5 1223
4.6 1195
4.7 1200
4.8 1213
4.9 1245
5 1226
5.1 1160
5.2 1087
5.3 1048
5.4 1038
5.5 1001
5.6 992
5.7 1027
5.8 973
5.9 910
6 954
6.1 915
6.2 915
6.3 876
6.4 885
6.5 886
6.6 896
6.7 887
6.8 843
6.9 765
7 658
7.1 634
7.2 655
7.3 605
7.4 478
7.5 341
7.6 233
7.7 186
7.8 222
7.9 199
8 92
8.1 61
8.2 66
8.3 50
8.4 12
8.5 3
8.6 7
8.7 0
8.8 1
8.9 2
9 0
9.1 2
9.2 0
9.3 1
9.4 1
9.5 4
9.6 1
9.7 3
9.8 1
9.9 0
10 0
10.1 0
10.2 0
10.3 2
10.4 0
10.5 1
10.6 2
10.7 1
10.8 2
10.9 3
11 2
11.1 1
11.2 1
11.3 1
11.4 5
11.5 0
11.6 0
11.7 0
11.8 0
11.9 0
12 0
12.1 1
12.2 1
12.3 2
12.4 2
12.5 3
12.6 0
12.7 4
12.8 0
12.9 0
13 2
13.1 3
13.2 1
13.3 0
13.4 1
13.5 0
13.6 0
13.7 0
13.8 2
13.9 1
14 0
14.1 1
14.2 1
14.3 1
14.4 1
14.5 1
14.6 2
14.7 0
14.8 3
14.9 0
15 4
15.1 0
15.2 0
15.3 1
15.4 2
15.5 2
15.6 1
15.7 4
15.8 4
15.9 0
16 0
16.1 5
16.2 2
16.3 0
16.4 3
16.5 1
16.6 3
16.7 2
16.8 2
16.9 0
17 3
17.1 3
17.2 6
17.3 3
17.4 13
17.5 4
17.6 2
17.7 5
17.8 5
17.9 9
18 8
18.1 2
18.2 7
18.3 5
18.4 3
18.5 5
18.6 11
18.7 17
18.8 11
18.9 12
19 8
19.1 7
19.2 11
19.3 6
19.4 6
19.5 5
19.6 3
19.7 6
19.8 5
19.9 11
20 4
20.1 10
20.2 9
20.3 14
20.4 3
20.5 1
20.6 9
20.7 8
20.8 11
20.9 4
21 3
21.1 3
21.2 5
21.3 0
21.4 4
21.5 4
21.6 10
21.7 2
21.8 8
21.9 13
22 7
22.1 20
22.2 27
22.3 33
22.4 17
22.5 20
22.6 6
22.7 12
22.8 10
22.9 6
23 3
23.1 0
23.2 4
23.3 8
23.4 9
23.5 12
23.6 30
23.7 22
23.8 24
23.9 32
24 37
24.1 31
24.2 37
24.3 44
24.4 58
24.5 63
24.6 55
24.7 36
24.8 17
24.9 14
25 15
25.1 10
25.2 10
25.3 17
25.4 13
25.5 13
25.6 9
25.7 5
25.8 9
25.9 12
26 9
26.1 6
26.2 5
26.3 6
26.4 8
26.5 4
26.6 12
26.7 16
26.8 19
26.9 9
27 7
27.1 9
27.2 9
27.3 19
27.4 12
27.5 14
27.6 16
27.7 13
27.8 14
27.9 14
28 19
28.1 8
28.2 17
28.3 24
28.4 30
28.5 17
28.6 23
28.7 33
28.8 32
28.9 31
29 21
29.1 27
29.2 22
29.3 44
29.4 47
29.5 24
29.6 18
29.7 15
29.8 28
29.9 15
30 23
30.1 37
30.2 28
30.3 12
30.4 7
30.5 25
30.6 62
30.7 78
30.8 145
30.9 214
31 237
31.1 265
31.2 362
31.3 435
31.4 555
31.5 703
31.6 842
31.7 982
31.8 1074
31.9 1113
32 1156
32.1 1166
32.2 1124
32.3 1099
32.4 1078
32.5 1100
32.6 1136
32.7 1122
32.8 1097
32.9 1102
33 1156
33.1 1174
33.2 1159
33.3 1062
33.4 1131
33.5 1113
33.6 1079
33.7 1072
33.8 1103
33.9 1120
34 1147
34.1 1212
34.2 1185
34.3 1133
34.4 1022
34.5 927
34.6 890
34.7 875
34.8 904
34.9 879
35 837
35.1 769
35.2 733
35.3 722
35.4 694
35.5 622
35.6 528
35.7 477
35.8 408
35.9 333
36 257
36.1 163
36.2 137
36.3 151
36.4 153
36.5 77
36.6 21
36.7 5
36.8 7
36.9 13
37 4
37.1 1
37.2 3
37.3 5
37.4 3
37.5 2
37.6 0
37.7 1
37.8 1
37.9 0
38 0
38.1 2
38.2 1
38.3 2
38.4 0
38.5 1
38.6 0
38.7 0
38.8 0
38.9 1
39 1
39.1 3
39.2 2
39.3 1
39.4 0
39.5 2
39.6 3
39.7 2
39.8 4
39.9 2
40 2
40.1 1
40.2 0
40.3 0
40.4 1
40.5 0
40.6 0
40.7 1
40.8 1
40.9 0
41 1
41.1 0
41.2 2
41.3 2
41.4 4
41.5 2
41.6 0
41.7 3
41.8 6
41.9 0
42 1
42.1 4
42.2 0
42.3 2
42.4 0
42.5 1
42.6 0
42.7 3
42.8 2
42.9 3
43 1
43.1 2
43.2 0
43.3 2
43.4 5
43.5 4
43.6 1
43.7 0
43.8 1
43.9 0
44 2
44.1 0
44.2 1
44.3 2
44.4 7
44.5 6
44.6 6
44.7 4
44.8 3
44.9 5
45 5
45.1 5
45.2 4
45.3 8
45.4 2
45.5 4
45.6 1
45.7 7
45.8 25
45.9 17
46 9
46.1 12
46.2 20
46.3 13
46.4 27
46.5 14
46.6 9
46.7 7
46.8 13
46.9 7
47 8
47.1 4
47.2 4
47.3 3
47.4 10
47.5 31
47.6 20
47.7 33
47.8 39
47.9 32
48 12
48.1 10
48.2 7
48.3 11
48.4 20
48.5 16
48.6 23
48.7 56
48.8 58
48.9 99
49 204
49.1 335
49.2 432
49.3 485
49.4 574
49.5 582
49.6 627
49.7 664
49.8 703
49.9 737
50 709
50.1 689
50.2 646
50.3 620
50.4 643
50.5 657
50.6 749
50.7 813
50.8 792
50.9 775
51 786
51.1 862
51.2 870
51.3 787
51.4 775
51.5 808
51.6 799
51.7 760
51.8 726
51.9 716
52 741
52.1 764
52.2 705
52.3 673
52.4 652
52.5 607
52.6 579
52.7 540
52.8 560
52.9 560
53 524
53.1 498
53.2 497
53.3 453
53.4 420
53.5 444
53.6 386
53.7 326
53.8 298
53.9 297
54 265
54.1 223
54.2 148
54.3 65
54.4 33
54.5 10
54.6 2
54.7 0
54.8 2
54.9 0
55 1
55.1 1
55.2 1
55.3 2
55.4 3
55.5 3
55.6 0
55.7 2
55.8 2
55.9 1
56 3
56.1 3
56.2 1
56.3 0
56.4 3
56.5 1
56.6 0
56.7 0
56.8 0
56.9 0
57 0
57.1 1
57.2 0
57.3 1
57.4 0
57.5 1
57.6 1
57.7 1
57.8 2
57.9 1
58 1
58.1 1
58.2 0
58.3 2
58.4 2
58.5 4
58.6 1
58.7 3
58.8 0
58.9 2
59 0
59.1 1
59.2 2
59.3 3
59.4 3
59.5 0
59.6 0
59.7 1
59.8 0
59.9 1
60 0
60.1 2
60.2 3
60.3 4
60.4 4
60.5 9
60.6 4
60.7 3
60.8 0
60.9 4
61 3
61.1 2
61.2 6
61.3 8
61.4 9
61.5 3
61.6 1
61.7 2
61.8 4
61.9 2
62 3
62.1 5
62.2 2
62.3 2
62.4 6
62.5 4
62.6 1
62.7 3
62.8 1
62.9 3
63 3
63.1 7
63.2 5
63.3 4
63.4 3
63.5 3
63.6 1
63.7 6
63.8 5
63.9 5
64 4
64.1 5
64.2 3
64.3 6
64.4 12
64.5 34
64.6 25
64.7 11
64.8 15
64.9 42
65 44
65.1 26
65.2 24
65.3 64
65.4 92
65.5 148
65.6 288
65.7 345
65.8 371
65.9 435
66 532
66.1 609
66.2 712
66.3 761
66.4 835
66.5 856
66.6 938
66.7 986
66.8 1001
66.9 998
67 982
67.1 966
67.2 962
67.3 1032
67.4 1118
67.5 1221
67.6 1258
67.7 1204
67.8 1157
67.9 1187
68 1142
68.1 1227
68.2 1241
68.3 1294
68.4 1267
68.5 1222
68.6 1148
68.7 1081
68.8 1056
68.9 1046
69 1036
69.1 1050
69.2 1121
69.3 1061
69.4 995
69.5 892
69.6 862
69.7 856
69.8 791
69.9 744
70 711
70.1 687
70.2 659
70.3 614
70.4 611
70.5 604
70.6 587
70.7 540
70.8 440
70.9 341
71 253
71.1 168
71.2 77
71.3 13
71.4 3
71.5 9
71.6 13
71.7 5
71.8 2
71.9 2
72 0
72.1 0
72.2 2
72.3 4
72.4 0
72.5 1
72.6 1
72.7 1
72.8 1
72.9 4
73 1
73.1 3
73.2 0
73.3 3
73.4 0
73.5 0
73.6 0
73.7 1
73.8 1
73.9 2
74 2
74.1 1
74.2 0
74.3 1
74.4 0
74.5 0
74.6 1
74.7 1
74.8 8
74.9 5
75 1
75.1 5
75.2 1
75.3 3
75.4 0
75.5 2
75.6 2
75.7 1
75.8 0
75.9 0
76 0
76.1 0
76.2 0
76.3 2
76.4 2
76.5 1
76.6 0
76.7 2
76.8 0
76.9 1
77 1
77.1 0
77.2 1
77.3 4
77.4 2
77.5 1
77.6 2
77.7 2
77.8 0
77.9 3
78 1
78.1 1
78.2 4
78.3 2
78.4 2
78.5 3
78.6 2
78.7 3
78.8 3
78.9 3
79 3
79.1 0
79.2 1
79.3 2
79.4 3
79.5 4
79.6 1
79.7 1
79.8 1
79.9 1
80 1
80.1 2
80.2 3
80.3 3
80.4 0
80.5 1
80.6 8
80.7 3
80.8 2
80.9 1
81 1
81.1 6
81.2 6
81.3 5
81.4 3
81.5 4
81.6 6
81.7 8
81.8 1
81.9 2
82 2
82.1 4
82.2 0
82.3 3
82.4 2
82.5 3
82.6 1
82.7 1
82.8 6
82.9 5
83 4
83.1 2
83.2 1
83.3 7
83.4 6
83.5 1
83.6 5
83.7 7
83.8 3
83.9 1
84 2
84.1 4
84.2 0
84.3 3
84.4 4
84.5 3
84.6 3
84.7 3
84.8 6
84.9 3
85 5
85.1 5
85.2 4
85.3 6
85.4 8
85.5 8
85.6 12
85.7 15
85.8 7
85.9 4
86 9
86.1 10
86.2 12
86.3 13
86.4 7
86.5 16
86.6 13
86.7 23
86.8 13
86.9 13
87 18
87.1 10
87.2 12
87.3 46
87.4 107
87.5 104
87.6 144
87.7 206
87.8 303
87.9 355
88 421
88.1 538
88.2 644
88.3 730
88.4 828
88.5 862
88.6 881
88.7 889
88.8 889
88.9 925
89 940
89.1 959
89.2 1018
89.3 1128
89.4 1198
89.5 1220
89.6 1223
89.7 1180
89.8 1222
89.9 1247
90 1272
90.1 1229
90.2 1192
90.3 1166
90.4 1153
90.5 1174
90.6 1203
90.7 1162
90.8 1145
90.9 1120
91 1146
91.1 1110
91.2 1047
91.3 1006
91.4 1005
91.5 945
91.6 931
91.7 853
91.8 797
91.9 772
92 759
92.1 748
92.2 775
92.3 753
92.4 686
92.5 676
92.6 631
92.7 569
92.8 532
92.9 486
93 413
93.1 395
93.2 359
93.3 334
93.4 277
93.5 154
93.6 69
93.7 30
93.8 14
93.9 10
94 3
94.1 4
94.2 2
94.3 2
94.4 3
94.5 0
94.6 3
94.7 1
94.8 2
94.9 1
95 3
95.1 2
95.2 1
95.3 2
95.4 1
95.5 2
95.6 1
95.7 0
95.8 3
95.9 1
96 2
96.1 2
96.2 0
96.3 0
96.4 1
96.5 1
96.6 2
96.7 2
96.8 2
96.9 2
97 4
97.1 0
97.2 2
97.3 1
97.4 3
97.5 0
97.6 1
97.7 3
97.8 5
97.9 2
98 4
98.1 0
98.2 0
98.3 2
98.4 1
98.5 14
98.6 12
98.7 1
98.8 5
98.9 0
99 4
99.1 3
99.2 14
99.3 9
99.4 5
99.5 2
99.6 2
99.7 0
99.8 3
99.9 1
100 2
100.1 4
100.2 2
100.3 2
100.4 4
100.5 3
100.6 1
100.7 7
100.8 2
100.9 11
101 1
101.1 1
101.2 12
101.3 11
101.4 8
101.5 5
101.6 9
101.7 4
101.8 5
101.9 5
102 1
102.1 5
102.2 0
102.3 0
102.4 0
102.5 1
102.6 2
102.7 4
102.8 6
102.9 3
103 4
103.1 5
103.2 4
103.3 14
103.4 7
103.5 4
103.6 0
103.7 1
103.8 1
103.9 7
104 5
104.1 7
104.2 4
104.3 6
104.4 2
104.5 5
104.6 5
104.7 5
104.8 10
104.9 1
105 2
105.1 3
105.2 4
105.3 3
105.4 5
105.5 2
105.6 3
105.7 3
105.8 4
105.9 4
106 7
106.1 10
106.2 5
106.3 3
106.4 10
106.5 13
106.6 12
106.7 6
106.8 7
106.9 2
107 4
107.1 10
107.2 3
107.3 5
107.4 2
107.5 3
107.6 6
107.7 6
107.8 44
107.9 83
108 121
108.1 164
108.2 254
108.3 329
108.4 400
108.5 457
108.6 536
108.7 647
108.8 689
108.9 744
109 699
109.1 733
109.2 750
109.3 747
109.4 761
109.5 745
109.6 774
109.7 803
109.8 877
109.9 923
110 967
110.1 997
110.2 1048
110.3 1066
110.4 1083
110.5 1084
110.6 1075
110.7 1098
110.8 1153
110.9 1223
111 1274
111.1 1290
111.2 1272
111.3 1288
111.4 1261
111.5 1207
111.6 1197
111.7 1143
111.8 1124
111.9 1096
112 1035
112.1 1033
112.2 1029
112.3 937
112.4 848
112.5 759
112.6 698
112.7 658
112.8 585
112.9 462
113 480
113.1 488
113.2 521
113.3 513
113.4 484
113.5 522
113.6 484
113.7 394
113.8 415
113.9 361
114 318
114.1 283
114.2 187
114.3 97
114.4 37
114.5 34
114.6 15
114.7 6
114.8 2
114.9 2
115 5
115.1 2
115.2 3
115.3 1
115.4 1
115.5 0
115.6 0
115.7 1
115.8 1
115.9 0
116 0
116.1 3
116.2 2
116.3 2
116.4 1
116.5 1
116.6 1
116.7 2
116.8 1
116.9 1
117 2
117.1 1
117.2 1
117.3 1
117.4 0
117.5 3
117.6 2
117.7 2
117.8 1
117.9 0
118 2
118.1 1
118.2 0
118.3 4
118.4 2
118.5 1
118.6 1
118.7 1
118.8 2
118.9 1
119 0
119.1 2
119.2 1
119.3 2
119.4 0
119.5 3
119.6 5
119.7 2
119.8 3
119.9 3
120 3
120.1 2
120.2 3
120.3 1
120.4 0
120.5 2
120.6 4
120.7 0
120.8 2
120.9 0
121 0
121.1 2
121.2 0
121.3 3
121.4 4
121.5 0
121.6 0
121.7 2
121.8 5
121.9 2
122 0
122.1 6
122.2 5
122.3 3
122.4 3
122.5 4
122.6 0
122.7 4
122.8 3
122.9 2
123 2
123.1 1
123.2 1
123.3 1
123.4 1
123.5 7
123.6 9
123.7 26
123.8 17
123.9 5
124 6
124.1 7
124.2 8
124.3 4
124.4 1
124.5 5
124.6 7
124.7 3
124.8 5
124.9 5
125 0
125.1 8
125.2 9
125.3 12
125.4 8
125.5 16
125.6 25
125.7 23
125.8 15
125.9 3
126 10
126.1 4
126.2 12
126.3 5
126.4 13
126.5 19
126.6 5
126.7 3
126.8 10
126.9 3
127 13
127.1 13
127.2 10
127.3 4
127.4 21
127.5 35
127.6 15
127.7 24
127.8 28
127.9 56
128 113
128.1 170
128.2 225
128.3 249
128.4 319
128.5 330
128.6 343
128.7 441
128.8 523
128.9 621
129 700
129.1 765
129.2 852
129.3 925
129.4 975
129.5 1016
129.6 1059
129.7 1027
129.8 1051
129.9 1072
130 1069
130.1 1036
130.2 1055
130.3 1049
130.4 1045
130.5 1057
130.6 1089
130.7 1078
130.8 1051
130.9 1055
131 1048
131.1 1070
131.2 1064
131.3 997
131.4 984
131.5 1032
131.6 1009
131.7 987
131.8 932
131.9 892
132 839
132.1 760
132.2 730
132.3 677
132.4 654
132.5 650
132.6 668
132.7 673
132.8 661
132.9 572
133 469
133.1 473
133.2 427
133.3 423
133.4 419
133.5 419
133.6 357
133.7 310
133.8 301
133.9 255
134 123
134.1 48
134.2 33
134.3 5
134.4 9
134.5 6
134.6 6
134.7 1
134.8 2
134.9 5
135 0
135.1 1
135.2 1
135.3 1
135.4 1
135.5 3
135.6 2
135.7 1
135.8 2
135.9 9
136 0
136.1 2
136.2 1
136.3 2
136.4 2
136.5 0
136.6 1
136.7 2
136.8 3
136.9 1
137 3
137.1 0
137.2 0
137.3 1
137.4 2
137.5 1
137.6 1
137.7 2
137.8 2
137.9 0
138 0
138.1 3
138.2 0
138.3 2
138.4 3
138.5 0
138.6 0
138.7 1
138.8 1
138.9 1
139 1
139.1 2
139.2 5
139.3 0
139.4 0
139.5 0
139.6 3
139.7 3
139.8 0
139.9 3
140 3
140.1 3
140.2 1
140.3 2
140.4 3
140.5 1
140.6 6
140.7 4
140.8 3
140.9 2
141 0
141.1 4
141.2 2
141.3 3
141.4 3
141.5 3
141.6 0
141.7 8
141.8 0
141.9 2
142 1
142.1 1
142.2 0
142.3 0
142.4 0
142.5 2
142.6 2
142.7 2
142.8 1
142.9 4
143 2
143.1 2
143.2 4
143.3 8
143.4 3
143.5 4
143.6 4
143.7 3
143.8 7
143.9 1
144 5
144.1 4
144.2 2
144.3 4
144.4 10
144.5 21
144.6 5
144.7 2
144.8 9
144.9 6
145 3
145.1 10
145.2 10
145.3 5
145.4 2
145.5 5
145.6 29
145.7 20
145.8 8
145.9 7
146 0
146.1 8
146.2 5
146.3 4
146.4 8
146.5 7
146.6 6
146.7 5
146.8 1
146.9 4
147 3
147.1 11
147.2 7
147.3 9
147.4 13
147.5 9
147.6 14
147.7 4
147.8 11
147.9 33
148 70
148.1 83
148.2 77
148.3 65
148.4 80
148.5 86
148.6 66
148.7 62
148.8 47
148.9 55
149 66
149.1 83
149.2 110
149.3 100
149.4 157
149.5 259
149.6 339
149.7 393
149.8 493
149.9 574
150 626
150.1 744
150.2 823
150.3 947
150.4 1082
150.5 1231
150.6 1242
150.7 1237
150.8 1285
150.9 1343
151 1406
151.1 1452
151.2 1428
151.3 1436
151.4 1419
151.5 1448
151.6 1478
151.7 1491
151.8 1485
151.9 1470
152 1473
152.1 1467
152.2 1487
152.3 1456
152.4 1397
152.5 1335
152.6 1294
152.7 1242
152.8 1179
152.9 1110
153 1070
153.1 1079
153.2 1027
153.3 959
153.4 857
153.5 752
153.6 620
153.7 554
153.8 515
153.9 501
154 470
154.1 401
154.2 353
154.3 352
154.4 339
154.5 348
154.6 339
154.7 311
154.8 267
154.9 219
155 214
155.1 168
155.2 101
155.3 81
155.4 61
155.5 28
155.6 12
155.7 3
155.8 4
155.9 10
156 6
156.1 2
156.2 0
156.3 1
156.4 0
156.5 0
156.6 2
156.7 1
156.8 4
156.9 3
157 0
157.1 0
157.2 0
157.3 0
157.4 1
157.5 0
157.6 1
157.7 3
157.8 0
157.9 2
158 0
158.1 1
158.2 2
158.3 0
158.4 0
158.5 0
158.6 0
158.7 0
158.8 1
158.9 0
159 0
159.1 2
159.2 1
159.3 1
159.4 0
159.5 2
159.6 5
159.7 3
159.8 3
159.9 0
160 3
160.1 7
160.2 1
160.3 3
160.4 3
160.5 1
160.6 4
160.7 1
160.8 0
160.9 1
161 0
161.1 2
161.2 1
161.3 3
161.4 7
161.5 7
161.6 5
161.7 0
161.8 1
161.9 0
162 1
162.1 1
162.2 2
162.3 0
162.4 0
162.5 1
162.6 4
162.7 3
162.8 2
162.9 0
163 7
163.1 3
163.2 2
163.3 3
163.4 2
163.5 5
163.6 2
163.7 4
163.8 2
163.9 1
164 1
164.1 7
164.2 3
164.3 5
164.4 6
164.5 4
164.6 5
164.7 4
164.8 7
164.9 2
165 2
165.1 5
165.2 3
165.3 2
165.4 1
165.5 2
165.6 1
165.7 6
165.8 2
165.9 7
166 5
166.1 1
166.2 2
166.3 3
166.4 2
166.5 4
166.6 0
166.7 0
166.8 0
166.9 0
167 2
167.1 7
167.2 6
167.3 1
167.4 4
167.5 1
167.6 0
167.7 27
167.8 20
167.9 16
168 21
168.1 32
168.2 29
168.3 25
168.4 21
168.5 18
168.6 19
168.7 30
168.8 23
168.9 41
169 30
169.1 41
169.2 23
169.3 19
169.4 13
169.5 13
169.6 13
169.7 12
169.8 9
169.9 10
170 6
170.1 7
170.2 6
170.3 21
170.4 14
170.5 17
170.6 12
170.7 4
170.8 4
170.9 6
171 9
171.1 7
171.2 8
171.3 12
171.4 6
171.5 8
171.6 67
171.7 96
171.8 146
171.9 155
172 236
172.1 320
172.2 355
172.3 374
172.4 416
172.5 471
172.6 558
172.7 662
172.8 735
172.9 769
173 818
173.1 917
173.2 994
173.3 1062
173.4 1090
173.5 1142
173.6 1097
173.7 1172
173.8 1166
173.9 1191
174 1237
174.1 1259
174.2 1241
174.3 1199
174.4 1221
174.5 1181
174.6 1144
174.7 1086
174.8 1086
174.9 1006
175 964
175.1 898
175.2 902
175.3 933
175.4 974
175.5 971
175.6 968
175.7 971
175.8 987
175.9 1008
176 1008
176.1 1055
176.2 1049
176.3 1029
176.4 1007
176.5 1008
176.6 985
176.7 976
176.8 1000
176.9 944
177 866
177.1 811
177.2 760
177.3 795
177.4 824
177.5 806
177.6 772
177.7 705
177.8 657
177.9 579
178 520
178.1 447
178.2 401
178.3 394
178.4 328
178.5 351
178.6 358
178.7 355
178.8 370
178.9 359
179 302
179.1 249
179.2 161
179.3 107
179.4 45
179.5 9
179.6 6
179.7 10
179.8 8
179.9 7
180 3
180.1 2
180.2 5
180.3 1
180.4 3
180.5 5
180.6 3
180.7 1
180.8 1
180.9 2
181 0
181.1 0
181.2 2
181.3 1
181.4 2
181.5 3
181.6 4
181.7 1
181.8 1
181.9 2
182 2
182.1 0
182.2 0
182.3 2
182.4 0
182.5 0
182.6 3
182.7 0
182.8 1
182.9 1
183 1
183.1 0
183.2 4
183.3 3
183.4 2
183.5 0
183.6 0
183.7 1
183.8 0
183.9 2
184 2
184.1 1
184.2 0
184.3 3
184.4 2
184.5 2
184.6 1
184.7 1
184.8 1
184.9 6
185 2
185.1 1
185.2 1
185.3 3
185.4 3
185.5 2
185.6 3
185.7 2
185.8 0
185.9 3
186 0
186.1 2
186.2 3
186.3 0
186.4 1
186.5 2
186.6 2
186.7 1
186.8 0
186.9 1
187 1
187.1 5
187.2 4
187.3 3
187.4 1
187.5 3
187.6 4
187.7 4
187.8 6
187.9 3
188 8
188.1 1
188.2 6
188.3 7
188.4 7
188.5 0
188.6 8
188.7 4
188.8 7
188.9 5
189 5
189.1 6
189.2 2
189.3 4
189.4 3
189.5 6
189.6 4
189.7 8
189.8 4
189.9 4
190 1
190.1 5
190.2 3
190.3 5
190.4 3
190.5 4
190.6 12
190.7 10
190.8 13
190.9 12
191 12
191.1 7
191.2 28
191.3 24
191.4 19
191.5 12
191.6 8
191.7 16
191.8 11
191.9 12
192 7
192.1 8
192.2 13
192.3 13
192.4 9
192.5 14
192.6 11
192.7 19
192.8 18
192.9 14
193 12
193.1 10
193.2 39
193.3 30
193.4 32
193.5 27
193.6 16
193.7 10
193.8 7
193.9 4
194 6
194.1 4
194.2 0
194.3 12
194.4 7
194.5 5
194.6 2
194.7 5
194.8 7
194.9 5
195 10
195.1 8
195.2 9
195.3 9
195.4 4
195.5 9
195.6 33
195.7 42
195.8 43
195.9 45
196 44
196.1 41
196.2 81
196.3 97
196.4 82
196.5 88
196.6 147
196.7 154
196.8 185
196.9 241
197 311
197.1 389
197.2 468
197.3 599
197.4 675
197.5 734
197.6 797
197.7 830
197.8 892
197.9 937
198 982
198.1 1044
198.2 1176
198.3 1196
198.4 1259
198.5 1323
198.6 1371
198.7 1325
198.8 1301
198.9 1274
199 1293
199.1 1315
199.2 1317
199.3 1317
199.4 1311
199.5 1323
199.6 1303
199.7 1269
199.8 1244
199.9 1281
200 1260
