0 0
0.1 0
0.2 0
0.3 0
0.4 0
0.5 0
0.6 1
0.7 3
0.8 0
0.9 1
1 2
1.1 0
1.2 0
1.3 0
1.4 1
1.5 1
1.6 3
1.7 0
1.8 2
1.9 2
2 1
2.1 3
2.2 0
2.3 0
2.4 4
2.5 2
2.6 1
2.7 3
2.8 3
2.9 3
3 2
3.1 2
3.2 2
3.3 5
3.4 2
3.5 4
3.6 8
3.7 4
3.8 4
3.9 6
4 6
4.1 8
4.2 11
4.3 4
4.4 4
4.5 6
4.6 5
4.7 6
4.8 7
4.9 11
5 3
5.1 10
5.2 10
5.3 5
5.4 10
5.5 6
5.6 6
5.7 11
5.8 9
5.9 8
6 13
6.1 9
6.2 12
6.3 15
6.4 8
6.5 12
6.6 15
6.7 12
6.8 12
6.9 17
7 26
7.1 17
7.2 12
7.3 22
7.4 20
7.5 42
7.6 62
7.7 76
7.8 67
7.9 56
8 109
8.1 174
8.2 162
8.3 202
8.4 278
8.5 438
8.6 598
8.7 746
8.8 911
8.9 1024
9 1110
9.1 1182
9.2 1254
9.3 1330
9.4 1394
9.5 1450
9.6 1500
9.7 1529
9.8 1555
9.9 1591
10 1602
10.1 1614
10.2 1636
10.3 1629
10.4 1628
10.5 1648
10.6 1649
10.7 1623
10.8 1616
10.9 1591
11 1566
11.1 1533
11.2 1519
11.3 1513
11.4 1488
11.5 1466
11.6 1462
11.7 1446
11.8 1441
11.9 1426
12 1402
12.1 1395
12.2 1387
12.3 1375
12.4 1351
12.5 1332
12.6 1292
12.7 1273
12.8 1271
12.9 1248
13 1231
13.1 1205
13.2 1183
13.3 1177
13.4 1160
13.5 1157
13.6 1156
13.7 1130
13.8 1106
13.9 1100
14 1091
14.1 1084
14.2 1066
14.3 1048
14.4 1032
14.5 1009
14.6 986
14.7 969
14.8 957
14.9 944
15 926
15.1 897
15.2 862
15.3 855
15.4 857
15.5 839
15.6 824
15.7 820
15.8 796
15.9 774
16 783
16.1 758
16.2 732
16.3 727
16.4 714
16.5 695
16.6 643
16.7 611
16.8 579
16.9 580
17 584
17.1 577
17.2 553
17.3 533
17.4 526
17.5 513
17.6 512
17.7 504
17.8 493
17.9 472
18 460
18.1 462
18.2 429
18.3 408
18.4 404
18.5 419
18.6 383
18.7 342
18.8 301
18.9 293
19 295
19.1 292
19.2 287
19.3 277
19.4 297
19.5 301
19.6 304
19.7 323
19.8 321
19.9 315
20 298
20.1 305
20.2 299
20.3 277
20.4 267
20.5 289
20.6 294
20.7 277
20.8 264
20.9 253
21 258
21.1 262
21.2 266
21.3 281
21.4 287
21.5 300
21.6 301
21.7 287
21.8 283
21.9 282
22 282
22.1 244
22.2 173
22.3 129
22.4 116
22.5 119
22.6 144
22.7 148
22.8 153
22.9 168
23 185
23.1 201
23.2 218
23.3 218
23.4 214
23.5 197
23.6 161
23.7 131
23.8 114
23.9 101
24 81
24.1 77
24.2 75
24.3 70
24.4 58
24.5 46
24.6 40
24.7 55
24.8 82
24.9 105
25 114
25.1 130
25.2 132
25.3 132
25.4 125
25.5 132
25.6 142
25.7 151
25.8 158
25.9 163
26 146
26.1 166
26.2 180
26.3 191
26.4 200
26.5 198
26.6 187
26.7 168
26.8 154
26.9 153
27 156
27.1 160
27.2 164
27.3 148
27.4 139
27.5 130
27.6 106
27.7 109
27.8 117
27.9 121
28 124
28.1 130
28.2 127
28.3 125
28.4 111
28.5 96
28.6 95
28.7 89
28.8 64
28.9 60
29 66
29.1 73
29.2 66
29.3 60
29.4 53
29.5 50
29.6 59
29.7 68
29.8 73
29.9 66
30 67
30.1 62
30.2 61
30.3 73
30.4 97
30.5 118
30.6 67
30.7 46
30.8 25
30.9 17
31 13
31.1 4
31.2 17
31.3 8
31.4 7
31.5 6
31.6 3
31.7 5
31.8 1
31.9 5
32 3
32.1 3
32.2 1
32.3 7
32.4 4
32.5 4
32.6 2
32.7 2
32.8 5
32.9 8
33 6
33.1 4
33.2 5
33.3 3
33.4 8
33.5 3
33.6 9
33.7 4
33.8 4
33.9 6
34 6
34.1 4
34.2 4
34.3 6
34.4 10
34.5 7
34.6 9
34.7 13
34.8 13
34.9 14
35 7
35.1 8
35.2 16
35.3 19
35.4 12
35.5 13
35.6 17
35.7 23
35.8 32
35.9 41
36 45
36.1 73
36.2 78
36.3 87
36.4 92
36.5 118
36.6 196
36.7 314
36.8 432
36.9 533
37 619
37.1 748
37.2 866
37.3 960
37.4 1034
37.5 1084
37.6 1138
37.7 1192
37.8 1215
37.9 1232
38 1255
38.1 1293
38.2 1313
38.3 1344
38.4 1375
38.5 1372
38.6 1354
38.7 1354
38.8 1364
38.9 1357
39 1346
39.1 1331
39.2 1317
39.3 1296
39.4 1264
39.5 1247
39.6 1216
39.7 1212
39.8 1193
39.9 1183
40 1175
40.1 1166
40.2 1164
40.3 1174
40.4 1178
40.5 1186
40.6 1177
40.7 1151
40.8 1120
40.9 1102
41 1091
41.1 1074
41.2 1052
41.3 1015
41.4 1003
41.5 976
41.6 961
41.7 931
41.8 912
41.9 902
42 903
42.1 901
42.2 876
42.3 880
42.4 873
42.5 874
42.6 876
42.7 864
42.8 842
42.9 803
43 799
43.1 775
43.2 746
43.3 721
43.4 730
43.5 724
43.6 693
43.7 698
43.8 703
43.9 692
44 687
44.1 682
44.2 641
44.3 626
44.4 601
44.5 553
44.6 516
44.7 496
44.8 499
44.9 478
45 457
45.1 462
45.2 442
45.3 422
45.4 419
45.5 409
45.6 420
45.7 426
45.8 355
45.9 284
46 253
46.1 248
46.2 241
46.3 222
46.4 212
46.5 202
46.6 215
46.7 228
46.8 242
46.9 233
47 234
47.1 246
47.2 258
47.3 272
47.4 280
47.5 232
47.6 192
47.7 146
47.8 109
47.9 110
48 115
48.1 140
48.2 156
48.3 182
48.4 158
48.5 163
48.6 147
48.7 109
48.8 74
48.9 49
49 22
49.1 14
49.2 9
49.3 4
49.4 1
49.5 7
49.6 4
49.7 8
49.8 14
49.9 10
50 9
50.1 11
50.2 8
50.3 8
50.4 9
50.5 10
50.6 6
50.7 5
50.8 3
50.9 12
51 6
51.1 3
51.2 3
51.3 10
51.4 5
51.5 7
51.6 14
51.7 15
51.8 10
51.9 15
52 9
52.1 10
52.2 16
52.3 17
52.4 13
52.5 15
52.6 13
52.7 19
52.8 15
52.9 16
53 14
53.1 24
53.2 16
53.3 38
53.4 27
53.5 29
53.6 34
53.7 25
53.8 38
53.9 48
54 51
54.1 51
54.2 71
54.3 123
54.4 164
54.5 223
54.6 364
54.7 483
54.8 607
54.9 702
55 791
55.1 884
55.2 946
55.3 992
55.4 1029
55.5 1030
55.6 1098
55.7 1156
55.8 1190
55.9 1226
56 1242
56.1 1250
56.2 1253
56.3 1270
56.4 1285
56.5 1301
56.6 1298
56.7 1284
56.8 1296
56.9 1291
57 1282
57.1 1256
57.2 1239
57.3 1220
57.4 1202
57.5 1208
57.6 1199
57.7 1207
57.8 1170
57.9 1159
58 1152
58.1 1142
58.2 1100
58.3 1076
58.4 1049
58.5 1036
58.6 1031
58.7 1026
58.8 1007
58.9 1006
59 987
59.1 968
59.2 965
59.3 973
59.4 953
59.5 929
59.6 916
59.7 912
59.8 893
59.9 898
60 873
60.1 874
60.2 850
60.3 825
60.4 802
60.5 741
60.6 717
60.7 704
60.8 702
60.9 715
61 703
61.1 690
61.2 659
61.3 633
61.4 600
61.5 575
61.6 570
61.7 566
61.8 568
61.9 576
62 558
62.1 541
62.2 527
62.3 508
62.4 491
62.5 483
62.6 472
62.7 464
62.8 478
62.9 489
63 488
63.1 482
63.2 482
63.3 461
63.4 451
63.5 445
63.6 428
63.7 425
63.8 417
63.9 413
64 416
64.1 404
64.2 397
64.3 391
64.4 377
64.5 277
64.6 191
64.7 178
64.8 186
64.9 162
65 112
65.1 105
65.2 119
65.3 97
65.4 56
65.5 29
65.6 9
65.7 9
65.8 11
65.9 15
66 9
66.1 7
66.2 5
66.3 7
66.4 6
66.5 7
66.6 9
66.7 5
66.8 6
66.9 5
67 4
67.1 7
67.2 8
67.3 5
67.4 6
67.5 8
67.6 3
67.7 5
67.8 7
67.9 4
68 11
68.1 7
68.2 2
68.3 5
68.4 8
68.5 5
68.6 3
68.7 7
68.8 11
68.9 5
69 9
69.1 11
69.2 7
69.3 4
69.4 7
69.5 8
69.6 10
69.7 9
69.8 19
69.9 16
70 13
70.1 9
70.2 23
70.3 22
70.4 14
70.5 14
70.6 22
70.7 27
70.8 34
70.9 45
71 36
71.1 53
71.2 118
71.3 216
71.4 375
71.5 507
71.6 560
71.7 665
71.8 776
71.9 887
72 1001
72.1 1079
72.2 1155
72.3 1187
72.4 1213
72.5 1250
72.6 1267
72.7 1299
72.8 1322
72.9 1348
73 1353
73.1 1363
73.2 1390
73.3 1396
73.4 1402
73.5 1391
73.6 1385
73.7 1377
73.8 1387
73.9 1366
74 1347
74.1 1339
74.2 1334
74.3 1338
74.4 1327
74.5 1311
74.6 1319
74.7 1305
74.8 1238
74.9 1192
75 1174
75.1 1162
75.2 1144
75.3 1144
75.4 1132
75.5 1118
75.6 1104
75.7 1062
75.8 1063
75.9 1059
76 1060
76.1 1058
76.2 1058
76.3 1034
76.4 996
76.5 979
76.6 968
76.7 946
76.8 941
76.9 929
77 924
77.1 916
77.2 885
77.3 850
77.4 823
77.5 797
77.6 792
77.7 777
77.8 750
77.9 751
78 754
78.1 755
78.2 741
78.3 742
78.4 734
78.5 699
78.6 694
78.7 687
78.8 682
78.9 666
79 657
79.1 625
79.2 609
79.3 591
79.4 585
79.5 573
79.6 564
79.7 550
79.8 550
79.9 560
80 569
80.1 554
80.2 546
80.3 560
80.4 546
80.5 532
80.6 505
80.7 463
80.8 472
80.9 473
81 474
81.1 451
81.2 442
81.3 426
81.4 418
81.5 399
81.6 389
81.7 385
81.8 395
81.9 414
82 421
82.1 423
82.2 433
82.3 438
82.4 426
82.5 426
82.6 431
82.7 435
82.8 419
82.9 396
83 380
83.1 379
83.2 377
83.3 371
83.4 354
83.5 364
83.6 358
83.7 347
83.8 333
83.9 340
84 347
84.1 345
84.2 349
84.3 344
84.4 345
84.5 346
84.6 342
84.7 336
84.8 332
84.9 319
85 315
85.1 297
85.2 290
85.3 275
85.4 268
85.5 236
85.6 225
85.7 200
85.8 172
85.9 176
86 178
86.1 169
86.2 172
86.3 172
86.4 162
86.5 159
86.6 148
86.7 147
86.8 138
86.9 132
87 119
87.1 119
87.2 121
87.3 107
87.4 46
87.5 21
87.6 18
87.7 6
87.8 11
87.9 5
88 7
88.1 1
88.2 3
88.3 4
88.4 3
88.5 8
88.6 5
88.7 5
88.8 6
88.9 2
89 4
89.1 4
89.2 6
89.3 5
89.4 3
89.5 6
89.6 8
89.7 5
89.8 4
89.9 1
90 4
90.1 2
90.2 4
90.3 4
90.4 0
90.5 9
90.6 8
90.7 4
90.8 6
90.9 8
91 9
91.1 4
91.2 12
91.3 6
91.4 14
91.5 13
91.6 9
91.7 8
91.8 8
91.9 13
92 8
92.1 7
92.2 15
92.3 17
92.4 15
92.5 12
92.6 22
92.7 15
92.8 20
92.9 15
93 20
93.1 14
93.2 40
93.3 29
93.4 42
93.5 56
93.6 96
93.7 167
93.8 238
93.9 359
94 453
94.1 542
94.2 655
94.3 720
94.4 794
94.5 878
94.6 920
94.7 953
94.8 1006
94.9 1044
95 1074
95.1 1099
95.2 1135
95.3 1116
95.4 1128
95.5 1165
95.6 1177
95.7 1195
95.8 1200
95.9 1208
96 1208
96.1 1212
96.2 1211
96.3 1230
96.4 1207
96.5 1214
96.6 1196
96.7 1190
96.8 1176
96.9 1168
97 1149
97.1 1133
97.2 1115
97.3 1085
97.4 1061
97.5 1032
97.6 1021
97.7 1023
97.8 994
97.9 979
98 971
98.1 967
98.2 957
98.3 942
98.4 917
98.5 850
98.6 732
98.7 676
98.8 648
98.9 649
99 632
99.1 630
99.2 584
99.3 495
99.4 473
99.5 483
99.6 512
99.7 547
99.8 570
99.9 587
100 596
100.1 598
100.2 600
100.3 574
100.4 573
100.5 560
100.6 554
100.7 551
100.8 564
100.9 545
101 529
101.1 514
101.2 509
101.3 490
101.4 467
101.5 459
101.6 444
101.7 427
101.8 416
101.9 418
102 438
102.1 463
102.2 476
102.3 494
102.4 522
102.5 538
102.6 539
102.7 529
102.8 498
102.9 474
103 463
103.1 458
103.2 452
103.3 411
103.4 386
103.5 373
103.6 379
103.7 392
103.8 391
103.9 388
104 374
104.1 379
104.2 365
104.3 343
104.4 343
104.5 343
104.6 340
104.7 324
104.8 317
104.9 322
105 340
105.1 343
105.2 340
105.3 323
105.4 314
105.5 311
105.6 307
105.7 317
105.8 320
105.9 321
106 297
106.1 274
106.2 261
106.3 252
106.4 244
106.5 232
106.6 211
106.7 203
106.8 204
106.9 199
107 211
107.1 210
107.2 206
107.3 214
107.4 217
107.5 220
107.6 222
107.7 231
107.8 194
107.9 87
108 38
108.1 24
108.2 10
108.3 7
108.4 3
108.5 3
108.6 5
108.7 6
108.8 6
108.9 6
109 8
109.1 6
109.2 4
109.3 8
109.4 7
109.5 6
109.6 4
109.7 2
109.8 2
109.9 7
110 7
110.1 3
110.2 4
110.3 3
110.4 3
110.5 6
110.6 6
110.7 4
110.8 7
110.9 5
111 5
111.1 5
111.2 3
111.3 8
111.4 3
111.5 8
111.6 3
111.7 4
111.8 3
111.9 5
112 15
112.1 10
112.2 5
112.3 14
112.4 9
112.5 16
112.6 13
112.7 13
112.8 18
112.9 20
113 30
113.1 25
113.2 18
113.3 13
113.4 21
113.5 16
113.6 33
113.7 31
113.8 38
113.9 31
114 27
114.1 55
114.2 62
114.3 97
114.4 143
114.5 200
114.6 284
114.7 416
114.8 552
114.9 662
115 753
115.1 851
115.2 942
115.3 1020
115.4 1072
115.5 1113
115.6 1147
115.7 1191
115.8 1219
115.9 1240
116 1257
116.1 1266
116.2 1279
116.3 1273
116.4 1292
116.5 1299
116.6 1328
116.7 1314
116.8 1301
116.9 1291
117 1284
117.1 1250
117.2 1245
117.3 1237
117.4 1221
117.5 1199
117.6 1187
117.7 1180
117.8 1157
117.9 1126
118 1107
118.1 1069
118.2 1068
118.3 1063
118.4 1044
118.5 1041
118.6 1020
118.7 1019
118.8 992
118.9 999
119 991
119.1 974
119.2 954
119.3 954
119.4 925
119.5 907
119.6 865
119.7 828
119.8 814
119.9 784
120 766
120.1 758
120.2 756
120.3 752
120.4 742
120.5 724
120.6 699
120.7 686
120.8 650
120.9 643
121 642
121.1 640
121.2 641
121.3 643
121.4 607
121.5 591
121.6 601
121.7 598
121.8 572
121.9 569
122 543
122.1 537
122.2 513
122.3 505
122.4 505
122.5 496
122.6 478
122.7 470
122.8 477
122.9 476
123 477
123.1 463
123.2 465
123.3 458
123.4 449
123.5 421
123.6 379
123.7 297
123.8 247
123.9 236
124 232
124.1 226
124.2 243
124.3 258
124.4 267
124.5 276
124.6 262
124.7 260
124.8 274
124.9 283
125 277
125.1 291
125.2 267
125.3 249
125.4 199
125.5 180
125.6 167
125.7 135
125.8 135
125.9 154
126 168
126.1 175
126.2 183
126.3 190
126.4 191
126.5 183
126.6 179
126.7 204
126.8 216
126.9 212
127 219
127.1 184
127.2 174
127.3 185
127.4 172
127.5 122
127.6 107
127.7 103
127.8 94
127.9 69
128 36
128.1 20
128.2 19
128.3 14
128.4 14
128.5 7
128.6 11
128.7 6
128.8 5
128.9 7
129 3
129.1 4
129.2 8
129.3 6
129.4 2
129.5 2
129.6 6
129.7 5
129.8 5
129.9 11
130 4
130.1 4
130.2 6
130.3 2
130.4 7
130.5 10
130.6 3
130.7 6
130.8 11
130.9 5
131 6
131.1 8
131.2 14
131.3 6
131.4 6
131.5 6
131.6 7
131.7 14
131.8 8
131.9 9
132 9
132.1 8
132.2 16
132.3 14
132.4 19
132.5 19
132.6 12
132.7 16
132.8 16
132.9 23
133 19
133.1 17
133.2 22
133.3 32
133.4 11
133.5 23
133.6 30
133.7 41
133.8 38
133.9 43
134 67
134.1 136
134.2 177
134.3 288
134.4 412
134.5 505
134.6 582
134.7 654
134.8 733
134.9 791
135 818
135.1 867
135.2 927
135.3 976
135.4 1006
135.5 1033
135.6 1044
135.7 1062
135.8 1076
135.9 1052
136 1044
136.1 1081
136.2 1094
136.3 1110
136.4 1121
136.5 1145
136.6 1170
136.7 1188
136.8 1185
136.9 1177
137 1188
137.1 1173
137.2 1184
137.3 1194
137.4 1190
137.5 1180
137.6 1145
137.7 1119
137.8 1103
137.9 1104
138 1095
138.1 1078
138.2 1055
138.3 1039
138.4 1033
138.5 1019
138.6 1018
138.7 1016
138.8 1006
138.9 1005
139 991
139.1 993
139.2 976
139.3 969
139.4 965
139.5 967
139.6 978
139.7 969
139.8 952
139.9 945
140 930
140.1 904
140.2 871
140.3 841
140.4 811
140.5 805
140.6 781
140.7 756
140.8 733
140.9 722
141 733
141.1 721
141.2 729
141.3 721
141.4 705
141.5 682
141.6 678
141.7 632
141.8 587
141.9 577
142 583
142.1 591
142.2 601
142.3 617
142.4 619
142.5 614
142.6 625
142.7 602
142.8 582
142.9 572
143 552
143.1 534
143.2 513
143.3 500
143.4 490
143.5 489
143.6 489
143.7 473
143.8 467
143.9 457
144 442
144.1 438
144.2 424
144.3 407
144.4 380
144.5 352
144.6 332
144.7 312
144.8 312
144.9 308
145 314
145.1 318
145.2 311
145.3 300
145.4 297
145.5 291
145.6 232
145.7 184
145.8 174
145.9 179
146 194
146.1 212
146.2 223
146.3 233
146.4 236
146.5 230
146.6 241
146.7 249
146.8 255
146.9 256
147 261
147.1 260
147.2 232
147.3 207
147.4 197
147.5 188
147.6 186
147.7 177
147.8 191
147.9 155
148 79
148.1 41
148.2 37
148.3 31
148.4 34
148.5 43
148.6 40
148.7 47
148.8 57
148.9 62
149 57
149.1 46
149.2 37
149.3 24
149.4 18
149.5 20
149.6 8
149.7 8
149.8 6
149.9 7
150 7
150.1 5
150.2 8
150.3 4
150.4 8
150.5 1
150.6 7
150.7 4
150.8 4
150.9 3
151 4
151.1 4
151.2 6
151.3 3
151.4 3
151.5 6
151.6 5
151.7 5
151.8 2
151.9 5
152 7
152.1 9
152.2 5
152.3 4
152.4 4
152.5 6
152.6 3
152.7 10
152.8 8
152.9 9
153 7
153.1 6
153.2 7
153.3 10
153.4 17
153.5 12
153.6 17
153.7 19
153.8 15
153.9 22
154 19
154.1 29
154.2 33
154.3 23
154.4 33
154.5 30
154.6 34
154.7 35
154.8 43
154.9 43
155 67
155.1 68
155.2 72
155.3 134
155.4 154
155.5 241
155.6 369
155.7 475
155.8 603
155.9 695
156 773
156.1 863
156.2 964
156.3 1032
156.4 1083
156.5 1136
156.6 1196
156.7 1237
156.8 1238
156.9 1260
157 1293
157.1 1293
157.2 1333
157.3 1343
157.4 1363
157.5 1368
157.6 1354
157.7 1320
157.8 1312
157.9 1296
158 1297
158.1 1303
158.2 1307
158.3 1309
158.4 1300
158.5 1302
158.6 1301
158.7 1288
158.8 1271
158.9 1253
159 1231
159.1 1201
159.2 1165
159.3 1134
159.4 1110
159.5 1077
159.6 1060
159.7 1055
159.8 1050
159.9 1039
160 1024
160.1 1013
160.2 986
160.3 982
160.4 964
160.5 942
160.6 919
160.7 900
160.8 881
160.9 872
161 860
161.1 820
161.2 823
161.3 791
161.4 740
161.5 737
161.6 705
161.7 695
161.8 692
161.9 692
162 703
162.1 699
162.2 688
162.3 684
162.4 689
162.5 695
162.6 696
162.7 677
162.8 677
162.9 676
163 661
163.1 628
163.2 595
163.3 575
163.4 577
163.5 572
163.6 571
163.7 558
163.8 554
163.9 532
164 526
164.1 515
164.2 496
164.3 489
164.4 482
164.5 455
164.6 431
164.7 423
164.8 393
164.9 389
165 391
165.1 389
165.2 387
165.3 394
165.4 387
165.5 394
165.6 388
165.7 374
165.8 366
165.9 373
166 361
166.1 357
166.2 354
166.3 349
166.4 347
166.5 339
166.6 341
166.7 342
166.8 351
166.9 351
167 356
167.1 339
167.2 311
167.3 309
167.4 295
167.5 290
167.6 293
167.7 281
167.8 202
167.9 148
168 142
168.1 120
168.2 110
168.3 91
168.4 93
168.5 98
168.6 103
168.7 92
168.8 82
168.9 72
169 69
169.1 61
169.2 61
169.3 73
169.4 86
169.5 107
169.6 122
169.7 146
169.8 166
169.9 184
170 177
170.1 184
170.2 193
170.3 176
170.4 153
170.5 144
170.6 141
170.7 142
170.8 146
170.9 166
171 166
171.1 163
171.2 170
171.3 170
171.4 162
171.5 153
171.6 118
171.7 47
171.8 23
171.9 17
172 7
172.1 10
172.2 7
172.3 6
172.4 4
172.5 5
172.6 6
172.7 3
172.8 7
172.9 1
173 2
173.1 3
173.2 5
173.3 2
173.4 4
173.5 7
173.6 1
173.7 2
173.8 2
173.9 4
174 4
174.1 3
174.2 2
174.3 2
174.4 10
174.5 5
174.6 4
174.7 8
174.8 2
174.9 11
175 5
175.1 8
175.2 6
175.3 4
175.4 6
175.5 7
175.6 12
175.7 5
175.8 2
175.9 4
176 8
176.1 15
176.2 12
176.3 9
176.4 8
176.5 6
176.6 9
176.7 16
176.8 10
176.9 16
177 17
177.1 15
177.2 14
177.3 13
177.4 12
177.5 12
177.6 8
177.7 23
177.8 19
177.9 23
178 20
178.1 25
178.2 28
178.3 23
178.4 36
178.5 28
178.6 29
178.7 26
178.8 35
178.9 46
179 36
179.1 59
179.2 55
179.3 86
179.4 159
179.5 279
179.6 412
179.7 549
179.8 616
179.9 687
180 764
180.1 846
180.2 910
180.3 978
180.4 1061
180.5 1113
180.6 1163
180.7 1192
180.8 1203
180.9 1231
181 1262
181.1 1291
181.2 1304
181.3 1336
181.4 1347
181.5 1334
181.6 1326
181.7 1315
181.8 1332
181.9 1338
182 1334
182.1 1333
182.2 1345
182.3 1353
182.4 1330
182.5 1326
182.6 1311
182.7 1314
182.8 1308
182.9 1291
183 1273
183.1 1238
183.2 1208
183.3 1165
183.4 1131
183.5 1121
183.6 1086
183.7 1069
183.8 1062
183.9 1043
184 1041
184.1 1017
184.2 1007
184.3 1008
184.4 999
184.5 985
184.6 973
184.7 966
184.8 937
184.9 889
185 870
185.1 833
185.2 822
185.3 819
185.4 783
185.5 763
185.6 731
185.7 710
185.8 701
185.9 698
186 705
186.1 709
186.2 698
186.3 692
186.4 686
186.5 689
186.6 665
186.7 643
186.8 608
186.9 596
187 583
187.1 579
187.2 554
187.3 529
187.4 536
187.5 534
187.6 512
187.7 492
187.8 479
187.9 468
188 454
188.1 443
188.2 426
188.3 420
188.4 407
188.5 414
188.6 406
188.7 405
188.8 381
188.9 365
189 358
189.1 341
189.2 342
189.3 345
189.4 345
189.5 340
189.6 335
189.7 333
189.8 324
189.9 320
190 310
190.1 304
190.2 293
190.3 299
190.4 293
190.5 294
190.6 271
190.7 257
190.8 252
190.9 232
191 214
191.1 211
191.2 174
191.3 136
191.4 116
191.5 117
191.6 129
191.7 145
191.8 141
191.9 153
192 159
192.1 158
192.2 158
192.3 166
192.4 162
192.5 173
192.6 181
192.7 160
192.8 141
192.9 136
193 134
193.1 149
193.2 133
193.3 102
193.4 72
193.5 70
193.6 80
193.7 90
193.8 113
193.9 129
194 142
194.1 168
194.2 180
194.3 182
194.4 174
194.5 185
194.6 201
194.7 205
194.8 212
194.9 204
195 193
195.1 184
195.2 181
195.3 166
195.4 172
195.5 179
195.6 159
195.7 102
195.8 80
195.9 69
196 66
196.1 63
196.2 44
196.3 36
196.4 33
196.5 34
196.6 26
196.7 20
196.8 15
196.9 14
197 11
197.1 9
197.2 2
197.3 8
197.4 7
197.5 10
197.6 1
197.7 4
197.8 4
197.9 4
198 4
198.1 3
198.2 5
198.3 3
198.4 5
198.5 2
198.6 4
198.7 1
198.8 3
198.9 4
199 6
199.1 5
199.2 6
199.3 5
199.4 6
199.5 5
199.6 6
199.7 8
199.8 6
199.9 8
200 4
