0 0
0.1 0
0.2 0
0.3 0
0.4 0
0.5 0
0.6 0
0.7 0
0.8 2
0.9 5
1 10
1.1 19
1.2 23
1.3 33
1.4 43
1.5 47
1.6 59
1.7 68
1.8 82
1.9 93
2 105
2.1 125
2.2 151
2.3 170
2.4 192
2.5 210
2.6 227
2.7 248
2.8 275
2.9 293
3 332
3.1 357
3.2 379
3.3 411
3.4 448
3.5 469
3.6 497
3.7 535
3.8 560
3.9 576
4 602
4.1 636
4.2 671
4.3 704
4.4 737
4.5 766
4.6 799
4.7 829
4.8 862
4.9 895
5 921
5.1 946
5.2 982
5.3 1016
5.4 1042
5.5 1067
5.6 1096
5.7 1129
5.8 1149
5.9 1172
6 1213
6.1 1237
6.2 1266
6.3 1298
6.4 1327
6.5 1367
6.6 1397
6.7 1435
6.8 1460
6.9 1500
7 1531
7.1 1566
7.2 1586
7.3 1608
7.4 1627
7.5 1630
7.6 1625
7.7 1585
7.8 1520
7.9 1442
8 1395
8.1 1325
8.2 1254
8.3 1169
8.4 1095
8.5 1044
8.6 974
8.7 900
8.8 838
8.9 765
9 725
9.1 673
9.2 641
9.3 603
9.4 572
9.5 538
9.6 500
9.7 467
9.8 439
9.9 449
10 442
10.1 436
10.2 424
10.3 417
10.4 396
10.5 388
10.6 371
10.7 359
10.8 361
10.9 358
11 353
11.1 354
11.2 343
11.3 334
11.4 324
11.5 318
11.6 330
11.7 316
11.8 293
11.9 281
12 264
12.1 258
12.2 253
12.3 254
12.4 266
12.5 282
12.6 281
12.7 272
12.8 277
12.9 271
13 266
13.1 290
13.2 312
13.3 346
13.4 353
13.5 346
13.6 322
13.7 299
13.8 295
13.9 287
14 290
14.1 275
14.2 269
14.3 268
14.4 275
14.5 272
14.6 279
14.7 265
14.8 254
14.9 261
15 319
15.1 346
15.2 344
15.3 339
15.4 323
15.5 317
15.6 305
15.7 306
15.8 293
15.9 298
16 335
16.1 356
16.2 356
16.3 356
16.4 343
16.5 320
16.6 309
16.7 314
16.8 319
16.9 304
17 295
17.1 288
17.2 268
17.3 261
17.4 263
17.5 290
17.6 296
17.7 302
17.8 301
17.9 298
18 298
18.1 288
18.2 300
18.3 290
18.4 291
18.5 324
18.6 334
18.7 334
18.8 332
18.9 323
19 350
19.1 359
19.2 365
19.3 374
19.4 387
19.5 396
19.6 385
19.7 375
19.8 368
19.9 362
20 358
20.1 351
20.2 326
20.3 305
20.4 293
20.5 281
20.6 282
20.7 271
20.8 253
20.9 259
21 276
21.1 302
21.2 310
21.3 306
21.4 293
21.5 271
21.6 285
21.7 314
21.8 385
21.9 415
22 446
22.1 448
22.2 448
22.3 460
22.4 462
22.5 463
22.6 469
22.7 470
22.8 479
22.9 486
23 488
23.1 498
23.2 509
23.3 515
23.4 522
23.5 529
23.6 545
23.7 557
23.8 574
23.9 589
24 600
24.1 626
24.2 631
24.3 655
24.4 681
24.5 695
24.6 718
24.7 738
24.8 759
24.9 778
25 797
25.1 819
25.2 834
25.3 857
25.4 872
25.5 898
25.6 921
25.7 947
25.8 976
25.9 1007
26 1036
26.1 1073
26.2 1078
26.3 1101
26.4 1134
26.5 1164
26.6 1188
26.7 1212
26.8 1240
26.9 1265
27 1293
27.1 1317
27.2 1347
27.3 1382
27.4 1411
27.5 1445
27.6 1474
27.7 1503
27.8 1540
27.9 1578
28 1603
28.1 1636
28.2 1655
28.3 1683
28.4 1720
28.5 1736
28.6 1767
28.7 1767
28.8 1772
28.9 1736
29 1717
29.1 1651
29.2 1554
29.3 1424
29.4 1304
29.5 1202
29.6 1119
29.7 1047
29.8 978
29.9 911
30 854
30.1 805
30.2 748
30.3 714
30.4 665
30.5 617
30.6 581
30.7 556
30.8 531
30.9 495
31 456
31.1 427
31.2 417
31.3 395
31.4 377
31.5 362
31.6 333
31.7 337
31.8 326
31.9 307
32 278
32.1 268
32.2 275
32.3 281
32.4 279
32.5 288
32.6 289
32.7 277
32.8 273
32.9 272
33 268
33.1 271
33.2 277
33.3 282
33.4 264
33.5 248
33.6 238
33.7 261
33.8 260
33.9 275
34 314
34.1 313
34.2 328
34.3 326
34.4 316
34.5 319
34.6 312
34.7 315
34.8 316
34.9 300
35 278
35.1 284
35.2 290
35.3 294
35.4 293
35.5 284
35.6 267
35.7 245
35.8 240
35.9 219
36 212
36.1 230
36.2 231
36.3 238
36.4 232
36.5 213
36.6 210
36.7 255
36.8 283
36.9 282
37 281
37.1 275
37.2 288
37.3 300
37.4 295
37.5 290
37.6 269
37.7 255
37.8 251
37.9 247
38 246
38.1 245
38.2 240
38.3 224
38.4 215
38.5 207
38.6 206
38.7 193
38.8 202
38.9 208
39 205
39.1 204
39.2 209
39.3 213
39.4 229
39.5 240
39.6 243
39.7 232
39.8 231
39.9 223
40 222
40.1 259
40.2 261
40.3 275
40.4 278
40.5 280
40.6 268
40.7 262
40.8 356
40.9 416
41 464
41.1 491
41.2 498
41.3 499
41.4 503
41.5 510
41.6 508
41.7 513
41.8 525
41.9 531
42 543
42.1 551
42.2 562
42.3 577
42.4 592
42.5 593
42.6 613
42.7 626
42.8 639
42.9 661
43 679
43.1 695
43.2 714
43.3 734
43.4 754
43.5 770
43.6 786
43.7 810
43.8 832
43.9 859
44 882
44.1 900
44.2 921
44.3 940
44.4 968
44.5 994
44.6 1012
44.7 1049
44.8 1082
44.9 1109
45 1150
45.1 1181
45.2 1207
45.3 1241
45.4 1276
45.5 1303
45.6 1329
45.7 1360
45.8 1394
45.9 1427
46 1458
46.1 1508
46.2 1526
46.3 1574
46.4 1608
46.5 1638
46.6 1673
46.7 1698
46.8 1749
46.9 1749
47 1735
47.1 1690
47.2 1628
47.3 1523
47.4 1410
47.5 1299
47.6 1221
47.7 1142
47.8 1060
47.9 980
48 891
48.1 817
48.2 743
48.3 704
48.4 672
48.5 624
48.6 598
48.7 577
48.8 555
48.9 519
49 489
49.1 461
49.2 445
49.3 433
49.4 410
49.5 403
49.6 447
49.7 475
49.8 459
49.9 419
50 394
50.1 372
50.2 344
50.3 327
50.4 305
50.5 279
50.6 268
50.7 271
50.8 278
50.9 275
51 274
51.1 271
51.2 275
51.3 278
51.4 283
51.5 263
51.6 257
51.7 248
51.8 247
51.9 231
52 236
52.1 233
52.2 228
52.3 223
52.4 218
52.5 235
52.6 258
52.7 270
52.8 279
52.9 287
53 282
53.1 279
53.2 277
53.3 276
53.4 253
53.5 247
53.6 240
53.7 245
53.8 260
53.9 263
54 248
54.1 261
54.2 257
54.3 261
54.4 253
54.5 225
54.6 227
54.7 240
54.8 240
54.9 240
55 243
55.1 245
55.2 245
55.3 244
55.4 262
55.5 258
55.6 266
55.7 279
55.8 286
55.9 307
56 308
56.1 306
56.2 300
56.3 293
56.4 281
56.5 278
56.6 294
56.7 297
56.8 294
56.9 299
57 285
57.1 273
57.2 275
57.3 277
57.4 262
57.5 246
57.6 270
57.7 297
57.8 285
57.9 278
58 270
58.1 283
58.2 276
58.3 314
58.4 400
58.5 455
58.6 463
58.7 449
58.8 425
58.9 412
59 404
59.1 394
59.2 378
59.3 353
59.4 328
59.5 317
59.6 299
59.7 288
59.8 286
59.9 286
60 289
60.1 274
60.2 284
60.3 277
60.4 265
60.5 262
60.6 258
60.7 248
60.8 260
60.9 262
61 255
61.1 248
61.2 249
61.3 240
61.4 229
61.5 224
61.6 229
61.7 234
61.8 235
61.9 259
62 261
62.1 249
62.2 261
62.3 291
62.4 286
62.5 283
62.6 264
62.7 260
62.8 262
62.9 270
63 275
63.1 277
63.2 286
63.3 299
63.4 315
63.5 326
63.6 331
63.7 340
63.8 325
63.9 321
64 318
64.1 334
64.2 390
64.3 402
64.4 411
64.5 419
64.6 423
64.7 434
64.8 439
64.9 454
65 465
65.1 484
65.2 502
65.3 506
65.4 524
65.5 545
65.6 562
65.7 584
65.8 599
65.9 618
66 644
66.1 672
66.2 697
66.3 728
66.4 763
66.5 784
66.6 817
66.7 835
66.8 855
66.9 881
67 911
67.1 940
67.2 968
67.3 994
67.4 1017
67.5 1039
67.6 1073
67.7 1103
67.8 1122
67.9 1154
68 1188
68.1 1221
68.2 1251
68.3 1284
68.4 1310
68.5 1332
68.6 1348
68.7 1384
68.8 1403
68.9 1421
69 1452
69.1 1462
69.2 1484
69.3 1490
69.4 1520
69.5 1539
69.6 1560
69.7 1568
69.8 1588
69.9 1586
70 1525
70.1 1402
70.2 1286
70.3 1208
70.4 1137
70.5 1058
70.6 982
70.7 905
70.8 855
70.9 792
71 750
71.1 717
71.2 695
71.3 680
71.4 651
71.5 616
71.6 582
71.7 539
71.8 511
71.9 500
72 478
72.1 458
72.2 461
72.3 444
72.4 436
72.5 429
72.6 394
72.7 387
72.8 383
72.9 363
73 345
73.1 324
73.2 322
73.3 314
73.4 297
73.5 270
73.6 243
73.7 221
73.8 228
73.9 237
74 246
74.1 258
74.2 271
74.3 259
74.4 253
74.5 255
74.6 249
74.7 236
74.8 242
74.9 251
75 245
75.1 227
75.2 237
75.3 277
75.4 273
75.5 277
75.6 311
75.7 315
75.8 307
75.9 295
76 287
76.1 277
76.2 278
76.3 272
76.4 264
76.5 253
76.6 252
76.7 238
76.8 242
76.9 241
77 242
77.1 231
77.2 221
77.3 212
77.4 207
77.5 207
77.6 215
77.7 209
77.8 208
77.9 236
78 248
78.1 243
78.2 241
78.3 258
78.4 244
78.5 253
78.6 275
78.7 265
78.8 256
78.9 243
79 238
79.1 228
79.2 234
79.3 227
79.4 230
79.5 224
79.6 210
79.7 217
79.8 220
79.9 223
80 236
80.1 226
80.2 220
80.3 212
80.4 199
80.5 192
80.6 204
80.7 206
80.8 219
80.9 218
81 221
81.1 221
81.2 242
81.3 258
81.4 266
81.5 288
81.6 303
81.7 292
81.8 292
81.9 289
82 292
82.1 287
82.2 277
82.3 271
82.4 289
82.5 293
82.6 286
82.7 284
82.8 275
82.9 266
83 316
83.1 329
83.2 348
83.3 328
83.4 316
83.5 294
83.6 288
83.7 298
83.8 299
83.9 297
84 294
84.1 291
84.2 293
84.3 294
84.4 316
84.5 313
84.6 326
84.7 331
84.8 321
84.9 313
85 312
85.1 303
85.2 325
85.3 354
85.4 374
85.5 399
85.6 411
85.7 414
85.8 424
85.9 418
86 428
86.1 435
86.2 440
86.3 447
86.4 462
86.5 469
86.6 480
86.7 483
86.8 493
86.9 502
87 513
87.1 531
87.2 545
87.3 553
87.4 572
87.5 591
87.6 603
87.7 622
87.8 644
87.9 666
88 680
88.1 704
88.2 724
88.3 747
88.4 763
88.5 787
88.6 808
88.7 827
88.8 856
88.9 882
89 909
89.1 943
89.2 975
89.3 1004
89.4 1044
89.5 1070
89.6 1095
89.7 1115
89.8 1148
89.9 1172
90 1191
90.1 1211
90.2 1244
90.3 1290
90.4 1324
90.5 1354
90.6 1386
90.7 1414
90.8 1443
90.9 1473
91 1503
91.1 1509
91.2 1545
91.3 1572
91.4 1595
91.5 1630
91.6 1655
91.7 1680
91.8 1703
91.9 1730
92 1760
92.1 1773
92.2 1759
92.3 1804
92.4 1836
92.5 1844
92.6 1827
92.7 1770
92.8 1690
92.9 1594
93 1494
93.1 1397
93.2 1277
93.3 1176
93.4 1081
93.5 988
93.6 894
93.7 846
93.8 808
93.9 763
94 713
94.1 669
94.2 627
94.3 600
94.4 625
94.5 608
94.6 552
94.7 526
94.8 493
94.9 505
95 489
95.1 446
95.2 407
95.3 387
95.4 373
95.5 368
95.6 354
95.7 347
95.8 352
95.9 342
96 327
96.1 341
96.2 345
96.3 333
96.4 308
96.5 304
96.6 299
96.7 292
96.8 299
96.9 330
97 343
97.1 313
97.2 301
97.3 299
97.4 304
97.5 296
97.6 280
97.7 291
97.8 300
97.9 346
98 361
98.1 366
98.2 365
98.3 361
98.4 342
98.5 319
98.6 300
98.7 297
98.8 289
98.9 282
99 284
99.1 279
99.2 283
99.3 275
99.4 265
99.5 259
99.6 251
99.7 257
99.8 257
99.9 257
100 249
100.1 234
100.2 242
100.3 254
100.4 274
100.5 271
100.6 344
100.7 422
100.8 435
100.9 414
101 407
101.1 392
101.2 371
101.3 377
101.4 367
101.5 362
101.6 367
101.7 390
101.8 386
101.9 396
102 394
102.1 381
102.2 420
102.3 423
102.4 438
102.5 471
102.6 503
102.7 481
102.8 449
102.9 418
103 376
103.1 345
103.2 337
103.3 333
103.4 318
103.5 310
103.6 317
103.7 318
103.8 317
103.9 305
104 296
104.1 308
104.2 314
104.3 313
104.4 301
104.5 303
104.6 302
104.7 310
104.8 329
104.9 340
105 331
105.1 325
105.2 314
105.3 308
105.4 298
105.5 277
105.6 268
105.7 254
105.8 258
105.9 279
106 313
106.1 360
106.2 368
106.3 363
106.4 354
106.5 349
106.6 322
106.7 315
106.8 310
106.9 321
107 305
107.1 310
107.2 308
107.3 305
107.4 338
107.5 371
107.6 384
107.7 383
107.8 360
107.9 343
108 327
108.1 308
108.2 290
108.3 307
108.4 311
108.5 292
108.6 277
108.7 279
108.8 307
108.9 369
109 402
109.1 412
109.2 422
109.3 423
109.4 436
109.5 442
109.6 446
109.7 444
109.8 453
109.9 465
110 472
110.1 482
110.2 500
110.3 512
110.4 526
110.5 547
110.6 565
110.7 588
110.8 609
110.9 630
111 654
111.1 685
111.2 696
111.3 722
111.4 754
111.5 775
111.6 800
111.7 826
111.8 843
111.9 860
112 889
112.1 915
112.2 940
112.3 954
112.4 976
112.5 995
112.6 1023
112.7 1052
112.8 1079
112.9 1107
113 1126
113.1 1158
113.2 1193
113.3 1212
113.4 1238
113.5 1270
113.6 1297
113.7 1321
113.8 1335
113.9 1370
114 1396
114.1 1407
114.2 1443
114.3 1467
114.4 1499
114.5 1531
114.6 1542
114.7 1569
114.8 1587
114.9 1605
115 1623
115.1 1645
115.2 1682
115.3 1714
115.4 1723
115.5 1758
115.6 1777
115.7 1778
115.8 1772
115.9 1790
116 1801
116.1 1752
116.2 1659
116.3 1538
116.4 1413
116.5 1330
116.6 1229
116.7 1113
116.8 1046
116.9 961
117 897
117.1 811
117.2 759
117.3 718
117.4 650
117.5 610
117.6 566
117.7 528
117.8 494
117.9 470
118 459
118.1 438
118.2 449
118.3 447
118.4 466
118.5 463
118.6 440
118.7 442
118.8 454
118.9 432
119 410
119.1 383
119.2 370
119.3 363
119.4 352
119.5 338
119.6 324
119.7 298
119.8 273
119.9 267
120 260
120.1 258
120.2 256
120.3 283
120.4 289
120.5 276
120.6 271
120.7 252
120.8 237
120.9 230
121 231
121.1 227
121.2 245
121.3 241
121.4 238
121.5 248
121.6 257
121.7 262
121.8 253
121.9 244
122 248
122.1 263
122.2 277
122.3 272
122.4 261
122.5 263
122.6 263
122.7 253
122.8 253
122.9 255
123 241
123.1 215
123.2 199
123.3 188
123.4 244
123.5 282
123.6 291
123.7 312
123.8 315
123.9 296
124 288
124.1 290
124.2 284
124.3 268
124.4 255
124.5 259
124.6 243
124.7 238
124.8 239
124.9 241
125 246
125.1 267
125.2 267
125.3 266
125.4 269
125.5 256
125.6 256
125.7 246
125.8 227
125.9 237
126 237
126.1 236
126.2 247
126.3 259
126.4 272
126.5 276
126.6 293
126.7 294
126.8 288
126.9 299
127 319
127.1 322
127.2 323
127.3 305
127.4 318
127.5 309
127.6 294
127.7 284
127.8 268
127.9 272
128 268
128.1 263
128.2 265
128.3 303
128.4 351
128.5 365
128.6 383
128.7 384
128.8 429
128.9 449
129 444
129.1 443
129.2 436
129.3 430
129.4 422
129.5 431
129.6 447
129.7 454
129.8 448
129.9 443
130 440
130.1 435
130.2 460
130.3 485
130.4 496
130.5 501
130.6 499
130.7 511
130.8 519
130.9 527
131 540
131.1 544
131.2 551
131.3 558
131.4 580
131.5 591
131.6 598
131.7 613
131.8 626
131.9 640
132 653
132.1 669
132.2 701
132.3 722
132.4 744
132.5 755
132.6 773
132.7 793
132.8 802
132.9 828
133 862
133.1 886
133.2 917
133.3 946
133.4 972
133.5 987
133.6 1018
133.7 1043
133.8 1062
133.9 1088
134 1124
134.1 1156
134.2 1172
134.3 1200
134.4 1236
134.5 1255
134.6 1274
134.7 1295
134.8 1305
134.9 1332
135 1343
135.1 1372
135.2 1409
135.3 1418
135.4 1420
135.5 1425
135.6 1452
135.7 1461
135.8 1479
135.9 1499
136 1512
136.1 1522
136.2 1518
136.3 1526
136.4 1453
136.5 1341
136.6 1211
136.7 1098
136.8 1019
136.9 962
137 883
137.1 822
137.2 779
137.3 771
137.4 740
137.5 673
137.6 617
137.7 569
137.8 535
137.9 516
138 496
138.1 462
138.2 451
138.3 437
138.4 440
138.5 412
138.6 381
138.7 361
138.8 356
138.9 357
139 344
139.1 325
139.2 318
139.3 304
139.4 288
139.5 296
139.6 288
139.7 298
139.8 291
139.9 272
140 273
140.1 267
140.2 265
140.3 241
140.4 224
140.5 222
140.6 212
140.7 216
140.8 225
140.9 245
141 242
141.1 234
141.2 243
141.3 262
141.4 277
141.5 283
141.6 290
141.7 306
141.8 298
141.9 301
142 309
142.1 305
142.2 282
142.3 279
142.4 271
142.5 254
142.6 256
142.7 276
142.8 284
142.9 288
143 273
143.1 276
143.2 270
143.3 251
143.4 241
143.5 234
143.6 243
143.7 248
143.8 239
143.9 255
144 252
144.1 273
144.2 273
144.3 282
144.4 278
144.5 281
144.6 281
144.7 283
144.8 267
144.9 264
145 257
145.1 244
145.2 249
145.3 238
145.4 248
145.5 237
145.6 236
145.7 225
145.8 229
145.9 222
146 228
146.1 231
146.2 228
146.3 254
146.4 266
146.5 259
146.6 245
146.7 232
146.8 225
146.9 221
147 210
147.1 200
147.2 198
147.3 183
147.4 181
147.5 210
147.6 313
147.7 362
147.8 408
147.9 407
148 399
148.1 406
148.2 432
148.3 465
148.4 493
148.5 502
148.6 509
148.7 519
148.8 520
148.9 534
149 541
149.1 548
149.2 557
149.3 580
149.4 583
149.5 598
149.6 613
149.7 630
149.8 659
149.9 671
150 694
150.1 717
150.2 745
150.3 767
150.4 791
150.5 817
150.6 840
150.7 860
150.8 877
150.9 915
151 935
151.1 961
151.2 987
151.3 998
151.4 1034
151.5 1057
151.6 1081
151.7 1095
151.8 1115
151.9 1137
152 1148
152.1 1177
152.2 1200
152.3 1212
152.4 1228
152.5 1243
152.6 1259
152.7 1280
152.8 1298
152.9 1317
153 1320
153.1 1346
153.2 1375
153.3 1378
153.4 1410
153.5 1426
153.6 1451
153.7 1450
153.8 1483
153.9 1499
154 1526
154.1 1541
154.2 1553
154.3 1549
154.4 1541
154.5 1562
154.6 1487
154.7 1390
154.8 1285
154.9 1185
155 1123
155.1 1073
155.2 993
155.3 920
155.4 839
155.5 778
155.6 712
155.7 672
155.8 635
155.9 595
156 564
156.1 528
156.2 488
156.3 452
156.4 429
156.5 426
156.6 435
156.7 407
156.8 391
156.9 384
157 378
157.1 362
157.2 338
157.3 314
157.4 296
157.5 293
157.6 297
157.7 278
157.8 280
157.9 290
158 290
158.1 302
158.2 360
158.3 386
158.4 434
158.5 443
158.6 427
158.7 414
158.8 391
158.9 369
159 360
159.1 341
159.2 320
159.3 318
159.4 316
159.5 305
159.6 279
159.7 283
159.8 295
159.9 304
160 299
160.1 289
160.2 274
160.3 271
160.4 284
160.5 312
160.6 330
160.7 319
160.8 316
160.9 303
161 292
161.1 276
161.2 274
161.3 275
161.4 273
161.5 291
161.6 299
161.7 292
161.8 278
161.9 269
162 268
162.1 283
162.2 270
162.3 257
162.4 255
162.5 262
162.6 246
162.7 240
162.8 243
162.9 245
163 247
163.1 269
163.2 275
163.3 260
163.4 251
163.5 251
163.6 259
163.7 273
163.8 276
163.9 288
164 289
164.1 315
164.2 342
164.3 351
164.4 340
164.5 326
164.6 338
164.7 324
164.8 316
164.9 314
165 302
165.1 304
165.2 289
165.3 273
165.4 274
165.5 270
165.6 268
165.7 252
165.8 250
165.9 244
166 242
166.1 233
166.2 217
166.3 214
166.4 241
166.5 279
166.6 320
166.7 313
166.8 303
166.9 304
167 333
167.1 380
167.2 435
167.3 446
167.4 450
167.5 445
167.6 454
167.7 444
167.8 456
167.9 453
168 450
168.1 459
168.2 469
168.3 475
168.4 489
168.5 484
168.6 499
168.7 495
168.8 509
168.9 515
169 525
169.1 525
169.2 539
169.3 549
169.4 556
169.5 576
169.6 584
169.7 602
169.8 613
169.9 622
170 638
170.1 655
170.2 668
170.3 687
170.4 718
170.5 728
170.6 752
170.7 776
170.8 801
170.9 840
171 862
171.1 891
171.2 921
171.3 945
171.4 970
171.5 993
171.6 1015
171.7 1032
171.8 1061
171.9 1093
172 1121
172.1 1147
172.2 1174
172.3 1219
172.4 1246
172.5 1279
172.6 1305
172.7 1340
172.8 1364
172.9 1391
173 1429
173.1 1455
173.2 1466
173.3 1505
173.4 1523
173.5 1535
173.6 1548
173.7 1525
173.8 1493
173.9 1380
174 1256
174.1 1188
174.2 1108
174.3 1036
174.4 948
174.5 879
174.6 828
174.7 766
174.8 716
174.9 669
175 643
175.1 597
175.2 562
175.3 542
175.4 518
175.5 507
175.6 471
175.7 461
175.8 446
175.9 429
176 424
176.1 421
176.2 424
176.3 430
176.4 436
176.5 421
176.6 390
176.7 389
176.8 401
176.9 380
177 347
177.1 333
177.2 326
177.3 320
177.4 309
177.5 306
177.6 294
177.7 293
177.8 293
177.9 297
178 270
178.1 256
178.2 251
178.3 261
178.4 259
178.5 263
178.6 241
178.7 232
178.8 219
178.9 225
179 224
179.1 214
179.2 214
179.3 208
179.4 205
179.5 211
179.6 231
179.7 238
179.8 232
179.9 242
180 241
180.1 249
180.2 246
180.3 266
180.4 264
180.5 260
180.6 260
180.7 240
180.8 234
180.9 240
181 248
181.1 236
181.2 212
181.3 198
181.4 199
181.5 210
181.6 229
181.7 238
181.8 229
181.9 207
182 203
182.1 197
182.2 189
182.3 184
182.4 201
182.5 205
182.6 208
182.7 202
182.8 203
182.9 188
183 197
183.1 207
183.2 203
183.3 187
183.4 179
183.5 176
183.6 166
183.7 170
183.8 183
183.9 216
184 211
184.1 208
184.2 258
184.3 361
184.4 432
184.5 475
184.6 507
184.7 487
184.8 470
184.9 457
185 430
185.1 411
185.2 390
185.3 369
185.4 348
185.5 329
185.6 334
185.7 353
185.8 337
185.9 326
186 312
186.1 301
186.2 299
186.3 302
186.4 294
186.5 280
186.6 256
186.7 224
186.8 216
186.9 196
187 191
187.1 194
187.2 202
187.3 208
187.4 217
187.5 204
187.6 197
187.7 189
187.8 207
187.9 215
188 219
188.1 210
188.2 210
188.3 210
188.4 220
188.5 222
188.6 251
188.7 266
188.8 298
188.9 334
189 371
189.1 368
189.2 367
189.3 372
189.4 370
189.5 369
189.6 384
189.7 394
189.8 398
189.9 429
190 441
190.1 449
190.2 461
190.3 464
190.4 472
190.5 477
190.6 495
190.7 501
190.8 512
190.9 523
191 530
191.1 547
191.2 559
191.3 574
191.4 587
191.5 607
191.6 633
191.7 645
191.8 668
191.9 676
192 707
192.1 729
192.2 747
192.3 765
192.4 787
192.5 815
192.6 852
192.7 874
192.8 913
192.9 941
193 970
193.1 1001
193.2 1033
193.3 1062
193.4 1088
193.5 1131
193.6 1149
193.7 1177
193.8 1200
193.9 1236
194 1258
194.1 1282
194.2 1266
194.3 1230
194.4 1267
194.5 1259
194.6 1211
194.7 1129
194.8 1071
194.9 1016
195 952
195.1 876
195.2 821
195.3 757
195.4 707
195.5 666
195.6 635
195.7 599
195.8 553
195.9 525
196 485
196.1 458
196.2 434
196.3 416
196.4 400
196.5 394
196.6 379
196.7 361
196.8 339
196.9 336
197 331
197.1 321
197.2 314
197.3 323
197.4 306
197.5 296
197.6 283
197.7 278
197.8 265
197.9 260
198 253
198.1 244
198.2 252
198.3 261
198.4 275
198.5 251
198.6 249
198.7 234
198.8 213
198.9 201
199 198
199.1 194
199.2 209
199.3 217
199.4 228
199.5 219
199.6 212
199.7 215
199.8 231
199.9 229
200 224
