0 0
0.1 0
0.2 0
0.3 0
0.4 0
0.5 0
0.6 2
0.7 2
0.8 3
0.9 6
1 9
1.1 14
1.2 16
1.3 23
1.4 26
1.5 29
1.6 26
1.7 30
1.8 27
1.9 28
2 29
2.1 37
2.2 39
2.3 42
2.4 44
2.5 47
2.6 48
2.7 51
2.8 51
2.9 49
3 51
3.1 51
3.2 57
3.3 58
3.4 54
3.5 56
3.6 54
3.7 64
3.8 64
3.9 62
4 56
4.1 56
4.2 56
4.3 59
4.4 61
4.5 64
4.6 65
4.7 63
4.8 61
4.9 62
5 61
5.1 61
5.2 60
5.3 61
5.4 64
5.5 61
5.6 60
5.7 66
5.8 64
5.9 67
6 65
6.1 62
6.2 63
6.3 68
6.4 71
6.5 76
6.6 72
6.7 72
6.8 71
6.9 71
7 71
7.1 71
7.2 67
7.3 64
7.4 65
7.5 63
7.6 60
7.7 61
7.8 57
7.9 49
8 47
8.1 47
8.2 43
8.3 40
8.4 38
8.5 36
8.6 36
8.7 33
8.8 30
8.9 28
9 27
9.1 24
9.2 23
9.3 22
9.4 19
9.5 17
9.6 17
9.7 16
9.8 15
9.9 14
10 11
10.1 11
10.2 11
10.3 10
10.4 9
10.5 9
10.6 9
10.7 9
10.8 9
10.9 7
11 7
11.1 6
11.2 5
11.3 4
11.4 3
11.5 3
11.6 3
11.7 3
11.8 3
11.9 3
12 3
12.1 3
12.2 3
12.3 3
12.4 3
12.5 3
12.6 3
12.7 3
12.8 3
12.9 3
13 3
13.1 3
13.2 3
13.3 3
13.4 2
13.5 2
13.6 2
13.7 2
13.8 2
13.9 2
14 2
14.1 2
14.2 2
14.3 2
14.4 1
14.5 0
14.6 0
14.7 0
14.8 0
14.9 0
15 0
15.1 0
15.2 0
15.3 0
15.4 0
15.5 0
15.6 0
15.7 0
15.8 0
15.9 0
16 0
16.1 0
16.2 0
16.3 0
16.4 0
16.5 0
16.6 0
16.7 0
16.8 0
16.9 0
17 0
17.1 0
17.2 0
17.3 0
17.4 0
17.5 0
17.6 0
17.7 0
17.8 0
17.9 0
18 1
18.1 1
18.2 1
18.3 1
18.4 1
18.5 1
18.6 1
18.7 1
18.8 1
18.9 1
19 1
19.1 1
19.2 1
19.3 1
19.4 0
19.5 0
19.6 0
19.7 0
19.8 0
19.9 0
20 0
20.1 0
20.2 0
20.3 0
20.4 0
20.5 0
20.6 0
20.7 0
20.8 0
20.9 0
21 0
21.1 0
21.2 0
21.3 0
21.4 0
21.5 0
21.6 0
21.7 0
21.8 0
21.9 0
22 0
22.1 0
22.2 0
22.3 3
22.4 4
22.5 7
22.6 9
22.7 12
22.8 13
22.9 13
23 13
23.1 16
23.2 17
23.3 20
23.4 20
23.5 19
23.6 25
23.7 26
23.8 26
23.9 29
24 30
24.1 35
24.2 36
24.3 39
24.4 39
24.5 39
24.6 44
24.7 45
24.8 45
24.9 42
25 42
25.1 42
25.2 40
25.3 41
25.4 45
25.5 44
25.6 43
25.7 48
25.8 48
25.9 47
26 45
26.1 49
26.2 50
26.3 53
26.4 54
26.5 59
26.6 61
26.7 67
26.8 62
26.9 60
27 59
27.1 56
27.2 63
27.3 60
27.4 58
27.5 56
27.6 58
27.7 60
27.8 62
27.9 60
28 58
28.1 60
28.2 62
28.3 65
28.4 64
28.5 70
28.6 69
28.7 72
28.8 69
28.9 69
29 67
29.1 63
29.2 62
29.3 60
29.4 59
29.5 53
29.6 47
29.7 43
29.8 42
29.9 40
30 39
30.1 39
30.2 38
30.3 35
30.4 33
30.5 32
30.6 30
30.7 30
30.8 28
30.9 27
31 24
31.1 22
31.2 21
31.3 20
31.4 17
31.5 17
31.6 17
31.7 16
31.8 14
31.9 14
32 13
32.1 12
32.2 12
32.3 11
32.4 9
32.5 9
32.6 9
32.7 8
32.8 8
32.9 8
33 7
33.1 7
33.2 6
33.3 5
33.4 5
33.5 5
33.6 5
33.7 5
33.8 5
33.9 5
34 5
34.1 4
34.2 2
34.3 2
34.4 2
34.5 2
34.6 2
34.7 4
34.8 3
34.9 3
35 3
35.1 3
35.2 3
35.3 3
35.4 3
35.5 2
35.6 2
35.7 2
35.8 2
35.9 2
36 2
36.1 2
36.2 2
36.3 2
36.4 2
36.5 1
36.6 1
36.7 1
36.8 1
36.9 1
37 1
37.1 1
37.2 1
37.3 1
37.4 1
37.5 1
37.6 1
37.7 1
37.8 1
37.9 1
38 1
38.1 0
38.2 0
38.3 0
38.4 0
38.5 0
38.6 0
38.7 0
38.8 0
38.9 0
39 0
39.1 0
39.2 0
39.3 0
39.4 0
39.5 0
39.6 0
39.7 0
39.8 0
39.9 0
40 0
40.1 0
40.2 0
40.3 0
40.4 0
40.5 0
40.6 0
40.7 0
40.8 0
40.9 1
41 1
41.1 3
41.2 2
41.3 4
41.4 5
41.5 6
41.6 7
41.7 13
41.8 17
41.9 19
42 21
42.1 22
42.2 23
42.3 24
42.4 26
42.5 27
42.6 31
42.7 33
42.8 37
42.9 38
43 35
43.1 35
43.2 40
43.3 42
43.4 41
43.5 42
43.6 51
43.7 50
43.8 50
43.9 46
44 49
44.1 55
44.2 55
44.3 57
44.4 54
44.5 55
44.6 54
44.7 62
44.8 66
44.9 65
45 63
45.1 63
45.2 61
45.3 65
45.4 63
45.5 63
45.6 60
45.7 62
45.8 62
45.9 66
46 71
46.1 69
46.2 69
46.3 72
46.4 71
46.5 71
46.6 71
46.7 73
46.8 75
46.9 71
47 68
47.1 66
47.2 68
47.3 67
47.4 62
47.5 60
47.6 61
47.7 58
47.8 54
47.9 51
48 48
48.1 46
48.2 46
48.3 41
48.4 38
48.5 36
48.6 31
48.7 30
48.8 30
48.9 30
49 29
49.1 27
49.2 25
49.3 22
49.4 19
49.5 19
49.6 17
49.7 16
49.8 16
49.9 16
50 15
50.1 15
50.2 13
50.3 11
50.4 11
50.5 11
50.6 10
50.7 9
50.8 9
50.9 9
51 9
51.1 8
51.2 7
51.3 7
51.4 7
51.5 6
51.6 6
51.7 5
51.8 5
51.9 5
52 5
52.1 5
52.2 3
52.3 3
52.4 3
52.5 3
52.6 3
52.7 3
52.8 3
52.9 3
53 2
53.1 2
53.2 2
53.3 2
53.4 2
53.5 1
53.6 1
53.7 1
53.8 1
53.9 1
54 1
54.1 1
54.2 1
54.3 1
54.4 1
54.5 1
54.6 1
54.7 1
54.8 1
54.9 1
55 1
55.1 1
55.2 1
55.3 1
55.4 1
55.5 1
55.6 1
55.7 1
55.8 1
55.9 1
56 1
56.1 1
56.2 0
56.3 0
56.4 0
56.5 0
56.6 0
56.7 0
56.8 0
56.9 0
57 0
57.1 0
57.2 0
57.3 0
57.4 0
57.5 0
57.6 0
57.7 0
57.8 0
57.9 0
58 0
58.1 0
58.2 0
58.3 0
58.4 0
58.5 0
58.6 0
58.7 2
58.8 2
58.9 2
59 1
59.1 1
59.2 1
59.3 1
59.4 2
59.5 2
59.6 2
59.7 2
59.8 2
59.9 2
60 2
60.1 2
60.2 2
60.3 2
60.4 2
60.5 2
60.6 2
60.7 2
60.8 2
60.9 2
61 2
61.1 2
61.2 1
61.3 1
61.4 1
61.5 1
61.6 1
61.7 1
61.8 1
61.9 1
62 1
62.1 1
62.2 1
62.3 1
62.4 1
62.5 1
62.6 1
62.7 1
62.8 1
62.9 1
63 1
63.1 1
63.2 1
63.3 1
63.4 0
63.5 0
63.6 0
63.7 0
63.8 0
63.9 0
64 0
64.1 0
64.2 0
64.3 4
64.4 5
64.5 7
64.6 8
64.7 15
64.8 19
64.9 21
65 27
65.1 32
65.2 31
65.3 33
65.4 37
65.5 39
65.6 42
65.7 42
65.8 42
65.9 48
66 52
66.1 57
66.2 58
66.3 61
66.4 59
66.5 52
66.6 47
66.7 45
66.8 47
66.9 47
67 47
67.1 49
67.2 50
67.3 50
67.4 52
67.5 52
67.6 53
67.7 52
67.8 54
67.9 55
68 57
68.1 55
68.2 56
68.3 60
68.4 57
68.5 57
68.6 57
68.7 56
68.8 58
68.9 57
69 55
69.1 56
69.2 56
69.3 56
69.4 57
69.5 61
69.6 62
69.7 64
69.8 59
69.9 58
70 60
70.1 59
70.2 58
70.3 57
70.4 49
70.5 48
70.6 44
70.7 43
70.8 41
70.9 38
71 37
71.1 35
71.2 33
71.3 33
71.4 31
71.5 29
71.6 27
71.7 27
71.8 27
71.9 25
72 24
72.1 23
72.2 20
72.3 20
72.4 20
72.5 20
72.6 19
72.7 17
72.8 17
72.9 15
73 13
73.1 11
73.2 11
73.3 10
73.4 10
73.5 10
73.6 10
73.7 10
73.8 10
73.9 10
74 10
74.1 10
74.2 10
74.3 10
74.4 9
74.5 9
74.6 9
74.7 8
74.8 8
74.9 7
75 5
75.1 5
75.2 5
75.3 5
75.4 5
75.5 5
75.6 4
75.7 3
75.8 3
75.9 3
76 2
76.1 2
76.2 2
76.3 2
76.4 2
76.5 2
76.6 2
76.7 1
76.8 1
76.9 1
77 1
77.1 1
77.2 1
77.3 1
77.4 1
77.5 1
77.6 1
77.7 1
77.8 1
77.9 0
78 0
78.1 0
78.2 0
78.3 0
78.4 0
78.5 0
78.6 0
78.7 0
78.8 0
78.9 0
79 0
79.1 0
79.2 0
79.3 0
79.4 0
79.5 0
79.6 0
79.7 0
79.8 0
79.9 0
80 0
80.1 0
80.2 0
80.3 0
80.4 0
80.5 0
80.6 0
80.7 0
80.8 0
80.9 0
81 0
81.1 0
81.2 0
81.3 0
81.4 0
81.5 0
81.6 0
81.7 0
81.8 0
81.9 0
82 0
82.1 0
82.2 0
82.3 0
82.4 0
82.5 0
82.6 0
82.7 0
82.8 0
82.9 0
83 1
83.1 1
83.2 1
83.3 1
83.4 1
83.5 2
83.6 2
83.7 2
83.8 2
83.9 2
84 3
84.1 3
84.2 3
84.3 3
84.4 3
84.5 3
84.6 3
84.7 3
84.8 3
84.9 3
85 5
85.1 5
85.2 5
85.3 5
85.4 4
85.5 4
85.6 4
85.7 5
85.8 5
85.9 7
86 13
86.1 15
86.2 16
86.3 19
86.4 18
86.5 19
86.6 22
86.7 22
86.8 22
86.9 23
87 26
87.1 27
87.2 31
87.3 35
87.4 37
87.5 35
87.6 37
87.7 35
87.8 38
87.9 40
88 38
88.1 39
88.2 41
88.3 42
88.4 42
88.5 45
88.6 46
88.7 54
88.8 55
88.9 57
89 56
89.1 60
89.2 59
89.3 61
89.4 61
89.5 61
89.6 61
89.7 57
89.8 57
89.9 56
90 61
90.1 61
90.2 61
90.3 62
90.4 66
90.5 66
90.6 64
90.7 65
90.8 64
90.9 63
91 61
91.1 58
91.2 55
91.3 59
91.4 57
91.5 55
91.6 54
91.7 54
91.8 52
91.9 51
92 51
92.1 48
92.2 46
92.3 46
92.4 47
92.5 47
92.6 47
92.7 49
92.8 48
92.9 46
93 44
93.1 41
93.2 39
93.3 37
93.4 36
93.5 35
93.6 33
93.7 31
93.8 29
93.9 28
94 26
94.1 26
94.2 21
94.3 21
94.4 21
94.5 21
94.6 20
94.7 18
94.8 16
94.9 15
95 15
95.1 14
95.2 14
95.3 14
95.4 14
95.5 13
95.6 11
95.7 11
95.8 11
95.9 9
96 9
96.1 9
96.2 9
96.3 9
96.4 8
96.5 8
96.6 8
96.7 8
96.8 7
96.9 7
97 7
97.1 6
97.2 6
97.3 6
97.4 6
97.5 5
97.6 5
97.7 5
97.8 5
97.9 5
98 4
98.1 4
98.2 4
98.3 4
98.4 3
98.5 3
98.6 2
98.7 2
98.8 2
98.9 2
99 2
99.1 2
99.2 2
99.3 1
99.4 1
99.5 1
99.6 1
99.7 1
99.8 1
99.9 1
100 1
100.1 1
100.2 1
100.3 1
100.4 1
100.5 0
100.6 0
100.7 0
100.8 0
100.9 0
101 0
101.1 0
101.2 0
101.3 0
101.4 0
101.5 0
101.6 0
101.7 0
101.8 0
101.9 0
102 0
102.1 0
102.2 0
102.3 0
102.4 0
102.5 0
102.6 0
102.7 0
102.8 0
102.9 0
103 0
103.1 0
103.2 0
103.3 0
103.4 0
103.5 0
103.6 0
103.7 0
103.8 0
103.9 0
104 0
104.1 0
104.2 0
104.3 0
104.4 0
104.5 0
104.6 0
104.7 0
104.8 0
104.9 0
105 0
105.1 0
105.2 0
105.3 0
105.4 0
105.5 0
105.6 0
105.7 0
105.8 0
105.9 0
106 0
106.1 0
106.2 0
106.3 0
106.4 0
106.5 0
106.6 0
106.7 0
106.8 0
106.9 0
107 0
107.1 0
107.2 0
107.3 0
107.4 0
107.5 0
107.6 1
107.7 1
107.8 1
107.9 1
108 1
108.1 1
108.2 1
108.3 1
108.4 1
108.5 1
108.6 1
108.7 1
108.8 1
108.9 1
109 1
109.1 1
109.2 4
109.3 6
109.4 7
109.5 9
109.6 11
109.7 14
109.8 18
109.9 19
110 20
110.1 22
110.2 25
110.3 31
110.4 29
110.5 37
110.6 39
110.7 41
110.8 44
110.9 45
111 41
111.1 45
111.2 43
111.3 46
111.4 46
111.5 45
111.6 45
111.7 43
111.8 48
111.9 44
112 45
112.1 46
112.2 45
112.3 46
112.4 48
112.5 51
112.6 54
112.7 54
112.8 55
112.9 51
113 51
113.1 54
113.2 57
113.3 58
113.4 58
113.5 53
113.6 54
113.7 48
113.8 51
113.9 51
114 48
114.1 49
114.2 50
114.3 52
114.4 52
114.5 53
114.6 49
114.7 47
114.8 48
114.9 48
115 50
115.1 51
115.2 48
115.3 46
115.4 46
115.5 46
115.6 42
115.7 41
115.8 39
115.9 37
116 39
116.1 38
116.2 34
116.3 32
116.4 31
116.5 29
116.6 27
116.7 24
116.8 22
116.9 21
117 21
117.1 20
117.2 20
117.3 19
117.4 14
117.5 14
117.6 14
117.7 11
117.8 11
117.9 11
118 10
118.1 9
118.2 9
118.3 9
118.4 9
118.5 8
118.6 8
118.7 8
118.8 8
118.9 7
119 6
119.1 5
119.2 4
119.3 4
119.4 3
119.5 3
119.6 3
119.7 3
119.8 3
119.9 3
120 2
120.1 2
120.2 2
120.3 2
120.4 2
120.5 2
120.6 2
120.7 2
120.8 2
120.9 1
121 0
121.1 0
121.2 0
121.3 0
121.4 0
121.5 1
121.6 1
121.7 1
121.8 1
121.9 1
122 2
122.1 2
122.2 2
122.3 2
122.4 1
122.5 1
122.6 1
122.7 1
122.8 1
122.9 1
123 1
123.1 1
123.2 1
123.3 1
123.4 1
123.5 1
123.6 1
123.7 1
123.8 1
123.9 1
124 0
124.1 0
124.2 0
124.3 0
124.4 0
124.5 0
124.6 0
124.7 0
124.8 0
124.9 0
125 0
125.1 0
125.2 0
125.3 0
125.4 0
125.5 0
125.6 0
125.7 0
125.8 0
125.9 0
126 0
126.1 0
126.2 0
126.3 0
126.4 0
126.5 0
126.6 0
126.7 0
126.8 0
126.9 0
127 0
127.1 0
127.2 0
127.3 0
127.4 0
127.5 0
127.6 0
127.7 0
127.8 0
127.9 0
128 0
128.1 0
128.2 0
128.3 0
128.4 0
128.5 0
128.6 0
128.7 0
128.8 0
128.9 0
129 1
129.1 2
129.2 2
129.3 3
129.4 3
129.5 2
129.6 2
129.7 2
129.8 2
129.9 4
130 4
130.1 5
130.2 8
130.3 7
130.4 7
130.5 10
130.6 10
130.7 11
130.8 13
130.9 14
131 19
131.1 19
131.2 22
131.3 23
131.4 26
131.5 25
131.6 28
131.7 28
131.8 30
131.9 32
132 38
132.1 36
132.2 39
132.3 38
132.4 36
132.5 39
132.6 39
132.7 43
132.8 45
132.9 44
133 46
133.1 47
133.2 48
133.3 49
133.4 50
133.5 52
133.6 52
133.7 53
133.8 53
133.9 56
134 57
134.1 54
134.2 55
134.3 54
134.4 54
134.5 53
134.6 51
134.7 49
134.8 45
134.9 45
135 47
135.1 49
135.2 48
135.3 46
135.4 42
135.5 41
135.6 44
135.7 43
135.8 45
135.9 46
136 44
136.1 42
136.2 41
136.3 45
136.4 44
136.5 40
136.6 39
136.7 34
136.8 30
136.9 26
137 24
137.1 23
137.2 22
137.3 21
137.4 19
137.5 18
137.6 16
137.7 16
137.8 16
137.9 15
138 14
138.1 14
138.2 14
138.3 12
138.4 12
138.5 12
138.6 11
138.7 10
138.8 9
138.9 9
139 9
139.1 8
139.2 8
139.3 8
139.4 8
139.5 7
139.6 7
139.7 6
139.8 5
139.9 4
140 4
140.1 3
140.2 3
140.3 3
140.4 3
140.5 3
140.6 3
140.7 3
140.8 3
140.9 3
141 2
141.1 2
141.2 2
141.3 2
141.4 2
141.5 2
141.6 2
141.7 2
141.8 2
141.9 2
142 2
142.1 2
142.2 2
142.3 2
142.4 2
142.5 2
142.6 2
142.7 2
142.8 2
142.9 2
143 2
143.1 2
143.2 2
143.3 2
143.4 1
143.5 4
143.6 4
143.7 4
143.8 4
143.9 4
144 4
144.1 4
144.2 4
144.3 4
144.4 4
144.5 4
144.6 4
144.7 4
144.8 4
144.9 4
145 4
145.1 4
145.2 4
145.3 4
145.4 4
145.5 4
145.6 4
145.7 3
145.8 3
145.9 3
146 3
146.1 3
146.2 3
146.3 3
146.4 3
146.5 3
146.6 3
146.7 2
146.8 2
146.9 2
147 2
147.1 2
147.2 2
147.3 2
147.4 2
147.5 2
147.6 2
147.7 2
147.8 5
147.9 4
148 6
148.1 6
148.2 5
148.3 8
148.4 9
148.5 11
148.6 10
148.7 14
148.8 17
148.9 17
149 22
149.1 30
149.2 32
149.3 36
149.4 35
149.5 39
149.6 39
149.7 36
149.8 39
149.9 41
150 44
150.1 43
150.2 43
150.3 43
150.4 46
150.5 49
150.6 47
150.7 45
150.8 46
150.9 48
151 49
151.1 45
151.2 47
151.3 45
151.4 44
151.5 44
151.6 45
151.7 44
151.8 40
151.9 39
152 42
152.1 40
152.2 41
152.3 41
152.4 40
152.5 38
152.6 38
152.7 39
152.8 41
152.9 44
153 44
153.1 44
153.2 41
153.3 43
153.4 47
153.5 53
153.6 50
153.7 53
153.8 52
153.9 46
154 48
154.1 45
154.2 46
154.3 47
154.4 47
154.5 42
154.6 40
154.7 38
154.8 35
154.9 33
155 30
155.1 28
155.2 26
155.3 25
155.4 24
155.5 23
155.6 22
155.7 22
155.8 21
155.9 20
156 20
156.1 20
156.2 20
156.3 20
156.4 19
156.5 19
156.6 18
156.7 18
156.8 17
156.9 15
157 15
157.1 15
157.2 11
157.3 10
157.4 10
157.5 8
157.6 8
157.7 8
157.8 7
157.9 7
158 7
158.1 7
158.2 7
158.3 7
158.4 6
158.5 5
158.6 5
158.7 5
158.8 5
158.9 5
159 5
159.1 5
159.2 4
159.3 4
159.4 4
159.5 4
159.6 4
159.7 4
159.8 4
159.9 4
160 3
160.1 3
160.2 3
160.3 3
160.4 3
160.5 3
160.6 3
160.7 3
160.8 2
160.9 2
161 2
161.1 1
161.2 1
161.3 1
161.4 1
161.5 0
161.6 0
161.7 0
161.8 0
161.9 0
162 0
162.1 0
162.2 0
162.3 0
162.4 0
162.5 0
162.6 0
162.7 0
162.8 0
162.9 0
163 0
163.1 0
163.2 0
163.3 0
163.4 0
163.5 0
163.6 0
163.7 1
163.8 1
163.9 1
164 1
164.1 1
164.2 1
164.3 2
164.4 2
164.5 2
164.6 2
164.7 2
164.8 2
164.9 2
165 2
165.1 2
165.2 2
165.3 2
165.4 2
165.5 2
165.6 2
165.7 2
165.8 2
165.9 1
166 1
166.1 1
166.2 1
166.3 1
166.4 1
166.5 1
166.6 1
166.7 1
166.8 1
166.9 1
167 1
167.1 1
167.2 1
167.3 3
167.4 6
167.5 6
167.6 8
167.7 8
167.8 8
167.9 8
168 11
168.1 11
168.2 11
168.3 11
168.4 11
168.5 10
168.6 10
168.7 9
168.8 13
168.9 12
169 16
169.1 16
169.2 17
169.3 20
169.4 24
169.5 25
169.6 27
169.7 30
169.8 31
169.9 32
170 36
170.1 39
170.2 41
170.3 47
170.4 43
170.5 43
170.6 50
170.7 50
170.8 51
170.9 47
171 50
171.1 50
171.2 48
171.3 46
171.4 47
171.5 49
171.6 50
171.7 51
171.8 57
171.9 61
172 58
172.1 65
172.2 61
172.3 63
172.4 63
172.5 62
172.6 62
172.7 65
172.8 61
172.9 62
173 63
173.1 63
173.2 60
173.3 58
173.4 59
173.5 57
173.6 57
173.7 54
173.8 52
173.9 56
174 54
174.1 50
174.2 45
174.3 44
174.4 42
174.5 42
174.6 41
174.7 37
174.8 35
174.9 34
175 34
175.1 34
175.2 33
175.3 31
175.4 30
175.5 30
175.6 28
175.7 26
175.8 26
175.9 25
176 23
176.1 21
176.2 20
176.3 19
176.4 16
176.5 15
176.6 14
176.7 13
176.8 10
176.9 10
177 10
177.1 10
177.2 10
177.3 10
177.4 9
177.5 8
177.6 8
177.7 8
177.8 8
177.9 8
178 7
178.1 7
178.2 6
178.3 6
178.4 6
178.5 5
178.6 5
178.7 4
178.8 4
178.9 4
179 4
179.1 4
179.2 4
179.3 4
179.4 4
179.5 4
179.6 4
179.7 4
179.8 4
179.9 4
180 4
180.1 4
180.2 4
180.3 4
180.4 3
180.5 3
180.6 3
180.7 2
180.8 2
180.9 2
181 2
181.1 2
181.2 2
181.3 2
181.4 2
181.5 2
181.6 2
181.7 2
181.8 2
181.9 2
182 2
182.1 2
182.2 2
182.3 2
182.4 1
182.5 1
182.6 1
182.7 1
182.8 1
182.9 1
183 1
183.1 1
183.2 1
183.3 1
183.4 1
183.5 1
183.6 1
183.7 1
183.8 1
183.9 1
184 1
184.1 1
184.2 1
184.3 2
184.4 2
184.5 2
184.6 3
184.7 3
184.8 3
184.9 3
185 3
185.1 3
185.2 3
185.3 2
185.4 2
185.5 2
185.6 2
185.7 2
185.8 2
185.9 2
186 2
186.1 2
186.2 2
186.3 2
186.4 1
186.5 1
186.6 1
186.7 1
186.8 1
186.9 1
187 1
187.1 1
187.2 1
187.3 1
187.4 1
187.5 1
187.6 1
187.7 1
187.8 1
187.9 1
188 1
188.1 1
188.2 1
188.3 1
188.4 1
188.5 1
188.6 1
188.7 1
188.8 7
188.9 7
189 6
189.1 7
189.2 8
189.3 8
189.4 7
189.5 6
189.6 6
189.7 5
189.8 5
189.9 8
190 9
190.1 10
190.2 10
190.3 9
190.4 11
190.5 16
190.6 16
190.7 18
190.8 17
190.9 22
191 26
191.1 29
191.2 30
191.3 30
191.4 34
191.5 38
191.6 42
191.7 39
191.8 41
191.9 39
192 40
192.1 43
192.2 46
192.3 47
192.4 48
192.5 50
192.6 54
192.7 57
192.8 65
192.9 64
193 62
193.1 65
193.2 63
193.3 64
193.4 65
193.5 63
193.6 64
193.7 64
193.8 66
193.9 63
194 63
194.1 61
194.2 59
194.3 53
194.4 53
194.5 50
194.6 48
194.7 45
194.8 42
194.9 36
195 35
195.1 32
195.2 29
195.3 25
195.4 23
195.5 22
195.6 20
195.7 20
195.8 20
195.9 18
196 18
196.1 17
196.2 17
196.3 15
196.4 15
196.5 14
196.6 13
196.7 13
196.8 13
196.9 12
197 12
197.1 11
197.2 10
197.3 10
197.4 10
197.5 10
197.6 9
197.7 9
197.8 9
197.9 9
198 8
198.1 7
198.2 7
198.3 6
198.4 5
198.5 5
198.6 5
198.7 5
198.8 5
198.9 4
199 4
199.1 4
199.2 4
199.3 3
199.4 3
199.5 3
199.6 2
199.7 2
199.8 2
199.9 2
200 2
