0 0
0.1 0
0.2 0
0.3 0
0.4 0
0.5 1
0.6 1
0.7 0
0.8 0
0.9 0
1 1
1.1 0
1.2 2
1.3 1
1.4 3
1.5 1
1.6 1
1.7 1
1.8 0
1.9 2
2 2
2.1 2
2.2 0
2.3 3
2.4 5
2.5 5
2.6 2
2.7 1
2.8 4
2.9 2
3 2
3.1 3
3.2 1
3.3 5
3.4 7
3.5 3
3.6 3
3.7 4
3.8 4
3.9 6
4 5
4.1 4
4.2 5
4.3 6
4.4 4
4.5 3
4.6 5
4.7 6
4.8 7
4.9 7
5 6
5.1 7
5.2 2
5.3 7
5.4 13
5.5 7
5.6 10
5.7 18
5.8 7
5.9 11
6 13
6.1 13
6.2 10
6.3 19
6.4 14
6.5 8
6.6 16
6.7 17
6.8 14
6.9 19
7 25
7.1 29
7.2 29
7.3 47
7.4 45
7.5 59
7.6 61
7.7 97
7.8 105
7.9 202
8 335
8.1 487
8.2 590
8.3 737
8.4 849
8.5 962
8.6 1052
8.7 1128
8.8 1196
8.9 1225
9 1278
9.1 1321
9.2 1391
9.3 1401
9.4 1414
9.5 1443
9.6 1452
9.7 1448
9.8 1477
9.9 1462
10 1432
10.1 1443
10.2 1445
10.3 1428
10.4 1393
10.5 1363
10.6 1362
10.7 1376
10.8 1391
10.9 1379
11 1355
11.1 1339
11.2 1316
11.3 1292
11.4 1278
11.5 1284
11.6 1266
11.7 1262
11.8 1241
11.9 1211
12 1175
12.1 1179
12.2 1167
12.3 1163
12.4 1118
12.5 1047
12.6 1024
12.7 991
12.8 981
12.9 955
13 902
13.1 868
13.2 869
13.3 861
13.4 856
13.5 829
13.6 833
13.7 838
13.8 850
13.9 847
14 846
14.1 833
14.2 833
14.3 820
14.4 821
14.5 818
14.6 803
14.7 793
14.8 795
14.9 795
15 780
15.1 725
15.2 698
15.3 679
15.4 679
15.5 667
15.6 663
15.7 645
15.8 633
15.9 634
16 625
16.1 611
16.2 600
16.3 596
16.4 585
16.5 592
16.6 576
16.7 572
16.8 554
16.9 541
17 540
17.1 524
17.2 514
17.3 499
17.4 504
17.5 493
17.6 479
17.7 477
17.8 468
17.9 467
18 452
18.1 420
18.2 372
18.3 379
18.4 349
18.5 308
18.6 299
18.7 278
18.8 277
18.9 264
19 253
19.1 237
19.2 231
19.3 207
19.4 218
19.5 237
19.6 227
19.7 238
19.8 248
19.9 259
20 278
20.1 280
20.2 204
20.3 148
20.4 128
20.5 123
20.6 147
20.7 147
20.8 140
20.9 133
21 143
21.1 146
21.2 109
21.3 63
21.4 58
21.5 61
21.6 71
21.7 79
21.8 93
21.9 94
22 110
22.1 138
22.2 151
22.3 173
22.4 181
22.5 176
22.6 168
22.7 170
22.8 171
22.9 183
23 196
23.1 201
23.2 202
23.3 211
23.4 215
23.5 225
23.6 218
23.7 215
23.8 222
23.9 214
24 214
24.1 211
24.2 192
24.3 173
24.4 152
24.5 127
24.6 95
24.7 70
24.8 70
24.9 80
25 75
25.1 54
25.2 37
25.3 21
25.4 14
25.5 13
25.6 9
25.7 10
25.8 4
25.9 7
26 7
26.1 8
26.2 2
26.3 5
26.4 8
26.5 5
26.6 3
26.7 5
26.8 2
26.9 7
27 7
27.1 6
27.2 1
27.3 5
27.4 5
27.5 4
27.6 5
27.7 2
27.8 6
27.9 4
28 8
28.1 4
28.2 6
28.3 10
28.4 14
28.5 8
28.6 16
28.7 12
28.8 17
28.9 13
29 19
29.1 14
29.2 19
29.3 24
29.4 24
29.5 22
29.6 23
29.7 25
29.8 23
29.9 42
30 71
30.1 106
30.2 208
30.3 340
30.4 464
30.5 569
30.6 684
30.7 771
30.8 825
30.9 884
31 938
31.1 994
31.2 1039
31.3 1050
31.4 1042
31.5 1033
31.6 1043
31.7 1087
31.8 1106
31.9 1130
32 1147
32.1 1109
32.2 1002
32.3 969
32.4 995
32.5 1034
32.6 1061
32.7 1088
32.8 1100
32.9 1092
33 1085
33.1 1096
33.2 1097
33.3 1107
33.4 1116
33.5 1123
33.6 1130
33.7 1126
33.8 1106
33.9 1118
34 1109
34.1 1103
34.2 1107
34.3 1092
34.4 1076
34.5 1060
34.6 1069
34.7 1076
34.8 1064
34.9 1045
35 1034
35.1 1019
35.2 1006
35.3 992
35.4 948
35.5 957
35.6 949
35.7 945
35.8 919
35.9 890
36 848
36.1 816
36.2 782
36.3 757
36.4 751
36.5 727
36.6 695
36.7 680
36.8 669
36.9 668
37 680
37.1 681
37.2 663
37.3 669
37.4 664
37.5 652
37.6 617
37.7 584
37.8 572
37.9 556
38 556
38.1 579
38.2 572
38.3 565
38.4 571
38.5 556
38.6 546
38.7 535
38.8 515
38.9 474
39 459
39.1 450
39.2 443
39.3 426
39.4 370
39.5 344
39.6 301
39.7 298
39.8 298
39.9 310
40 310
40.1 320
40.2 317
40.3 322
40.4 348
40.5 357
40.6 347
40.7 355
40.8 378
40.9 385
41 392
41.1 406
41.2 401
41.3 399
41.4 414
41.5 415
41.6 413
41.7 409
41.8 414
41.9 416
42 422
42.1 410
42.2 399
42.3 394
42.4 395
42.5 391
42.6 381
42.7 380
42.8 367
42.9 356
43 338
43.1 324
43.2 307
43.3 295
43.4 289
43.5 272
43.6 246
43.7 242
43.8 227
43.9 202
44 195
44.1 207
44.2 206
44.3 211
44.4 206
44.5 203
44.6 203
44.7 207
44.8 224
44.9 230
45 237
45.1 224
45.2 223
45.3 223
45.4 225
45.5 239
45.6 222
45.7 197
45.8 135
45.9 74
46 25
46.1 16
46.2 14
46.3 9
46.4 10
46.5 4
46.6 9
46.7 4
46.8 4
46.9 3
47 4
47.1 2
47.2 1
47.3 8
47.4 0
47.5 1
47.6 2
47.7 3
47.8 4
47.9 6
48 2
48.1 4
48.2 13
48.3 4
48.4 8
48.5 2
48.6 11
48.7 4
48.8 3
48.9 8
49 7
49.1 7
49.2 8
49.3 7
49.4 14
49.5 13
49.6 17
49.7 8
49.8 12
49.9 14
50 16
50.1 15
50.2 14
50.3 14
50.4 24
50.5 18
50.6 25
50.7 27
50.8 24
50.9 35
51 53
51.1 66
51.2 119
51.3 117
51.4 137
51.5 188
51.6 284
51.7 429
51.8 558
51.9 650
52 669
52.1 624
52.2 665
52.3 739
52.4 786
52.5 862
52.6 917
52.7 955
52.8 1014
52.9 1057
53 1096
53.1 1102
53.2 1128
53.3 1148
53.4 1143
53.5 1157
53.6 1176
53.7 1169
53.8 1188
53.9 1188
54 1186
54.1 1189
54.2 1175
54.3 1156
54.4 1148
54.5 1134
54.6 1135
54.7 1136
54.8 1140
54.9 1123
55 1079
55.1 1055
55.2 1030
55.3 1021
55.4 1004
55.5 995
55.6 981
55.7 976
55.8 957
55.9 933
56 910
56.1 884
56.2 855
56.3 843
56.4 839
56.5 844
56.6 840
56.7 839
56.8 824
56.9 797
57 780
57.1 783
57.2 775
57.3 756
57.4 734
57.5 711
57.6 706
57.7 699
57.8 690
57.9 679
58 666
58.1 647
58.2 627
58.3 606
58.4 588
58.5 585
58.6 589
58.7 611
58.8 604
58.9 580
59 567
59.1 488
59.2 458
59.3 447
59.4 456
59.5 445
59.6 446
59.7 432
59.8 434
59.9 426
60 425
60.1 411
60.2 409
60.3 403
60.4 396
60.5 329
60.6 309
60.7 303
60.8 298
60.9 322
61 337
61.1 351
61.2 361
61.3 357
61.4 356
61.5 333
61.6 322
61.7 336
61.8 342
61.9 343
62 331
62.1 321
62.2 338
62.3 319
62.4 312
62.5 314
62.6 312
62.7 306
62.8 283
62.9 265
63 153
63.1 87
63.2 76
63.3 51
63.4 45
63.5 38
63.6 22
63.7 11
63.8 16
63.9 28
64 16
64.1 10
64.2 16
64.3 7
64.4 6
64.5 5
64.6 2
64.7 3
64.8 13
64.9 6
65 6
65.1 9
65.2 9
65.3 8
65.4 3
65.5 7
65.6 3
65.7 5
65.8 4
65.9 7
66 3
66.1 5
66.2 6
66.3 6
66.4 4
66.5 7
66.6 7
66.7 12
66.8 5
66.9 10
67 6
67.1 12
67.2 5
67.3 10
67.4 9
67.5 3
67.6 6
67.7 10
67.8 12
67.9 3
68 7
68.1 10
68.2 9
68.3 14
68.4 16
68.5 17
68.6 29
68.7 18
68.8 27
68.9 24
69 19
69.1 23
69.2 32
69.3 29
69.4 50
69.5 102
69.6 136
69.7 241
69.8 366
69.9 502
70 619
70.1 719
70.2 786
70.3 871
70.4 947
70.5 1013
70.6 1059
70.7 1132
70.8 1170
70.9 1194
71 1236
71.1 1259
71.2 1300
71.3 1320
71.4 1344
71.5 1374
71.6 1377
71.7 1368
71.8 1364
71.9 1365
72 1353
72.1 1344
72.2 1331
72.3 1300
72.4 1292
72.5 1282
72.6 1269
72.7 1237
72.8 1224
72.9 1209
73 1204
73.1 1205
73.2 1183
73.3 1138
73.4 1100
73.5 1049
73.6 1020
73.7 1015
73.8 1009
73.9 997
74 1013
74.1 1011
74.2 996
74.3 975
74.4 939
74.5 932
74.6 921
74.7 911
74.8 874
74.9 862
75 849
75.1 826
75.2 807
75.3 786
75.4 774
75.5 772
75.6 745
75.7 721
75.8 689
75.9 680
76 669
76.1 650
76.2 645
76.3 629
76.4 609
76.5 592
76.6 588
76.7 571
76.8 562
76.9 560
77 567
77.1 564
77.2 557
77.3 535
77.4 529
77.5 511
77.6 514
77.7 517
77.8 520
77.9 503
78 494
78.1 500
78.2 498
78.3 498
78.4 497
78.5 474
78.6 472
78.7 447
78.8 426
78.9 421
79 415
79.1 417
79.2 427
79.3 435
79.4 442
79.5 450
79.6 441
79.7 447
79.8 430
79.9 434
80 442
80.1 445
80.2 417
80.3 393
80.4 361
80.5 327
80.6 328
80.7 331
80.8 326
80.9 302
81 300
81.1 253
81.2 210
81.3 188
81.4 150
81.5 128
81.6 148
81.7 148
81.8 143
81.9 152
82 161
82.1 162
82.2 162
82.3 130
82.4 113
82.5 110
82.6 109
82.7 121
82.8 120
82.9 127
83 144
83.1 156
83.2 166
83.3 177
83.4 166
83.5 179
83.6 177
83.7 162
83.8 148
83.9 134
84 136
84.1 150
84.2 167
84.3 181
84.4 176
84.5 158
84.6 147
84.7 146
84.8 140
84.9 141
85 145
85.1 146
85.2 133
85.3 119
85.4 114
85.5 122
85.6 128
85.7 135
85.8 141
85.9 134
86 141
86.1 112
86.2 34
86.3 12
86.4 8
86.5 2
86.6 6
86.7 6
86.8 6
86.9 3
87 6
87.1 4
87.2 4
87.3 4
87.4 2
87.5 4
87.6 5
87.7 2
87.8 5
87.9 4
88 4
88.1 6
88.2 4
88.3 2
88.4 8
88.5 3
88.6 4
88.7 7
88.8 3
88.9 5
89 4
89.1 2
89.2 8
89.3 5
89.4 6
89.5 6
89.6 12
89.7 10
89.8 6
89.9 10
90 9
90.1 6
90.2 6
90.3 12
90.4 9
90.5 8
90.6 17
90.7 12
90.8 17
90.9 14
91 10
91.1 10
91.2 11
91.3 16
91.4 14
91.5 18
91.6 30
91.7 26
91.8 41
91.9 35
92 33
92.1 65
92.2 62
92.3 74
92.4 103
92.5 169
92.6 298
92.7 427
92.8 531
92.9 637
93 722
93.1 804
93.2 868
93.3 917
93.4 960
93.5 998
93.6 1059
93.7 1097
93.8 1136
93.9 1165
94 1199
94.1 1224
94.2 1251
94.3 1262
94.4 1250
94.5 1250
94.6 1250
94.7 1271
94.8 1290
94.9 1295
95 1287
95.1 1280
95.2 1258
95.3 1239
95.4 1213
95.5 1173
95.6 1160
95.7 1153
95.8 1131
95.9 1109
96 1111
96.1 1108
96.2 1090
96.3 1084
96.4 1063
96.5 1060
96.6 1068
96.7 1058
96.8 1055
96.9 1047
97 1042
97.1 1022
97.2 1010
97.3 995
97.4 957
97.5 913
97.6 892
97.7 900
97.8 881
97.9 841
98 828
98.1 796
98.2 788
98.3 781
98.4 756
98.5 745
98.6 732
98.7 719
98.8 716
98.9 702
99 679
99.1 671
99.2 648
99.3 631
99.4 608
99.5 620
99.6 613
99.7 604
99.8 596
99.9 600
100 615
100.1 611
100.2 604
100.3 599
100.4 601
100.5 593
100.6 584
100.7 536
100.8 530
100.9 525
101 521
101.1 510
101.2 513
101.3 529
101.4 503
101.5 472
101.6 445
101.7 459
101.8 454
101.9 445
102 413
102.1 425
102.2 421
102.3 402
102.4 401
102.5 394
102.6 395
102.7 401
102.8 404
102.9 397
103 381
103.1 387
103.2 381
103.3 376
103.4 367
103.5 359
103.6 363
103.7 375
103.8 382
103.9 380
104 373
104.1 374
104.2 367
104.3 363
104.4 353
104.5 346
104.6 332
104.7 324
104.8 321
104.9 307
105 296
105.1 296
105.2 295
105.3 295
105.4 296
105.5 292
105.6 283
105.7 271
105.8 266
105.9 270
106 273
106.1 267
106.2 240
106.3 236
106.4 222
106.5 190
106.6 132
106.7 109
106.8 92
106.9 70
107 60
107.1 43
107.2 29
107.3 27
107.4 25
107.5 8
107.6 8
107.7 8
107.8 8
107.9 3
108 6
108.1 5
108.2 0
108.3 10
108.4 8
108.5 6
108.6 9
108.7 5
108.8 6
108.9 2
109 5
109.1 2
109.2 7
109.3 6
109.4 8
109.5 6
109.6 8
109.7 7
109.8 7
109.9 4
110 3
110.1 8
110.2 4
110.3 7
110.4 2
110.5 2
110.6 7
110.7 8
110.8 5
110.9 8
111 9
111.1 13
111.2 5
111.3 14
111.4 13
111.5 15
111.6 13
111.7 9
111.8 18
111.9 17
112 27
112.1 31
112.2 43
112.3 101
112.4 187
112.5 284
112.6 393
112.7 491
112.8 614
112.9 698
113 798
113.1 872
113.2 931
113.3 943
113.4 976
113.5 1006
113.6 1019
113.7 1052
113.8 1049
113.9 1082
114 1106
114.1 1138
114.2 1156
114.3 1146
114.4 1129
114.5 1105
114.6 1114
114.7 1100
114.8 1106
114.9 1112
115 1124
115.1 1118
115.2 1114
115.3 1106
115.4 1118
115.5 1119
115.6 1120
115.7 1109
115.8 1092
115.9 1061
116 1019
116.1 1018
116.2 928
116.3 781
116.4 719
116.5 706
116.6 673
116.7 645
116.8 661
116.9 710
117 733
117.1 758
117.2 774
117.3 778
117.4 802
117.5 787
117.6 790
117.7 771
117.8 753
117.9 760
118 756
118.1 750
118.2 756
118.3 747
118.4 749
118.5 742
118.6 718
118.7 732
118.8 732
118.9 715
119 707
119.1 698
119.2 689
119.3 679
119.4 669
119.5 659
119.6 659
119.7 652
119.8 616
119.9 580
120 568
120.1 541
120.2 531
120.3 513
120.4 517
120.5 499
120.6 467
120.7 452
120.8 436
120.9 437
121 429
121.1 427
121.2 428
121.3 411
121.4 411
121.5 400
121.6 407
121.7 415
121.8 436
121.9 442
122 433
122.1 426
122.2 414
122.3 398
122.4 395
122.5 383
122.6 382
122.7 388
122.8 383
122.9 384
123 357
123.1 359
123.2 356
123.3 337
123.4 334
123.5 331
123.6 279
123.7 279
123.8 265
123.9 264
124 252
124.1 239
124.2 253
124.3 266
124.4 278
124.5 286
124.6 287
124.7 300
124.8 308
124.9 316
125 308
125.1 303
125.2 300
125.3 315
125.4 318
125.5 323
125.6 320
125.7 311
125.8 305
125.9 245
126 210
126.1 216
126.2 221
126.3 215
126.4 207
126.5 204
126.6 209
126.7 198
126.8 189
126.9 172
127 170
127.1 159
127.2 167
127.3 181
127.4 202
127.5 209
127.6 199
127.7 185
127.8 184
127.9 175
128 154
128.1 153
128.2 152
128.3 151
128.4 138
128.5 138
128.6 115
128.7 77
128.8 67
128.9 82
129 57
129.1 53
129.2 39
129.3 34
129.4 26
129.5 17
129.6 21
129.7 14
129.8 3
129.9 8
130 8
130.1 2
130.2 9
130.3 6
130.4 7
130.5 5
130.6 4
130.7 1
130.8 8
130.9 6
131 8
131.1 1
131.2 9
131.3 5
131.4 2
131.5 2
131.6 3
131.7 5
131.8 7
131.9 6
132 6
132.1 4
132.2 3
132.3 1
132.4 10
132.5 9
132.6 4
132.7 5
132.8 10
132.9 4
133 5
133.1 5
133.2 11
133.3 8
133.4 5
133.5 4
133.6 3
133.7 9
133.8 12
133.9 16
134 9
134.1 14
134.2 12
134.3 12
134.4 11
134.5 12
134.6 14
134.7 13
134.8 18
134.9 17
135 21
135.1 15
135.2 18
135.3 21
135.4 26
135.5 22
135.6 19
135.7 37
135.8 40
135.9 50
136 81
136.1 131
136.2 128
136.3 162
136.4 272
136.5 395
136.6 486
136.7 579
136.8 627
136.9 683
137 766
137.1 843
137.2 916
137.3 980
137.4 1023
137.5 1053
137.6 1112
137.7 1174
137.8 1206
137.9 1238
138 1258
138.1 1289
138.2 1295
138.3 1301
138.4 1287
138.5 1289
138.6 1302
138.7 1310
138.8 1306
138.9 1294
139 1291
139.1 1289
139.2 1267
139.3 1263
139.4 1244
139.5 1225
139.6 1233
139.7 1209
139.8 1232
139.9 1225
140 1198
140.1 1183
140.2 1154
140.3 1139
140.4 1135
140.5 1133
140.6 1118
140.7 1105
140.8 1093
140.9 1093
141 1062
141.1 1040
141.2 1019
141.3 1021
141.4 1001
141.5 982
141.6 952
141.7 940
141.8 933
141.9 917
142 921
142.1 905
142.2 885
142.3 876
142.4 851
142.5 833
142.6 817
142.7 808
142.8 789
142.9 787
143 747
143.1 723
143.2 712
143.3 692
143.4 668
143.5 629
143.6 593
143.7 603
143.8 596
143.9 593
144 588
144.1 586
144.2 565
144.3 565
144.4 567
144.5 542
144.6 544
144.7 540
144.8 540
144.9 523
145 510
145.1 511
145.2 469
145.3 446
145.4 431
145.5 413
145.6 421
145.7 438
145.8 420
145.9 408
146 414
146.1 417
146.2 426
146.3 419
146.4 413
146.5 394
146.6 380
146.7 382
146.8 368
146.9 350
147 317
147.1 264
147.2 244
147.3 250
147.4 247
147.5 251
147.6 233
147.7 246
147.8 256
147.9 275
148 286
148.1 286
148.2 289
148.3 295
148.4 261
148.5 222
148.6 139
148.7 76
148.8 57
148.9 23
149 17
149.1 12
149.2 11
149.3 7
149.4 9
149.5 5
149.6 3
149.7 2
149.8 4
149.9 5
150 3
150.1 7
150.2 2
150.3 6
150.4 4
150.5 3
150.6 5
150.7 7
150.8 10
150.9 2
151 4
151.1 5
151.2 7
151.3 4
151.4 2
151.5 6
151.6 7
151.7 5
151.8 4
151.9 2
152 3
152.1 2
152.2 6
152.3 8
152.4 3
152.5 9
152.6 7
152.7 5
152.8 6
152.9 10
153 8
153.1 16
153.2 10
153.3 9
153.4 10
153.5 8
153.6 7
153.7 4
153.8 7
153.9 14
154 10
154.1 13
154.2 13
154.3 12
154.4 10
154.5 17
154.6 11
154.7 22
154.8 12
154.9 23
155 12
155.1 22
155.2 23
155.3 23
155.4 20
155.5 28
155.6 20
155.7 22
155.8 25
155.9 33
156 26
156.1 36
156.2 37
156.3 33
156.4 23
156.5 45
156.6 47
156.7 93
156.8 128
156.9 113
157 141
157.1 254
157.2 377
157.3 519
157.4 629
157.5 735
157.6 836
157.7 913
157.8 974
157.9 1069
158 1101
158.1 1135
158.2 1145
158.3 1175
158.4 1171
158.5 1190
158.6 1213
158.7 1144
158.8 996
158.9 938
159 955
159.1 992
159.2 1048
159.3 1106
159.4 1122
159.5 1168
159.6 1196
159.7 1219
159.8 1228
159.9 1239
160 1219
160.1 1210
160.2 1199
160.3 1182
160.4 1171
160.5 1169
160.6 1169
160.7 1180
160.8 1174
160.9 1155
161 1132
161.1 1107
161.2 1093
161.3 1085
161.4 1079
161.5 1057
161.6 1044
161.7 1026
161.8 1020
161.9 1025
162 1012
162.1 1011
162.2 1006
162.3 991
162.4 981
162.5 959
162.6 947
162.7 932
162.8 911
162.9 880
163 857
163.1 840
163.2 829
163.3 822
163.4 804
163.5 773
163.6 753
163.7 741
163.8 714
163.9 693
164 670
164.1 645
164.2 633
164.3 606
164.4 597
164.5 530
164.6 477
164.7 464
164.8 456
164.9 470
165 490
165.1 516
165.2 517
165.3 507
165.4 514
165.5 515
165.6 507
165.7 494
165.8 447
165.9 448
166 460
166.1 460
166.2 463
166.3 454
166.4 447
166.5 440
166.6 437
166.7 440
166.8 449
166.9 445
167 438
167.1 431
167.2 419
167.3 418
167.4 390
167.5 373
167.6 374
167.7 361
167.8 358
167.9 348
168 328
168.1 299
168.2 283
168.3 288
168.4 287
168.5 296
168.6 306
168.7 302
168.8 303
168.9 309
169 318
169.1 319
169.2 310
169.3 306
169.4 275
169.5 275
169.6 273
169.7 259
169.8 246
169.9 233
170 225
170.1 231
170.2 233
170.3 238
170.4 240
170.5 242
170.6 235
170.7 236
170.8 234
170.9 231
171 218
171.1 197
171.2 180
171.3 168
171.4 162
171.5 159
171.6 162
171.7 161
171.8 151
171.9 161
172 150
172.1 138
172.2 135
172.3 126
172.4 95
172.5 90
172.6 77
172.7 79
172.8 77
172.9 89
173 57
173.1 38
173.2 47
173.3 44
173.4 45
173.5 50
173.6 52
173.7 30
173.8 21
173.9 28
174 27
174.1 23
174.2 26
174.3 37
174.4 20
174.5 21
174.6 17
174.7 10
174.8 5
174.9 3
175 5
175.1 7
175.2 3
175.3 4
175.4 8
175.5 5
175.6 4
175.7 3
175.8 2
175.9 2
176 3
176.1 2
176.2 5
176.3 4
176.4 3
176.5 4
176.6 2
176.7 7
176.8 3
176.9 4
177 3
177.1 8
177.2 2
177.3 4
177.4 5
177.5 6
177.6 8
177.7 8
177.8 8
177.9 7
178 4
178.1 10
178.2 6
178.3 8
178.4 5
178.5 10
178.6 7
178.7 9
178.8 14
178.9 14
179 10
179.1 20
179.2 10
179.3 19
179.4 17
179.5 22
179.6 25
179.7 26
179.8 38
179.9 51
180 49
180.1 67
180.2 112
180.3 178
180.4 277
180.5 376
180.6 495
180.7 582
180.8 679
180.9 771
181 846
181.1 886
181.2 925
181.3 988
181.4 1035
181.5 1084
181.6 1104
181.7 1129
181.8 1161
181.9 1172
182 1187
182.1 1184
182.2 1184
182.3 1182
182.4 1170
182.5 1176
182.6 1179
182.7 1174
182.8 1159
182.9 1155
183 1135
183.1 1132
183.2 1129
183.3 1117
183.4 1111
183.5 1083
183.6 1074
183.7 1050
183.8 1030
183.9 1037
184 1016
184.1 990
184.2 968
184.3 960
184.4 948
184.5 954
184.6 954
184.7 966
184.8 943
184.9 915
185 889
185.1 883
185.2 842
185.3 812
185.4 787
185.5 770
185.6 781
185.7 764
185.8 753
185.9 741
186 718
186.1 707
186.2 697
186.3 679
186.4 695
186.5 690
186.6 682
186.7 669
186.8 656
186.9 661
187 645
187.1 630
187.2 612
187.3 602
187.4 598
187.5 585
187.6 561
187.7 539
187.8 510
187.9 496
188 475
188.1 471
188.2 482
188.3 481
188.4 467
188.5 472
188.6 477
188.7 459
188.8 443
188.9 424
189 410
189.1 399
189.2 401
189.3 410
189.4 402
189.5 402
189.6 408
189.7 408
189.8 413
189.9 402
190 397
190.1 370
190.2 361
190.3 357
190.4 355
190.5 344
190.6 332
190.7 309
190.8 307
190.9 302
191 307
191.1 319
191.2 321
191.3 326
191.4 310
191.5 307
191.6 308
191.7 291
191.8 261
191.9 252
192 266
192.1 264
192.2 254
192.3 256
192.4 257
192.5 236
192.6 256
192.7 255
192.8 253
192.9 246
193 239
193.1 224
193.2 228
193.3 225
193.4 242
193.5 186
193.6 142
193.7 127
193.8 106
193.9 97
194 112
194.1 131
194.2 141
194.3 144
194.4 111
194.5 91
194.6 65
194.7 23
194.8 8
194.9 8
195 6
195.1 7
195.2 2
195.3 3
195.4 7
195.5 6
195.6 4
195.7 5
195.8 4
195.9 3
196 2
196.1 6
196.2 6
196.3 6
196.4 5
196.5 4
196.6 5
196.7 2
196.8 6
196.9 4
197 2
197.1 4
197.2 4
197.3 8
197.4 9
197.5 7
197.6 6
197.7 7
197.8 14
197.9 7
198 12
198.1 14
198.2 19
198.3 12
198.4 16
198.5 12
198.6 19
198.7 11
198.8 17
198.9 16
199 21
199.1 23
199.2 22
199.3 27
199.4 42
199.5 43
199.6 40
199.7 62
199.8 96
199.9 155
200 263
