0 0
0.1 10
0.2 26
0.3 43
0.4 61
0.5 86
0.6 146
0.7 244
0.8 370
0.9 465
1 569
1.1 743
1.2 924
1.3 1061
1.4 1164
1.5 1219
1.6 1257
1.7 1314
1.8 1328
1.9 1362
2 1416
2.1 1386
2.2 1413
2.3 1422
2.4 1430
2.5 1469
2.6 1481
2.7 1509
2.8 1561
2.9 1561
3 1586
3.1 1615
3.2 1620
3.3 1571
3.4 1498
3.5 1455
3.6 1475
3.7 1492
3.8 1450
3.9 1433
4 1466
4.1 1418
4.2 1397
4.3 1363
4.4 1323
4.5 1322
4.6 1335
4.7 1346
4.8 1364
4.9 1385
5 1380
5.1 1367
5.2 1244
5.3 1191
5.4 1144
5.5 1132
5.6 1114
5.7 1057
5.8 938
5.9 811
6 754
6.1 704
6.2 593
6.3 512
6.4 437
6.5 369
6.6 356
6.7 360
6.8 382
6.9 362
7 321
7.1 267
7.2 237
7.3 161
7.4 61
7.5 14
7.6 1
7.7 2
7.8 2
7.9 1
8 3
8.1 1
8.2 2
8.3 0
8.4 1
8.5 0
8.6 2
8.7 0
8.8 0
8.9 2
9 0
9.1 1
9.2 1
9.3 0
9.4 1
9.5 0
9.6 1
9.7 0
9.8 0
9.9 0
10 1
10.1 0
10.2 0
10.3 0
10.4 1
10.5 1
10.6 1
10.7 1
10.8 2
10.9 0
11 2
11.1 2
11.2 2
11.3 2
11.4 1
11.5 0
11.6 0
11.7 8
11.8 2
11.9 2
12 1
12.1 2
12.2 0
12.3 0
12.4 1
12.5 2
12.6 0
12.7 3
12.8 2
12.9 1
13 6
13.1 3
13.2 8
13.3 0
13.4 0
13.5 2
13.6 2
13.7 1
13.8 2
13.9 0
14 3
14.1 4
14.2 1
14.3 1
14.4 1
14.5 0
14.6 2
14.7 4
14.8 0
14.9 2
15 2
15.1 2
15.2 3
15.3 5
15.4 1
15.5 4
15.6 2
15.7 5
15.8 2
15.9 2
16 6
16.1 1
16.2 2
16.3 1
16.4 5
16.5 9
16.6 3
16.7 6
16.8 5
16.9 3
17 0
17.1 4
17.2 1
17.3 8
17.4 4
17.5 3
17.6 2
17.7 0
17.8 3
17.9 3
18 1
18.1 3
18.2 1
18.3 5
18.4 3
18.5 5
18.6 2
18.7 1
18.8 3
18.9 3
19 1
19.1 3
19.2 4
19.3 5
19.4 6
19.5 7
19.6 5
19.7 2
19.8 3
19.9 5
20 4
20.1 7
20.2 7
20.3 4
20.4 8
20.5 7
20.6 4
20.7 4
20.8 9
20.9 14
21 15
21.1 10
21.2 6
21.3 7
21.4 6
21.5 6
21.6 8
21.7 13
21.8 9
21.9 14
22 41
22.1 80
22.2 118
22.3 123
22.4 142
22.5 185
22.6 198
22.7 272
22.8 318
22.9 356
23 362
23.1 426
23.2 488
23.3 589
23.4 655
23.5 782
23.6 891
23.7 1023
23.8 1124
23.9 1197
24 1203
24.1 1187
24.2 1195
24.3 1209
24.4 1203
24.5 1217
24.6 1239
24.7 1205
24.8 1181
24.9 1124
25 1086
25.1 1044
25.2 1042
25.3 1059
25.4 1076
25.5 1026
25.6 1052
25.7 1077
25.8 1032
25.9 998
26 914
26.1 884
26.2 882
26.3 899
26.4 878
26.5 801
26.6 775
26.7 804
26.8 778
26.9 720
27 622
27.1 596
27.2 537
27.3 508
27.4 455
27.5 433
27.6 404
27.7 427
27.8 371
27.9 298
28 256
28.1 223
28.2 201
28.3 184
28.4 101
28.5 79
28.6 27
28.7 9
28.8 3
28.9 5
29 1
29.1 2
29.2 1
29.3 1
29.4 2
29.5 0
29.6 0
29.7 0
29.8 3
29.9 1
30 0
30.1 3
30.2 1
30.3 0
30.4 1
30.5 1
30.6 3
30.7 7
30.8 2
30.9 3
31 1
31.1 3
31.2 0
31.3 1
31.4 4
31.5 0
31.6 1
31.7 3
31.8 1
31.9 0
32 2
32.1 3
32.2 8
32.3 0
32.4 2
32.5 0
32.6 1
32.7 1
32.8 0
32.9 1
33 1
33.1 0
33.2 1
33.3 0
33.4 1
33.5 1
33.6 0
33.7 1
33.8 2
33.9 0
34 0
34.1 0
34.2 2
34.3 3
34.4 5
34.5 4
34.6 5
34.7 3
34.8 2
34.9 2
35 3
35.1 1
35.2 3
35.3 1
35.4 3
35.5 3
35.6 4
35.7 2
35.8 3
35.9 12
36 14
36.1 2
36.2 3
36.3 3
36.4 2
36.5 4
36.6 0
36.7 1
36.8 2
36.9 3
37 3
37.1 4
37.2 4
37.3 1
37.4 0
37.5 6
37.6 1
37.7 3
37.8 1
37.9 3
38 2
38.1 3
38.2 3
38.3 1
38.4 8
38.5 12
38.6 37
38.7 39
38.8 45
38.9 70
39 133
39.1 169
39.2 146
39.3 186
39.4 166
39.5 148
39.6 170
39.7 205
39.8 243
39.9 223
40 242
40.1 247
40.2 229
40.3 202
40.4 270
40.5 339
40.6 398
40.7 506
40.8 567
40.9 608
41 604
41.1 600
41.2 676
41.3 751
41.4 803
41.5 836
41.6 914
41.7 930
41.8 975
41.9 980
42 978
42.1 961
42.2 938
42.3 882
42.4 893
42.5 868
42.6 857
42.7 860
42.8 873
42.9 918
43 899
43.1 846
43.2 796
43.3 731
43.4 667
43.5 587
43.6 506
43.7 477
43.8 452
43.9 422
44 431
44.1 372
44.2 290
44.3 194
44.4 128
44.5 79
44.6 23
44.7 11
44.8 11
44.9 5
45 2
45.1 1
45.2 1
45.3 1
45.4 0
45.5 1
45.6 0
45.7 4
45.8 2
45.9 2
46 1
46.1 1
46.2 2
46.3 0
46.4 0
46.5 1
46.6 1
46.7 1
46.8 0
46.9 3
47 0
47.1 0
47.2 3
47.3 0
47.4 2
47.5 1
47.6 4
47.7 1
47.8 0
47.9 0
48 0
48.1 1
48.2 3
48.3 0
48.4 3
48.5 1
48.6 5
48.7 3
48.8 2
48.9 6
49 1
49.1 5
49.2 0
49.3 4
49.4 2
49.5 0
49.6 2
49.7 2
49.8 4
49.9 2
50 5
50.1 3
50.2 6
50.3 5
50.4 10
50.5 4
50.6 2
50.7 7
50.8 3
50.9 0
51 14
51.1 7
51.2 9
51.3 12
51.4 8
51.5 3
51.6 5
51.7 4
51.8 8
51.9 7
52 2
52.1 8
52.2 5
52.3 12
52.4 4
52.5 11
52.6 11
52.7 6
52.8 6
52.9 6
53 3
53.1 3
53.2 8
53.3 4
53.4 6
53.5 6
53.6 10
53.7 12
53.8 8
53.9 3
54 2
54.1 8
54.2 4
54.3 5
54.4 7
54.5 4
54.6 6
54.7 3
54.8 0
54.9 1
55 4
55.1 6
55.2 3
55.3 2
55.4 4
55.5 3
55.6 7
55.7 4
55.8 7
55.9 4
56 22
56.1 47
56.2 50
56.3 36
56.4 28
56.5 36
56.6 28
56.7 30
56.8 19
56.9 9
57 6
57.1 5
57.2 2
57.3 7
57.4 6
57.5 14
57.6 8
57.7 11
57.8 6
57.9 6
58 10
58.1 7
58.2 3
58.3 2
58.4 4
58.5 2
58.6 4
58.7 6
58.8 7
58.9 3
59 3
59.1 2
59.2 3
59.3 1
59.4 2
59.5 9
59.6 1
59.7 3
59.8 4
59.9 1
60 6
60.1 6
60.2 12
60.3 5
60.4 5
60.5 7
60.6 6
60.7 12
60.8 9
60.9 7
61 4
61.1 6
61.2 12
61.3 10
61.4 4
61.5 5
61.6 7
61.7 5
61.8 9
61.9 14
62 7
62.1 15
62.2 7
62.3 2
62.4 19
62.5 70
62.6 121
62.7 146
62.8 194
62.9 242
63 273
63.1 341
63.2 356
63.3 382
63.4 381
63.5 424
63.6 536
63.7 649
63.8 725
63.9 844
64 942
64.1 983
64.2 1063
64.3 1188
64.4 1213
64.5 1262
64.6 1306
64.7 1344
64.8 1379
64.9 1414
65 1426
65.1 1474
65.2 1522
65.3 1537
65.4 1514
65.5 1494
65.6 1517
65.7 1559
65.8 1559
65.9 1530
66 1532
66.1 1522
66.2 1477
66.3 1415
66.4 1365
66.5 1338
66.6 1309
66.7 1326
66.8 1282
66.9 1288
67 1234
67.1 1188
67.2 1153
67.3 1083
67.4 1055
67.5 1030
67.6 985
67.7 959
67.8 923
67.9 917
68 906
68.1 907
68.2 886
68.3 790
68.4 693
68.5 660
68.6 665
68.7 682
68.8 588
68.9 543
69 491
69.1 498
69.2 474
69.3 413
69.4 330
69.5 305
69.6 205
69.7 79
69.8 81
69.9 27
70 0
70.1 2
70.2 4
70.3 1
70.4 1
70.5 0
70.6 0
70.7 1
70.8 1
70.9 2
71 2
71.1 0
71.2 0
71.3 0
71.4 2
71.5 2
71.6 0
71.7 0
71.8 3
71.9 1
72 3
72.1 2
72.2 3
72.3 2
72.4 1
72.5 1
72.6 0
72.7 1
72.8 2
72.9 1
73 6
73.1 3
73.2 0
73.3 4
73.4 1
73.5 2
73.6 0
73.7 0
73.8 1
73.9 0
74 2
74.1 0
74.2 1
74.3 2
74.4 1
74.5 2
74.6 1
74.7 1
74.8 0
74.9 4
75 4
75.1 3
75.2 3
75.3 2
75.4 2
75.5 1
75.6 2
75.7 1
75.8 2
75.9 3
76 3
76.1 8
76.2 3
76.3 0
76.4 2
76.5 2
76.6 4
76.7 6
76.8 5
76.9 1
77 2
77.1 5
77.2 3
77.3 4
77.4 2
77.5 3
77.6 2
77.7 0
77.8 3
77.9 3
78 4
78.1 1
78.2 4
78.3 5
78.4 7
78.5 2
78.6 5
78.7 3
78.8 2
78.9 1
79 1
79.1 5
79.2 7
79.3 7
79.4 7
79.5 5
79.6 7
79.7 2
79.8 6
79.9 1
80 2
80.1 1
80.2 1
80.3 4
80.4 1
80.5 6
80.6 6
80.7 2
80.8 4
80.9 3
81 1
81.1 8
81.2 1
81.3 4
81.4 6
81.5 5
81.6 2
81.7 2
81.8 3
81.9 0
82 4
82.1 6
82.2 5
82.3 8
82.4 5
82.5 7
82.6 2
82.7 2
82.8 4
82.9 6
83 9
83.1 7
83.2 4
83.3 8
83.4 14
83.5 18
83.6 10
83.7 8
83.8 0
83.9 6
84 10
84.1 14
84.2 74
84.3 177
84.4 288
84.5 333
84.6 375
84.7 447
84.8 567
84.9 605
85 690
85.1 757
85.2 814
85.3 837
85.4 872
85.5 857
85.6 894
85.7 946
85.8 1009
85.9 1008
86 979
86.1 1063
86.2 1069
86.3 1060
86.4 1036
86.5 1052
86.6 1058
86.7 1119
86.8 1150
86.9 1174
87 1193
87.1 1177
87.2 1199
87.3 1247
87.4 1347
87.5 1360
87.6 1354
87.7 1252
87.8 1201
87.9 1139
88 1113
88.1 1132
88.2 1086
88.3 1047
88.4 1039
88.5 1015
88.6 960
88.7 922
88.8 902
88.9 843
89 783
89.1 754
89.2 755
89.3 718
89.4 648
89.5 612
89.6 590
89.7 561
89.8 528
89.9 486
90 420
90.1 383
90.2 288
90.3 257
90.4 245
90.5 227
90.6 195
90.7 160
90.8 97
90.9 34
91 20
91.1 5
91.2 1
91.3 9
91.4 0
91.5 0
91.6 3
91.7 3
91.8 0
91.9 1
92 3
92.1 4
92.2 0
92.3 1
92.4 1
92.5 1
92.6 2
92.7 0
92.8 0
92.9 1
93 2
93.1 2
93.2 0
93.3 3
93.4 1
93.5 3
93.6 0
93.7 2
93.8 2
93.9 2
94 3
94.1 1
94.2 2
94.3 1
94.4 1
94.5 2
94.6 2
94.7 0
94.8 3
94.9 0
95 1
95.1 3
95.2 0
95.3 1
95.4 2
95.5 3
95.6 1
95.7 1
95.8 4
95.9 3
96 2
96.1 5
96.2 7
96.3 0
96.4 1
96.5 1
96.6 1
96.7 3
96.8 1
96.9 3
97 1
97.1 8
97.2 0
97.3 0
97.4 2
97.5 2
97.6 1
97.7 2
97.8 1
97.9 7
98 14
98.1 4
98.2 9
98.3 7
98.4 4
98.5 7
98.6 2
98.7 5
98.8 4
98.9 1
99 3
99.1 3
99.2 1
99.3 1
99.4 0
99.5 0
99.6 2
99.7 7
99.8 8
99.9 4
100 4
100.1 4
100.2 2
100.3 2
100.4 6
100.5 7
100.6 2
100.7 5
100.8 9
100.9 4
101 4
101.1 4
101.2 9
101.3 10
101.4 13
101.5 12
101.6 7
101.7 5
101.8 5
101.9 2
102 8
102.1 12
102.2 16
102.3 18
102.4 33
102.5 85
102.6 128
102.7 178
102.8 241
102.9 343
103 473
103.1 494
103.2 500
103.3 575
103.4 643
103.5 703
103.6 699
103.7 777
103.8 855
103.9 925
104 975
104.1 1060
104.2 1045
104.3 1079
104.4 1110
104.5 1088
104.6 1095
104.7 1057
104.8 1034
104.9 1012
105 955
105.1 1013
105.2 1056
105.3 1075
105.4 1066
105.5 1084
105.6 1092
105.7 1091
105.8 1061
105.9 1075
106 1108
106.1 1125
106.2 1136
106.3 1103
106.4 1141
106.5 1118
106.6 1093
106.7 1084
106.8 1063
106.9 1045
107 965
107.1 855
107.2 718
107.3 701
107.4 601
107.5 546
107.6 569
107.7 557
107.8 487
107.9 511
108 488
108.1 471
108.2 511
108.3 487
108.4 488
108.5 440
108.6 348
108.7 290
108.8 232
108.9 150
109 55
109.1 15
109.2 11
109.3 4
109.4 1
109.5 1
109.6 4
109.7 0
109.8 0
109.9 2
110 0
110.1 1
110.2 2
110.3 2
110.4 3
110.5 1
110.6 0
110.7 1
110.8 1
110.9 1
111 0
111.1 0
111.2 0
111.3 1
111.4 2
111.5 0
111.6 0
111.7 0
111.8 0
111.9 0
112 2
112.1 1
112.2 2
112.3 2
112.4 1
112.5 0
112.6 1
112.7 0
112.8 5
112.9 2
113 1
113.1 0
113.2 0
113.3 0
113.4 1
113.5 0
113.6 0
113.7 0
113.8 2
113.9 2
114 0
114.1 1
114.2 2
114.3 3
114.4 3
114.5 0
114.6 2
114.7 3
114.8 3
114.9 1
115 2
115.1 2
115.2 2
115.3 4
115.4 2
115.5 3
115.6 3
115.7 1
115.8 1
115.9 5
116 7
116.1 2
116.2 3
116.3 4
116.4 2
116.5 5
116.6 7
116.7 2
116.8 4
116.9 3
117 0
117.1 5
117.2 2
117.3 5
117.4 2
117.5 3
117.6 3
117.7 1
117.8 2
117.9 3
118 3
118.1 0
118.2 2
118.3 5
118.4 5
118.5 2
118.6 10
118.7 13
118.8 4
118.9 2
119 2
119.1 0
119.2 5
119.3 4
119.4 5
119.5 6
119.6 6
119.7 5
119.8 6
119.9 7
120 3
120.1 0
120.2 4
120.3 11
120.4 12
120.5 4
120.6 7
120.7 5
120.8 6
120.9 9
121 2
121.1 11
121.2 10
121.3 7
121.4 8
121.5 7
121.6 14
121.7 10
121.8 8
121.9 11
122 9
122.1 12
122.2 8
122.3 12
122.4 10
122.5 14
122.6 17
122.7 25
122.8 25
122.9 18
123 23
123.1 24
123.2 21
123.3 31
123.4 19
123.5 16
123.6 22
123.7 20
123.8 11
123.9 7
124 46
124.1 87
124.2 187
124.3 257
124.4 367
124.5 408
124.6 461
124.7 456
124.8 513
124.9 513
125 542
125.1 632
125.2 740
125.3 838
125.4 866
125.5 866
125.6 867
125.7 859
125.8 842
125.9 864
126 839
126.1 830
126.2 850
126.3 921
126.4 945
126.5 969
126.6 973
126.7 1053
126.8 1126
126.9 1212
127 1235
127.1 1225
127.2 1148
127.3 1123
127.4 1039
127.5 980
127.6 955
127.7 875
127.8 890
127.9 908
128 908
128.1 891
128.2 864
128.3 827
128.4 826
128.5 838
128.6 797
128.7 755
128.8 695
128.9 712
129 677
129.1 658
129.2 610
129.3 602
129.4 585
129.5 571
129.6 565
129.7 574
129.8 509
129.9 527
130 500
130.1 423
130.2 291
130.3 247
130.4 157
130.5 101
130.6 41
130.7 13
130.8 4
130.9 0
131 2
131.1 0
131.2 3
131.3 1
131.4 1
131.5 0
131.6 3
131.7 0
131.8 2
131.9 5
132 0
132.1 0
132.2 2
132.3 1
132.4 3
132.5 0
132.6 1
132.7 0
132.8 0
132.9 3
133 3
133.1 0
133.2 2
133.3 0
133.4 0
133.5 1
133.6 2
133.7 0
133.8 0
133.9 1
134 3
134.1 1
134.2 0
134.3 1
134.4 1
134.5 2
134.6 1
134.7 3
134.8 4
134.9 3
135 2
135.1 2
135.2 2
135.3 1
135.4 2
135.5 1
135.6 2
135.7 0
135.8 1
135.9 3
136 2
136.1 2
136.2 4
136.3 5
136.4 2
136.5 3
136.6 1
136.7 6
136.8 3
136.9 1
137 2
137.1 5
137.2 8
137.3 2
137.4 1
137.5 2
137.6 2
137.7 1
137.8 1
137.9 3
138 2
138.1 3
138.2 0
138.3 2
138.4 1
138.5 6
138.6 6
138.7 1
138.8 5
138.9 1
139 11
139.1 9
139.2 10
139.3 9
139.4 5
139.5 4
139.6 9
139.7 3
139.8 7
139.9 6
140 5
140.1 7
140.2 1
140.3 3
140.4 3
140.5 6
140.6 5
140.7 7
140.8 5
140.9 14
141 21
141.1 29
141.2 10
141.3 5
141.4 9
141.5 6
141.6 12
141.7 5
141.8 5
141.9 8
142 6
142.1 4
142.2 3
142.3 5
142.4 5
142.5 4
142.6 6
142.7 4
142.8 9
142.9 2
143 5
143.1 5
143.2 7
143.3 11
143.4 11
143.5 7
143.6 6
143.7 4
143.8 8
143.9 11
144 6
144.1 3
144.2 2
144.3 5
144.4 7
144.5 3
144.6 2
144.7 5
144.8 14
144.9 13
145 9
145.1 5
145.2 6
145.3 18
145.4 21
145.5 15
145.6 7
145.7 9
145.8 9
145.9 14
146 31
146.1 42
146.2 48
146.3 72
146.4 81
146.5 113
146.6 211
146.7 250
146.8 283
146.9 380
147 478
147.1 576
147.2 650
147.3 700
147.4 750
147.5 788
147.6 873
147.7 984
147.8 1069
147.9 1127
148 1164
148.1 1227
148.2 1250
148.3 1253
148.4 1275
148.5 1275
148.6 1296
148.7 1339
148.8 1278
148.9 1258
149 1246
149.1 1223
149.2 1276
149.3 1282
149.4 1259
149.5 1183
149.6 1124
149.7 1067
149.8 1046
149.9 1098
150 1101
150.1 1174
150.2 1236
150.3 1218
150.4 1170
150.5 1069
150.6 1029
150.7 985
150.8 982
150.9 1062
151 1051
151.1 1096
151.2 1059
151.3 1022
151.4 994
151.5 980
151.6 952
151.7 930
151.8 933
151.9 913
152 904
152.1 844
152.2 823
152.3 746
152.4 722
152.5 695
152.6 608
152.7 553
152.8 473
152.9 409
153 373
153.1 268
153.2 227
153.3 132
153.4 85
153.5 41
153.6 15
153.7 4
153.8 1
153.9 1
154 4
154.1 3
154.2 3
154.3 3
154.4 2
154.5 0
154.6 1
154.7 1
154.8 1
154.9 1
155 4
155.1 1
155.2 1
155.3 1
155.4 1
155.5 0
155.6 0
155.7 0
155.8 0
155.9 2
156 3
156.1 0
156.2 1
156.3 1
156.4 1
156.5 1
156.6 1
156.7 0
156.8 2
156.9 3
157 3
157.1 1
157.2 0
157.3 1
157.4 2
157.5 0
157.6 0
157.7 0
157.8 8
157.9 11
158 6
158.1 6
158.2 6
158.3 3
158.4 2
158.5 2
158.6 2
158.7 0
158.8 1
158.9 3
159 6
159.1 5
159.2 5
159.3 1
159.4 0
159.5 4
159.6 1
159.7 0
159.8 0
159.9 0
160 4
160.1 4
160.2 2
160.3 1
160.4 2
160.5 1
160.6 0
160.7 0
160.8 4
160.9 1
161 2
161.1 3
161.2 1
161.3 1
161.4 1
161.5 2
161.6 1
161.7 0
161.8 1
161.9 2
162 0
162.1 2
162.2 0
162.3 2
162.4 1
162.5 3
162.6 2
162.7 3
162.8 3
162.9 5
163 5
163.1 33
163.2 17
163.3 9
163.4 4
163.5 11
163.6 2
163.7 8
163.8 9
163.9 5
164 2
164.1 23
164.2 14
164.3 7
164.4 4
164.5 8
164.6 2
164.7 4
164.8 3
164.9 3
165 2
165.1 5
165.2 10
165.3 7
165.4 5
165.5 7
165.6 6
165.7 21
165.8 43
165.9 33
166 22
166.1 37
166.2 39
166.3 22
166.4 12
166.5 7
166.6 5
166.7 9
166.8 8
166.9 5
167 10
167.1 5
167.2 17
167.3 13
167.4 11
167.5 13
167.6 11
167.7 18
167.8 11
167.9 26
168 55
168.1 118
168.2 166
168.3 172
168.4 186
168.5 296
168.6 413
168.7 537
168.8 605
168.9 672
169 696
169.1 754
169.2 800
169.3 837
169.4 864
169.5 883
169.6 917
169.7 947
169.8 988
169.9 1034
170 1037
170.1 1017
170.2 1044
170.3 1048
170.4 1069
170.5 1074
170.6 1047
170.7 1038
170.8 1091
170.9 1092
171 1139
171.1 1141
171.2 1093
171.3 967
171.4 931
171.5 972
171.6 1023
171.7 1019
171.8 993
171.9 907
172 850
172.1 806
172.2 744
172.3 719
172.4 656
172.5 658
172.6 635
172.7 619
172.8 589
172.9 518
173 439
173.1 357
173.2 307
173.3 295
173.4 298
173.5 213
173.6 173
173.7 120
173.8 62
173.9 20
174 11
174.1 4
174.2 9
174.3 4
174.4 4
174.5 3
174.6 1
174.7 2
174.8 1
174.9 0
175 0
175.1 3
175.2 3
175.3 4
175.4 4
175.5 1
175.6 3
175.7 2
175.8 1
175.9 2
176 1
176.1 1
176.2 1
176.3 2
176.4 2
176.5 2
176.6 1
176.7 2
176.8 0
176.9 3
177 1
177.1 2
177.2 3
177.3 2
177.4 0
177.5 2
177.6 0
177.7 2
177.8 4
177.9 0
178 0
178.1 0
178.2 1
178.3 0
178.4 1
178.5 3
178.6 1
178.7 1
178.8 1
178.9 0
179 1
179.1 6
179.2 0
179.3 0
179.4 0
179.5 5
179.6 3
179.7 2
179.8 1
179.9 1
180 3
180.1 4
180.2 2
180.3 1
180.4 5
180.5 5
180.6 4
180.7 9
180.8 0
180.9 2
181 4
181.1 4
181.2 1
181.3 1
181.4 0
181.5 0
181.6 0
181.7 2
181.8 6
181.9 4
182 9
182.1 9
182.2 4
182.3 4
182.4 7
182.5 5
182.6 3
182.7 21
182.8 17
182.9 21
183 10
183.1 4
183.2 6
183.3 5
183.4 4
183.5 7
183.6 2
183.7 5
183.8 1
183.9 4
184 6
184.1 6
184.2 5
184.3 4
184.4 15
184.5 10
184.6 42
184.7 41
184.8 24
184.9 26
185 20
185.1 9
185.2 25
185.3 22
185.4 13
185.5 8
185.6 15
185.7 21
185.8 12
185.9 10
186 7
186.1 6
186.2 9
186.3 15
186.4 10
186.5 7
186.6 10
186.7 14
186.8 20
186.9 9
187 15
187.1 17
187.2 45
187.3 41
187.4 57
187.5 33
187.6 19
187.7 16
187.8 10
187.9 15
188 6
188.1 26
188.2 33
188.3 21
188.4 22
188.5 28
188.6 41
188.7 116
188.8 144
188.9 161
189 141
189.1 193
189.2 179
189.3 206
189.4 204
189.5 274
189.6 362
189.7 419
189.8 509
189.9 582
190 592
190.1 618
190.2 642
190.3 652
190.4 680
190.5 724
190.6 758
190.7 839
190.8 932
190.9 972
191 944
191.1 977
191.2 1033
191.3 1053
191.4 1047
191.5 1047
191.6 1101
191.7 1138
191.8 1123
191.9 1138
192 1107
192.1 1081
192.2 1097
192.3 1163
192.4 1171
192.5 1186
192.6 1133
192.7 1070
192.8 1031
192.9 992
193 952
193.1 933
193.2 921
193.3 879
193.4 865
193.5 809
193.6 796
193.7 703
193.8 673
193.9 696
194 682
194.1 605
194.2 574
194.3 498
194.4 451
194.5 346
194.6 254
194.7 222
194.8 206
194.9 148
195 114
195.1 71
195.2 35
195.3 12
195.4 13
195.5 7
195.6 8
195.7 0
195.8 1
195.9 5
196 3
196.1 5
196.2 1
196.3 0
196.4 3
196.5 1
196.6 2
196.7 1
196.8 4
196.9 1
197 3
197.1 1
197.2 2
197.3 0
197.4 2
197.5 1
197.6 0
197.7 2
197.8 4
197.9 0
198 1
198.1 1
198.2 1
198.3 0
198.4 3
198.5 4
198.6 2
198.7 0
198.8 1
198.9 2
199 0
199.1 1
199.2 0
199.3 7
199.4 2
199.5 0
199.6 2
199.7 2
199.8 2
199.9 3
200 1
