0 0
0.1 0
0.2 0
0.3 0
0.4 0
0.5 0
0.6 0
0.7 1
0.8 2
0.9 3
1 3
1.1 7
1.2 12
1.3 18
1.4 23
1.5 28
1.6 40
1.7 56
1.8 73
1.9 87
2 103
2.1 125
2.2 147
2.3 166
2.4 186
2.5 214
2.6 230
2.7 243
2.8 267
2.9 283
3 308
3.1 334
3.2 355
3.3 384
3.4 410
3.5 445
3.6 486
3.7 511
3.8 555
3.9 585
4 612
4.1 648
4.2 695
4.3 734
4.4 779
4.5 812
4.6 851
4.7 897
4.8 938
4.9 983
5 1023
5.1 1059
5.2 1102
5.3 1137
5.4 1174
5.5 1208
5.6 1248
5.7 1286
5.8 1332
5.9 1362
6 1392
6.1 1425
6.2 1447
6.3 1489
6.4 1522
6.5 1546
6.6 1568
6.7 1596
6.8 1618
6.9 1639
7 1659
7.1 1678
7.2 1710
7.3 1722
7.4 1686
7.5 1638
7.6 1508
7.7 1358
7.8 1256
7.9 1145
8 1043
8.1 964
8.2 895
8.3 831
8.4 771
8.5 703
8.6 635
8.7 580
8.8 532
8.9 493
9 453
9.1 432
9.2 410
9.3 385
9.4 350
9.5 353
9.6 348
9.7 341
9.8 331
9.9 320
10 303
10.1 290
10.2 289
10.3 289
10.4 284
10.5 270
10.6 268
10.7 274
10.8 269
10.9 261
11 269
11.1 291
11.2 293
11.3 296
11.4 309
11.5 288
11.6 281
11.7 293
11.8 304
11.9 314
12 313
12.1 315
12.2 298
12.3 275
12.4 261
12.5 253
12.6 250
12.7 234
12.8 250
12.9 254
13 272
13.1 270
13.2 272
13.3 262
13.4 241
13.5 230
13.6 220
13.7 225
13.8 217
13.9 208
14 210
14.1 220
14.2 213
14.3 201
14.4 202
14.5 209
14.6 197
14.7 193
14.8 192
14.9 188
15 186
15.1 200
15.2 184
15.3 201
15.4 207
15.5 211
15.6 213
15.7 221
15.8 214
15.9 222
16 225
16.1 227
16.2 213
16.3 213
16.4 215
16.5 246
16.6 278
16.7 285
16.8 293
16.9 283
17 267
17.1 264
17.2 254
17.3 252
17.4 267
17.5 258
17.6 247
17.7 248
17.8 245
17.9 253
18 239
18.1 227
18.2 228
18.3 230
18.4 235
18.5 247
18.6 237
18.7 223
18.8 217
18.9 221
19 208
19.1 204
19.2 208
19.3 222
19.4 217
19.5 245
19.6 261
19.7 254
19.8 245
19.9 227
20 222
20.1 224
20.2 231
20.3 229
20.4 231
20.5 234
20.6 231
20.7 218
20.8 226
20.9 253
21 270
21.1 284
21.2 286
21.3 278
21.4 264
21.5 260
21.6 254
21.7 250
21.8 249
21.9 257
22 297
22.1 357
22.2 407
22.3 409
22.4 407
22.5 416
22.6 421
22.7 428
22.8 440
22.9 440
23 456
23.1 463
23.2 471
23.3 482
23.4 503
23.5 510
23.6 531
23.7 548
23.8 551
23.9 574
24 584
24.1 593
24.2 609
24.3 639
24.4 655
24.5 664
24.6 685
24.7 712
24.8 735
24.9 759
25 779
25.1 812
25.2 830
25.3 847
25.4 873
25.5 895
25.6 909
25.7 923
25.8 949
25.9 974
26 998
26.1 1025
26.2 1046
26.3 1074
26.4 1112
26.5 1136
26.6 1175
26.7 1200
26.8 1229
26.9 1259
27 1295
27.1 1333
27.2 1363
27.3 1380
27.4 1426
27.5 1463
27.6 1516
27.7 1555
27.8 1589
27.9 1610
28 1637
28.1 1670
28.2 1711
28.3 1730
28.4 1747
28.5 1737
28.6 1698
28.7 1607
28.8 1476
28.9 1374
29 1305
29.1 1196
29.2 1125
29.3 1048
29.4 960
29.5 873
29.6 802
29.7 749
29.8 695
29.9 657
30 613
30.1 579
30.2 555
30.3 538
30.4 509
30.5 487
30.6 448
30.7 448
30.8 426
30.9 418
31 417
31.1 393
31.2 385
31.3 367
31.4 344
31.5 338
31.6 336
31.7 339
31.8 340
31.9 335
32 330
32.1 337
32.2 355
32.3 374
32.4 377
32.5 387
32.6 373
32.7 356
32.8 312
32.9 296
33 305
33.1 310
33.2 292
33.3 280
33.4 278
33.5 269
33.6 248
33.7 243
33.8 233
33.9 257
34 259
34.1 269
34.2 274
34.3 277
34.4 319
34.5 342
34.6 361
34.7 354
34.8 341
34.9 345
35 341
35.1 325
35.2 314
35.3 307
35.4 319
35.5 320
35.6 306
35.7 305
35.8 299
35.9 367
36 432
36.1 444
36.2 426
36.3 399
36.4 395
36.5 388
36.6 362
36.7 334
36.8 301
36.9 298
37 322
37.1 295
37.2 301
37.3 289
37.4 268
37.5 261
37.6 256
37.7 253
37.8 245
37.9 241
38 248
38.1 254
38.2 248
38.3 262
38.4 263
38.5 288
38.6 365
38.7 480
38.8 536
38.9 587
39 625
39.1 645
39.2 654
39.3 654
39.4 655
39.5 654
39.6 664
39.7 679
39.8 688
39.9 691
40 714
40.1 719
40.2 732
40.3 748
40.4 756
40.5 772
40.6 781
40.7 789
40.8 803
40.9 817
41 832
41.1 839
41.2 849
41.3 857
41.4 871
41.5 884
41.6 906
41.7 925
41.8 939
41.9 962
42 971
42.1 989
42.2 1010
42.3 1047
42.4 1071
42.5 1107
42.6 1130
42.7 1161
42.8 1187
42.9 1208
43 1237
43.1 1269
43.2 1296
43.3 1327
43.4 1347
43.5 1378
43.6 1396
43.7 1421
43.8 1435
43.9 1457
44 1489
44.1 1514
44.2 1536
44.3 1533
44.4 1544
44.5 1517
44.6 1480
44.7 1410
44.8 1306
44.9 1206
45 1107
45.1 1016
45.2 947
45.3 882
45.4 818
45.5 756
45.6 696
45.7 667
45.8 645
45.9 600
46 557
46.1 517
46.2 504
46.3 497
46.4 463
46.5 434
46.6 422
46.7 397
46.8 392
46.9 379
47 355
47.1 331
47.2 322
47.3 303
47.4 296
47.5 290
47.6 293
47.7 289
47.8 274
47.9 250
48 218
48.1 210
48.2 236
48.3 245
48.4 252
48.5 258
48.6 268
48.7 287
48.8 292
48.9 322
49 321
49.1 308
49.2 302
49.3 280
49.4 270
49.5 280
49.6 282
49.7 304
49.8 302
49.9 302
50 298
50.1 304
50.2 319
50.3 369
50.4 395
50.5 414
50.6 415
50.7 422
50.8 452
50.9 430
51 438
51.1 461
51.2 475
51.3 486
51.4 482
51.5 459
51.6 468
51.7 474
51.8 470
51.9 470
52 460
52.1 458
52.2 447
52.3 431
52.4 459
52.5 468
52.6 486
52.7 488
52.8 491
52.9 494
53 471
53.1 448
53.2 414
53.3 419
53.4 407
53.5 389
53.6 377
53.7 392
53.8 383
53.9 368
54 352
54.1 345
54.2 334
54.3 335
54.4 343
54.5 345
54.6 340
54.7 335
54.8 326
54.9 319
55 301
55.1 296
55.2 296
55.3 277
55.4 265
55.5 258
55.6 259
55.7 269
55.8 268
55.9 263
56 282
56.1 383
56.2 474
56.3 511
56.4 496
56.5 488
56.6 490
56.7 488
56.8 479
56.9 466
57 442
57.1 417
57.2 385
57.3 368
57.4 364
57.5 366
57.6 373
57.7 366
57.8 363
57.9 347
58 326
58.1 314
58.2 292
58.3 279
58.4 267
58.5 261
58.6 264
58.7 279
58.8 271
58.9 270
59 255
59.1 239
59.2 232
59.3 213
59.4 218
59.5 222
59.6 220
59.7 208
59.8 213
59.9 212
60 217
60.1 223
60.2 231
60.3 253
60.4 253
60.5 248
60.6 251
60.7 266
60.8 278
60.9 276
61 275
61.1 269
61.2 264
61.3 286
61.4 288
61.5 268
61.6 265
61.7 255
61.8 245
61.9 264
62 278
62.1 282
62.2 286
62.3 276
62.4 271
62.5 328
62.6 407
62.7 433
62.8 436
62.9 439
63 450
63.1 454
63.2 457
63.3 462
63.4 464
63.5 470
63.6 473
63.7 480
63.8 491
63.9 497
64 504
64.1 516
64.2 525
64.3 533
64.4 540
64.5 546
64.6 557
64.7 571
64.8 586
64.9 611
65 624
65.1 650
65.2 671
65.3 692
65.4 713
65.5 732
65.6 750
65.7 767
65.8 785
65.9 808
66 831
66.1 855
66.2 867
66.3 887
66.4 918
66.5 949
66.6 965
66.7 995
66.8 1015
66.9 1043
67 1066
67.1 1094
67.2 1125
67.3 1154
67.4 1190
67.5 1228
67.6 1263
67.7 1290
67.8 1314
67.9 1341
68 1369
68.1 1404
68.2 1429
68.3 1454
68.4 1505
68.5 1530
68.6 1555
68.7 1579
68.8 1605
68.9 1629
69 1654
69.1 1680
69.2 1699
69.3 1712
69.4 1736
69.5 1753
69.6 1752
69.7 1748
69.8 1718
69.9 1693
70 1578
70.1 1436
70.2 1330
70.3 1230
70.4 1136
70.5 1069
70.6 979
70.7 898
70.8 836
70.9 812
71 777
71.1 736
71.2 656
71.3 609
71.4 588
71.5 552
71.6 531
71.7 507
71.8 496
71.9 492
72 483
72.1 477
72.2 451
72.3 419
72.4 397
72.5 370
72.6 351
72.7 337
72.8 326
72.9 328
73 324
73.1 326
73.2 335
73.3 329
73.4 323
73.5 321
73.6 342
73.7 338
73.8 339
73.9 317
74 314
74.1 307
74.2 306
74.3 335
74.4 320
74.5 316
74.6 301
74.7 286
74.8 281
74.9 277
75 305
75.1 315
75.2 314
75.3 327
75.4 323
75.5 309
75.6 306
75.7 307
75.8 296
75.9 284
76 313
76.1 332
76.2 324
76.3 327
76.4 310
76.5 308
76.6 306
76.7 317
76.8 345
76.9 352
77 344
77.1 341
77.2 333
77.3 337
77.4 342
77.5 330
77.6 317
77.7 315
77.8 314
77.9 295
78 283
78.1 275
78.2 262
78.3 257
78.4 312
78.5 321
78.6 328
78.7 321
78.8 318
78.9 292
79 273
79.1 268
79.2 268
79.3 290
79.4 304
79.5 316
79.6 319
79.7 318
79.8 316
79.9 294
80 280
80.1 266
80.2 271
80.3 264
80.4 258
80.5 280
80.6 271
80.7 260
80.8 251
80.9 243
81 238
81.1 242
81.2 248
81.3 247
81.4 250
81.5 257
81.6 247
81.7 246
81.8 236
81.9 219
82 213
82.1 214
82.2 225
82.3 225
82.4 233
82.5 235
82.6 240
82.7 231
82.8 214
82.9 210
83 220
83.1 240
83.2 239
83.3 238
83.4 262
83.5 262
83.6 279
83.7 286
83.8 275
83.9 260
84 251
84.1 256
84.2 342
84.3 417
84.4 427
84.5 435
84.6 441
84.7 446
84.8 453
84.9 463
85 468
85.1 480
85.2 489
85.3 496
85.4 499
85.5 519
85.6 526
85.7 534
85.8 552
85.9 570
86 583
86.1 599
86.2 611
86.3 623
86.4 635
86.5 658
86.6 678
86.7 690
86.8 711
86.9 726
87 741
87.1 754
87.2 771
87.3 792
87.4 816
87.5 838
87.6 859
87.7 882
87.8 900
87.9 920
88 951
88.1 977
88.2 1011
88.3 1039
88.4 1065
88.5 1085
88.6 1114
88.7 1152
88.8 1175
88.9 1208
89 1227
89.1 1241
89.2 1271
89.3 1302
89.4 1325
89.5 1352
89.6 1363
89.7 1393
89.8 1411
89.9 1446
90 1475
90.1 1492
90.2 1510
90.3 1522
90.4 1539
90.5 1532
90.6 1554
90.7 1573
90.8 1548
90.9 1506
91 1411
91.1 1322
91.2 1235
91.3 1141
91.4 1068
91.5 980
91.6 902
91.7 861
91.8 807
91.9 750
92 701
92.1 683
92.2 643
92.3 599
92.4 596
92.5 568
92.6 528
92.7 498
92.8 454
92.9 436
93 420
93.1 407
93.2 402
93.3 385
93.4 377
93.5 370
93.6 351
93.7 329
93.8 320
93.9 316
94 324
94.1 338
94.2 320
94.3 316
94.4 308
94.5 294
94.6 280
94.7 288
94.8 297
94.9 293
95 272
95.1 273
95.2 279
95.3 273
95.4 275
95.5 276
95.6 274
95.7 272
95.8 277
95.9 273
96 275
96.1 279
96.2 288
96.3 284
96.4 277
96.5 282
96.6 277
96.7 279
96.8 282
96.9 283
97 277
97.1 273
97.2 254
97.3 244
97.4 225
97.5 211
97.6 203
97.7 196
97.8 207
97.9 217
98 312
98.1 350
98.2 365
98.3 364
98.4 353
98.5 352
98.6 346
98.7 346
98.8 350
98.9 345
99 329
99.1 314
99.2 300
99.3 282
99.4 266
99.5 244
99.6 215
99.7 214
99.8 213
99.9 228
100 224
100.1 237
100.2 236
100.3 235
100.4 235
100.5 225
100.6 221
100.7 237
100.8 250
100.9 251
101 255
101.1 252
101.2 258
101.3 291
101.4 305
101.5 315
101.6 323
101.7 310
101.8 301
101.9 293
102 282
102.1 279
102.2 296
102.3 317
102.4 355
102.5 414
102.6 473
102.7 490
102.8 500
102.9 510
103 509
103.1 520
103.2 526
103.3 535
103.4 539
103.5 547
103.6 556
103.7 562
103.8 570
103.9 592
104 611
104.1 622
104.2 640
104.3 654
104.4 671
104.5 694
104.6 716
104.7 738
104.8 752
104.9 780
105 795
105.1 804
105.2 817
105.3 843
105.4 859
105.5 883
105.6 895
105.7 912
105.8 933
105.9 959
106 974
106.1 991
106.2 1027
106.3 1054
106.4 1073
106.5 1101
106.6 1135
106.7 1163
106.8 1180
106.9 1204
107 1240
107.1 1269
107.2 1296
107.3 1336
107.4 1369
107.5 1383
107.6 1408
107.7 1436
107.8 1483
107.9 1526
108 1557
108.1 1593
108.2 1621
108.3 1646
108.4 1696
108.5 1727
108.6 1749
108.7 1787
108.8 1794
108.9 1813
109 1789
109.1 1701
109.2 1587
109.3 1481
109.4 1353
109.5 1270
109.6 1179
109.7 1116
109.8 1018
109.9 914
110 856
110.1 817
110.2 744
110.3 699
110.4 648
110.5 625
110.6 568
110.7 523
110.8 490
110.9 471
111 455
111.1 443
111.2 414
111.3 408
111.4 408
111.5 393
111.6 366
111.7 367
111.8 371
111.9 362
112 361
112.1 337
112.2 325
112.3 306
112.4 294
112.5 270
112.6 260
112.7 252
112.8 255
112.9 277
113 270
113.1 253
113.2 236
113.3 220
113.4 193
113.5 185
113.6 194
113.7 183
113.8 188
113.9 202
114 205
114.1 210
114.2 221
114.3 231
114.4 239
114.5 252
114.6 240
114.7 236
114.8 237
114.9 222
115 218
115.1 224
115.2 214
115.3 216
115.4 224
115.5 245
115.6 270
115.7 291
115.8 296
115.9 282
116 294
116.1 304
116.2 302
116.3 321
116.4 328
116.5 323
116.6 334
116.7 327
116.8 310
116.9 308
117 311
117.1 313
117.2 331
117.3 329
117.4 328
117.5 315
117.6 299
117.7 299
117.8 275
117.9 263
118 265
118.1 257
118.2 233
118.3 236
118.4 236
118.5 226
118.6 231
118.7 272
118.8 298
118.9 280
119 263
119.1 246
119.2 233
119.3 233
119.4 241
119.5 248
119.6 255
119.7 265
119.8 255
119.9 255
120 246
120.1 229
120.2 213
120.3 221
120.4 246
120.5 260
120.6 268
120.7 267
120.8 265
120.9 282
121 284
121.1 273
121.2 273
121.3 280
121.4 265
121.5 265
121.6 273
121.7 272
121.8 270
121.9 261
122 264
122.1 262
122.2 268
122.3 283
122.4 279
122.5 274
122.6 283
122.7 316
122.8 350
122.9 348
123 338
123.1 344
123.2 354
123.3 343
123.4 340
123.5 342
123.6 345
123.7 353
123.8 342
123.9 323
124 345
124.1 388
124.2 433
124.3 445
124.4 450
124.5 454
124.6 461
124.7 465
124.8 467
124.9 473
125 479
125.1 490
125.2 510
125.3 511
125.4 520
125.5 531
125.6 543
125.7 547
125.8 573
125.9 595
126 619
126.1 641
126.2 657
126.3 670
126.4 696
126.5 714
126.6 741
126.7 756
126.8 779
126.9 802
127 833
127.1 861
127.2 878
127.3 898
127.4 917
127.5 931
127.6 958
127.7 977
127.8 1001
127.9 1013
128 1045
128.1 1074
128.2 1086
128.3 1123
128.4 1145
128.5 1174
128.6 1198
128.7 1229
128.8 1243
128.9 1284
129 1302
129.1 1335
129.2 1361
129.3 1376
129.4 1425
129.5 1446
129.6 1462
129.7 1496
129.8 1525
129.9 1526
130 1562
130.1 1587
130.2 1594
130.3 1605
130.4 1618
130.5 1611
130.6 1542
130.7 1468
130.8 1355
130.9 1250
131 1124
131.1 1032
131.2 966
131.3 898
131.4 819
131.5 770
131.6 707
131.7 664
131.8 619
131.9 600
132 585
132.1 521
132.2 483
132.3 479
132.4 473
132.5 471
132.6 445
132.7 418
132.8 378
132.9 362
133 371
133.1 354
133.2 342
133.3 322
133.4 297
133.5 289
133.6 283
133.7 280
133.8 274
133.9 276
134 266
134.1 279
134.2 290
134.3 294
134.4 278
134.5 276
134.6 294
134.7 305
134.8 317
134.9 328
135 339
135.1 347
135.2 335
135.3 312
135.4 304
135.5 300
135.6 274
135.7 260
135.8 246
135.9 243
136 242
136.1 249
136.2 281
136.3 288
136.4 293
136.5 300
136.6 316
136.7 325
136.8 323
136.9 291
137 274
137.1 291
137.2 297
137.3 290
137.4 275
137.5 258
137.6 244
137.7 241
137.8 234
137.9 235
138 235
138.1 235
138.2 218
138.3 210
138.4 203
138.5 208
138.6 225
138.7 235
138.8 236
138.9 238
139 254
139.1 287
139.2 300
139.3 311
139.4 341
139.5 337
139.6 322
139.7 314
139.8 314
139.9 321
140 311
140.1 310
140.2 303
140.3 294
140.4 279
140.5 269
140.6 254
140.7 273
140.8 283
140.9 286
141 294
141.1 351
141.2 376
141.3 363
141.4 360
141.5 358
141.6 351
141.7 352
141.8 345
141.9 337
142 324
142.1 301
142.2 282
142.3 271
142.4 271
142.5 260
142.6 254
142.7 250
142.8 257
142.9 253
143 247
143.1 240
143.2 232
143.3 251
143.4 261
143.5 258
143.6 270
143.7 271
143.8 255
143.9 250
144 259
144.1 252
144.2 239
144.3 237
144.4 242
144.5 234
144.6 225
144.7 210
144.8 226
144.9 238
145 248
145.1 250
145.2 246
145.3 266
145.4 274
145.5 268
145.6 257
145.7 263
145.8 243
145.9 242
146 249
146.1 291
146.2 323
146.3 349
146.4 364
146.5 383
146.6 408
146.7 415
146.8 421
146.9 428
147 441
147.1 448
147.2 453
147.3 457
147.4 465
147.5 476
147.6 486
147.7 498
147.8 509
147.9 520
148 540
148.1 556
148.2 571
148.3 579
148.4 599
148.5 621
148.6 637
148.7 660
148.8 688
148.9 702
149 716
149.1 749
149.2 771
149.3 792
149.4 815
149.5 827
149.6 842
149.7 852
149.8 876
149.9 893
150 918
150.1 927
150.2 948
150.3 971
150.4 993
150.5 1023
150.6 1057
150.7 1070
150.8 1106
150.9 1125
151 1150
151.1 1181
151.2 1205
151.3 1240
151.4 1272
151.5 1305
151.6 1343
151.7 1367
151.8 1394
151.9 1429
152 1449
152.1 1477
152.2 1509
152.3 1539
152.4 1576
152.5 1598
152.6 1619
152.7 1653
152.8 1670
152.9 1686
153 1704
153.1 1729
153.2 1737
153.3 1744
153.4 1736
153.5 1701
153.6 1637
153.7 1509
153.8 1401
153.9 1289
154 1182
154.1 1081
154.2 1000
154.3 907
154.4 878
154.5 822
154.6 758
154.7 697
154.8 631
154.9 589
155 558
155.1 536
155.2 504
155.3 486
155.4 458
155.5 455
155.6 439
155.7 427
155.8 391
155.9 372
156 368
156.1 342
156.2 333
156.3 337
156.4 329
156.5 319
156.6 320
156.7 305
156.8 299
156.9 354
157 365
157.1 347
157.2 338
157.3 303
157.4 300
157.5 290
157.6 278
157.7 264
157.8 366
157.9 483
158 518
158.1 512
158.2 519
158.3 514
158.4 487
158.5 474
158.6 465
158.7 423
158.8 401
158.9 409
159 402
159.1 428
159.2 416
159.3 407
159.4 371
159.5 349
159.6 328
159.7 328
159.8 315
159.9 303
160 284
160.1 300
160.2 288
160.3 278
160.4 286
160.5 264
160.6 259
160.7 253
160.8 253
160.9 261
161 252
161.1 260
161.2 263
161.3 256
161.4 245
161.5 247
161.6 253
161.7 242
161.8 226
161.9 235
162 240
162.1 270
162.2 268
162.3 261
162.4 260
162.5 263
162.6 263
162.7 260
162.8 247
162.9 262
163 262
163.1 329
163.2 417
163.3 448
163.4 439
163.5 445
163.6 429
163.7 405
163.8 395
163.9 400
164 374
164.1 376
164.2 420
164.3 437
164.4 440
164.5 408
164.6 382
164.7 360
164.8 354
164.9 332
165 306
165.1 293
165.2 271
165.3 274
165.4 275
165.5 276
165.6 300
165.7 294
165.8 386
165.9 463
166 483
166.1 494
166.2 499
166.3 489
166.4 461
166.5 445
166.6 418
166.7 395
166.8 382
166.9 363
167 349
167.1 343
167.2 346
167.3 351
167.4 353
167.5 367
167.6 370
167.7 373
167.8 370
167.9 365
168 419
168.1 473
168.2 509
168.3 514
168.4 523
168.5 520
168.6 534
168.7 537
168.8 543
168.9 554
169 566
169.1 571
169.2 581
169.3 584
169.4 600
169.5 603
169.6 625
169.7 632
169.8 654
169.9 666
170 685
170.1 699
170.2 716
170.3 732
170.4 743
170.5 759
170.6 788
170.7 801
170.8 819
170.9 848
171 867
171.1 888
171.2 917
171.3 943
171.4 966
171.5 985
171.6 1010
171.7 1050
171.8 1075
171.9 1108
172 1140
172.1 1170
172.2 1200
172.3 1216
172.4 1255
172.5 1290
172.6 1316
172.7 1357
172.8 1382
172.9 1421
173 1445
173.1 1461
173.2 1483
173.3 1505
173.4 1543
173.5 1563
173.6 1583
173.7 1586
173.8 1563
173.9 1516
174 1428
174.1 1318
174.2 1224
174.3 1168
174.4 1091
174.5 1021
174.6 957
174.7 871
174.8 787
174.9 733
175 693
175.1 659
175.2 636
175.3 618
175.4 571
175.5 561
175.6 531
175.7 529
175.8 510
175.9 509
176 495
176.1 469
176.2 441
176.3 430
176.4 403
176.5 384
176.6 385
176.7 384
176.8 361
176.9 357
177 331
177.1 335
177.2 330
177.3 351
177.4 347
177.5 334
177.6 320
177.7 310
177.8 310
177.9 312
178 298
178.1 280
178.2 269
178.3 270
178.4 242
178.5 241
178.6 226
178.7 239
178.8 247
178.9 262
179 272
179.1 292
179.2 301
179.3 270
179.4 247
179.5 259
179.6 268
179.7 261
179.8 253
179.9 239
180 235
180.1 241
180.2 241
180.3 226
180.4 234
180.5 230
180.6 230
180.7 232
180.8 231
180.9 234
181 249
181.1 249
181.2 244
181.3 237
181.4 230
181.5 213
181.6 206
181.7 219
181.8 210
181.9 228
182 240
182.1 261
182.2 274
182.3 284
182.4 273
182.5 276
182.6 266
182.7 333
182.8 395
182.9 420
183 426
183.1 409
183.2 382
183.3 385
183.4 382
183.5 362
183.6 344
183.7 319
183.8 320
183.9 293
184 286
184.1 283
184.2 285
184.3 281
184.4 295
184.5 309
184.6 348
184.7 419
184.8 442
184.9 436
185 448
185.1 439
185.2 438
185.3 418
185.4 399
185.5 403
185.6 384
185.7 384
185.8 389
185.9 378
186 373
186.1 353
186.2 347
186.3 346
186.4 345
186.5 331
186.6 322
186.7 338
186.8 349
186.9 355
187 355
187.1 341
187.2 396
187.3 415
187.4 430
187.5 435
187.6 428
187.7 405
187.8 383
187.9 368
188 364
188.1 359
188.2 374
188.3 382
188.4 377
188.5 383
188.6 399
188.7 432
188.8 462
188.9 460
189 465
189.1 472
189.2 489
189.3 494
189.4 504
189.5 518
189.6 530
189.7 533
189.8 547
189.9 556
190 575
190.1 577
190.2 587
190.3 598
190.4 610
190.5 615
190.6 639
190.7 650
190.8 663
190.9 679
191 704
191.1 724
191.2 737
191.3 761
191.4 785
191.5 796
191.6 819
191.7 838
191.8 860
191.9 879
192 898
192.1 927
192.2 939
192.3 968
192.4 994
192.5 1016
192.6 1045
192.7 1070
192.8 1102
192.9 1122
193 1147
193.1 1168
193.2 1193
193.3 1215
193.4 1231
193.5 1263
193.6 1286
193.7 1301
193.8 1330
193.9 1355
194 1375
194.1 1394
194.2 1408
194.3 1431
194.4 1459
194.5 1469
194.6 1489
194.7 1505
194.8 1512
194.9 1523
195 1522
195.1 1520
195.2 1463
195.3 1388
195.4 1295
195.5 1212
195.6 1151
195.7 1093
195.8 1005
195.9 949
196 915
196.1 855
196.2 816
196.3 751
196.4 689
196.5 644
196.6 609
196.7 572
196.8 542
196.9 512
197 497
197.1 513
197.2 482
197.3 454
197.4 428
197.5 399
197.6 381
197.7 385
197.8 375
197.9 376
198 371
198.1 358
198.2 345
198.3 333
198.4 328
198.5 342
198.6 346
198.7 327
198.8 314
198.9 293
199 305
199.1 284
199.2 287
199.3 286
199.4 288
199.5 289
199.6 305
199.7 308
199.8 294
199.9 272
200 258
