0 0
0.1 5
0.2 3
0.3 4
0.4 3
0.5 9
0.6 17
0.7 41
0.8 26
0.9 32
1 42
1.1 51
1.2 49
1.3 46
1.4 42
1.5 43
1.6 44
1.7 50
1.8 34
1.9 36
2 34
2.1 35
2.2 31
2.3 36
2.4 45
2.5 47
2.6 42
2.7 46
2.8 48
2.9 36
3 45
3.1 38
3.2 40
3.3 32
3.4 41
3.5 37
3.6 54
3.7 39
3.8 45
3.9 36
4 58
4.1 38
4.2 47
4.3 41
4.4 49
4.5 51
4.6 50
4.7 53
4.8 60
4.9 50
5 53
5.1 37
5.2 41
5.3 51
5.4 42
5.5 46
5.6 46
5.7 34
5.8 27
5.9 38
6 47
6.1 30
6.2 35
6.3 37
6.4 28
6.5 32
6.6 43
6.7 35
6.8 45
6.9 34
7 28
7.1 45
7.2 25
7.3 12
7.4 10
7.5 5
7.6 3
7.7 4
7.8 1
7.9 4
8 6
8.1 3
8.2 7
8.3 4
8.4 2
8.5 2
8.6 5
8.7 3
8.8 4
8.9 4
9 2
9.1 4
9.2 3
9.3 3
9.4 3
9.5 6
9.6 5
9.7 6
9.8 3
9.9 3
10 5
10.1 6
10.2 5
10.3 5
10.4 2
10.5 4
10.6 4
10.7 5
10.8 5
10.9 6
11 7
11.1 8
11.2 6
11.3 6
11.4 3
11.5 0
11.6 8
11.7 11
11.8 7
11.9 5
12 3
12.1 3
12.2 3
12.3 4
12.4 4
12.5 4
12.6 1
12.7 5
12.8 7
12.9 8
13 7
13.1 6
13.2 3
13.3 4
13.4 5
13.5 4
13.6 4
13.7 4
13.8 3
13.9 4
14 7
14.1 6
14.2 4
14.3 3
14.4 4
14.5 2
14.6 4
14.7 5
14.8 2
14.9 3
15 3
15.1 6
15.2 8
15.3 10
15.4 5
15.5 7
15.6 5
15.7 4
15.8 7
15.9 4
16 5
16.1 2
16.2 4
16.3 5
16.4 8
16.5 9
16.6 7
16.7 4
16.8 7
16.9 3
17 2
17.1 4
17.2 5
17.3 5
17.4 5
17.5 3
17.6 5
17.7 4
17.8 5
17.9 6
18 2
18.1 2
18.2 3
18.3 7
18.4 7
18.5 5
18.6 1
18.7 3
18.8 6
18.9 3
19 4
19.1 6
19.2 8
19.3 6
19.4 6
19.5 7
19.6 7
19.7 3
19.8 4
19.9 3
20 5
20.1 3
20.2 7
20.3 3
20.4 9
20.5 8
20.6 2
20.7 6
20.8 10
20.9 12
21 9
21.1 6
21.2 5
21.3 5
21.4 4
21.5 5
21.6 4
21.7 5
21.8 6
21.9 14
22 17
22.1 36
22.2 12
22.3 17
22.4 22
22.5 22
22.6 24
22.7 30
22.8 21
22.9 28
23 13
23.1 27
23.2 38
23.3 36
23.4 38
23.5 49
23.6 52
23.7 56
23.8 36
23.9 50
24 40
24.1 47
24.2 44
24.3 36
24.4 46
24.5 40
24.6 41
24.7 42
24.8 38
24.9 36
25 23
25.1 46
25.2 47
25.3 40
25.4 42
25.5 41
25.6 50
25.7 32
25.8 33
25.9 33
26 31
26.1 48
26.2 40
26.3 42
26.4 43
26.5 29
26.6 39
26.7 53
26.8 29
26.9 32
27 36
27.1 43
27.2 40
27.3 45
27.4 45
27.5 44
27.6 42
27.7 43
27.8 23
27.9 26
28 39
28.1 38
28.2 37
28.3 38
28.4 26
28.5 28
28.6 14
28.7 9
28.8 8
28.9 9
29 4
29.1 8
29.2 4
29.3 4
29.4 3
29.5 2
29.6 3
29.7 4
29.8 5
29.9 4
30 4
30.1 7
30.2 6
30.3 7
30.4 5
30.5 3
30.6 6
30.7 9
30.8 5
30.9 5
31 7
31.1 5
31.2 7
31.3 3
31.4 4
31.5 5
31.6 7
31.7 8
31.8 8
31.9 6
32 9
32.1 8
32.2 12
32.3 8
32.4 7
32.5 8
32.6 6
32.7 3
32.8 4
32.9 8
33 7
33.1 4
33.2 4
33.3 3
33.4 4
33.5 4
33.6 3
33.7 6
33.8 5
33.9 6
34 3
34.1 7
34.2 9
34.3 13
34.4 11
34.5 9
34.6 7
34.7 4
34.8 7
34.9 4
35 4
35.1 5
35.2 6
35.3 5
35.4 7
35.5 3
35.6 5
35.7 2
35.8 8
35.9 23
36 18
36.1 5
36.2 3
36.3 7
36.4 8
36.5 7
36.6 2
36.7 1
36.8 4
36.9 8
37 7
37.1 4
37.2 4
37.3 3
37.4 2
37.5 5
37.6 6
37.7 5
37.8 4
37.9 6
38 5
38.1 6
38.2 5
38.3 6
38.4 8
38.5 14
38.6 40
38.7 26
38.8 31
38.9 29
39 30
39.1 14
39.2 15
39.3 20
39.4 11
39.5 25
39.6 22
39.7 33
39.8 21
39.9 27
40 26
40.1 18
40.2 12
40.3 26
40.4 39
40.5 42
40.6 44
40.7 43
40.8 44
40.9 34
41 29
41.1 29
41.2 44
41.3 47
41.4 46
41.5 51
41.6 57
41.7 48
41.8 57
41.9 50
42 38
42.1 36
42.2 38
42.3 34
42.4 42
42.5 43
42.6 41
42.7 48
42.8 51
42.9 57
43 38
43.1 36
43.2 32
43.3 39
43.4 34
43.5 31
43.6 28
43.7 31
43.8 38
43.9 38
44 43
44.1 29
44.2 16
44.3 19
44.4 24
44.5 17
44.6 8
44.7 10
44.8 9
44.9 7
45 6
45.1 4
45.2 2
45.3 4
45.4 1
45.5 2
45.6 7
45.7 8
45.8 9
45.9 3
46 2
46.1 5
46.2 8
46.3 3
46.4 3
46.5 5
46.6 8
46.7 4
46.8 5
46.9 5
47 3
47.1 2
47.2 5
47.3 5
47.4 3
47.5 6
47.6 5
47.7 4
47.8 1
47.9 0
48 2
48.1 4
48.2 6
48.3 4
48.4 7
48.5 5
48.6 6
48.7 10
48.8 8
48.9 8
49 6
49.1 5
49.2 2
49.3 6
49.4 6
49.5 2
49.6 9
49.7 8
49.8 8
49.9 6
50 7
50.1 8
50.2 10
50.3 15
50.4 10
50.5 6
50.6 7
50.7 11
50.8 5
50.9 9
51 10
51.1 12
51.2 10
51.3 8
51.4 6
51.5 7
51.6 9
51.7 8
51.8 8
51.9 7
52 8
52.1 9
52.2 8
52.3 18
52.4 11
52.5 11
52.6 7
52.7 12
52.8 10
52.9 9
53 5
53.1 3
53.2 7
53.3 4
53.4 3
53.5 9
53.6 12
53.7 7
53.8 5
53.9 2
54 6
54.1 5
54.2 7
54.3 8
54.4 7
54.5 5
54.6 6
54.7 6
54.8 4
54.9 6
55 6
55.1 5
55.2 1
55.3 3
55.4 4
55.5 6
55.6 5
55.7 5
55.8 9
55.9 4
56 27
56.1 33
56.2 18
56.3 10
56.4 8
56.5 12
56.6 8
56.7 7
56.8 8
56.9 6
57 6
57.1 2
57.2 2
57.3 7
57.4 5
57.5 7
57.6 9
57.7 7
57.8 4
57.9 5
58 4
58.1 5
58.2 5
58.3 5
58.4 4
58.5 4
58.6 5
58.7 10
58.8 8
58.9 5
59 5
59.1 3
59.2 4
59.3 3
59.4 6
59.5 6
59.6 1
59.7 5
59.8 5
59.9 3
60 5
60.1 7
60.2 9
60.3 6
60.4 2
60.5 3
60.6 7
60.7 10
60.8 6
60.9 7
61 3
61.1 5
61.2 8
61.3 9
61.4 3
61.5 3
61.6 4
61.7 2
61.8 5
61.9 7
62 5
62.1 8
62.2 3
62.3 4
62.4 13
62.5 36
62.6 22
62.7 19
62.8 32
62.9 17
63 26
63.1 27
63.2 26
63.3 27
63.4 23
63.5 40
63.6 46
63.7 43
63.8 47
63.9 51
64 52
64.1 37
64.2 53
64.3 46
64.4 42
64.5 60
64.6 41
64.7 41
64.8 57
64.9 49
65 56
65.1 44
65.2 64
65.3 47
65.4 41
65.5 56
65.6 45
65.7 53
65.8 45
65.9 49
66 50
66.1 49
66.2 39
66.3 43
66.4 44
66.5 43
66.6 54
66.7 49
66.8 55
66.9 48
67 47
67.1 45
67.2 39
67.3 34
67.4 42
67.5 42
67.6 48
67.7 45
67.8 45
67.9 52
68 43
68.1 51
68.2 40
68.3 27
68.4 36
68.5 43
68.6 49
68.7 43
68.8 43
68.9 35
69 35
69.1 51
69.2 35
69.3 30
69.4 40
69.5 33
69.6 16
69.7 13
69.8 28
69.9 8
70 3
70.1 4
70.2 5
70.3 6
70.4 7
70.5 5
70.6 2
70.7 3
70.8 5
70.9 11
71 7
71.1 3
71.2 2
71.3 4
71.4 5
71.5 6
71.6 4
71.7 6
71.8 7
71.9 8
72 5
72.1 5
72.2 5
72.3 7
72.4 4
72.5 4
72.6 5
72.7 4
72.8 7
72.9 5
73 6
73.1 8
73.2 7
73.3 9
73.4 7
73.5 7
73.6 5
73.7 5
73.8 7
73.9 6
74 3
74.1 2
74.2 10
74.3 7
74.4 6
74.5 4
74.6 2
74.7 2
74.8 5
74.9 8
75 10
75.1 7
75.2 7
75.3 5
75.4 5
75.5 4
75.6 6
75.7 4
75.8 6
75.9 8
76 10
76.1 8
76.2 7
76.3 6
76.4 5
76.5 5
76.6 6
76.7 9
76.8 9
76.9 4
77 4
77.1 4
77.2 6
77.3 7
77.4 8
77.5 4
77.6 6
77.7 3
77.8 6
77.9 1
78 7
78.1 6
78.2 2
78.3 5
78.4 14
78.5 6
78.6 8
78.7 4
78.8 5
78.9 0
79 3
79.1 6
79.2 7
79.3 10
79.4 9
79.5 10
79.6 10
79.7 6
79.8 3
79.9 2
80 2
80.1 5
80.2 5
80.3 3
80.4 5
80.5 7
80.6 4
80.7 2
80.8 4
80.9 2
81 7
81.1 6
81.2 6
81.3 5
81.4 6
81.5 3
81.6 2
81.7 3
81.8 1
81.9 1
82 2
82.1 6
82.2 6
82.3 7
82.4 5
82.5 5
82.6 2
82.7 2
82.8 4
82.9 6
83 6
83.1 3
83.2 6
83.3 11
83.4 8
83.5 7
83.6 7
83.7 4
83.8 2
83.9 3
84 5
84.1 13
84.2 42
84.3 38
84.4 31
84.5 29
84.6 22
84.7 48
84.8 28
84.9 30
85 35
85.1 34
85.2 44
85.3 31
85.4 29
85.5 36
85.6 37
85.7 48
85.8 43
85.9 30
86 40
86.1 43
86.2 35
86.3 38
86.4 35
86.5 38
86.6 46
86.7 48
86.8 45
86.9 38
87 41
87.1 40
87.2 54
87.3 53
87.4 53
87.5 48
87.6 35
87.7 30
87.8 43
87.9 37
88 46
88.1 48
88.2 44
88.3 44
88.4 43
88.5 42
88.6 42
88.7 37
88.8 41
88.9 33
89 40
89.1 48
89.2 48
89.3 32
89.4 43
89.5 39
89.6 37
89.7 44
89.8 38
89.9 34
90 27
90.1 28
90.2 21
90.3 40
90.4 32
90.5 44
90.6 27
90.7 26
90.8 18
90.9 3
91 10
91.1 7
91.2 8
91.3 8
91.4 5
91.5 4
91.6 9
91.7 9
91.8 3
91.9 4
92 3
92.1 7
92.2 3
92.3 4
92.4 11
92.5 8
92.6 4
92.7 5
92.8 4
92.9 7
93 10
93.1 7
93.2 5
93.3 4
93.4 6
93.5 5
93.6 3
93.7 3
93.8 6
93.9 5
94 7
94.1 5
94.2 6
94.3 5
94.4 4
94.5 4
94.6 5
94.7 4
94.8 6
94.9 2
95 3
95.1 8
95.2 6
95.3 3
95.4 5
95.5 7
95.6 5
95.7 6
95.8 7
95.9 6
96 5
96.1 7
96.2 7
96.3 5
96.4 3
96.5 5
96.6 7
96.7 3
96.8 5
96.9 10
97 8
97.1 10
97.2 2
97.3 2
97.4 2
97.5 5
97.6 3
97.7 5
97.8 6
97.9 19
98 18
98.1 11
98.2 7
98.3 7
98.4 4
98.5 6
98.6 3
98.7 7
98.8 6
98.9 4
99 7
99.1 2
99.2 4
99.3 4
99.4 1
99.5 2
99.6 2
99.7 6
99.8 8
99.9 6
100 7
100.1 6
100.2 3
100.3 5
100.4 4
100.5 4
100.6 5
100.7 8
100.8 5
100.9 4
101 3
101.1 7
101.2 10
101.3 10
101.4 5
101.5 3
101.6 3
101.7 5
101.8 4
101.9 4
102 8
102.1 8
102.2 12
102.3 10
102.4 27
102.5 32
102.6 22
102.7 31
102.8 26
102.9 39
103 41
103.1 19
103.2 31
103.3 42
103.4 33
103.5 24
103.6 30
103.7 42
103.8 46
103.9 51
104 51
104.1 41
104.2 30
104.3 51
104.4 41
104.5 37
104.6 40
104.7 36
104.8 27
104.9 25
105 38
105.1 44
105.2 48
105.3 53
105.4 41
105.5 46
105.6 49
105.7 35
105.8 46
105.9 51
106 59
106.1 38
106.2 50
106.3 40
106.4 48
106.5 46
106.6 59
106.7 46
106.8 56
106.9 40
107 31
107.1 25
107.2 27
107.3 39
107.4 27
107.5 39
107.6 51
107.7 36
107.8 37
107.9 41
108 41
108.1 46
108.2 49
108.3 59
108.4 44
108.5 29
108.6 29
108.7 40
108.8 27
108.9 19
109 11
109.1 10
109.2 13
109.3 6
109.4 4
109.5 4
109.6 8
109.7 5
109.8 1
109.9 5
110 6
110.1 4
110.2 6
110.3 3
110.4 5
110.5 7
110.6 4
110.7 6
110.8 6
110.9 5
111 6
111.1 4
111.2 6
111.3 9
111.4 8
111.5 4
111.6 5
111.7 7
111.8 10
111.9 7
112 6
112.1 2
112.2 4
112.3 3
112.4 3
112.5 2
112.6 3
112.7 1
112.8 7
112.9 8
113 5
113.1 4
113.2 5
113.3 0
113.4 1
113.5 4
113.6 2
113.7 4
113.8 6
113.9 5
114 4
114.1 5
114.2 9
114.3 7
114.4 8
114.5 3
114.6 3
114.7 3
114.8 6
114.9 4
115 3
115.1 2
115.2 5
115.3 4
115.4 6
115.5 6
115.6 11
115.7 8
115.8 6
115.9 7
116 7
116.1 5
116.2 7
116.3 8
116.4 6
116.5 9
116.6 4
116.7 4
116.8 7
116.9 9
117 4
117.1 7
117.2 5
117.3 10
117.4 9
117.5 9
117.6 5
117.7 4
117.8 4
117.9 6
118 5
118.1 3
118.2 4
118.3 4
118.4 3
118.5 7
118.6 11
118.7 15
118.8 5
118.9 1
119 3
119.1 3
119.2 5
119.3 3
119.4 5
119.5 9
119.6 7
119.7 7
119.8 5
119.9 3
120 2
120.1 3
120.2 5
120.3 10
120.4 8
120.5 8
120.6 7
120.7 3
120.8 6
120.9 8
121 2
121.1 5
121.2 7
121.3 5
121.4 4
121.5 7
121.6 8
121.7 7
121.8 4
121.9 7
122 7
122.1 5
122.2 11
122.3 4
122.4 6
122.5 4
122.6 6
122.7 13
122.8 7
122.9 4
123 9
123.1 6
123.2 8
123.3 8
123.4 5
123.5 4
123.6 9
123.7 5
123.8 2
123.9 2
124 34
124.1 40
124.2 38
124.3 35
124.4 30
124.5 33
124.6 30
124.7 20
124.8 27
124.9 23
125 40
125.1 54
125.2 44
125.3 33
125.4 32
125.5 32
125.6 30
125.7 20
125.8 36
125.9 27
126 26
126.1 41
126.2 45
126.3 41
126.4 43
126.5 49
126.6 56
126.7 53
126.8 54
126.9 49
127 52
127.1 37
127.2 38
127.3 40
127.4 30
127.5 27
127.6 35
127.7 36
127.8 46
127.9 39
128 37
128.1 37
128.2 41
128.3 44
128.4 48
128.5 43
128.6 50
128.7 38
128.8 38
128.9 36
129 49
129.1 33
129.2 46
129.3 46
129.4 44
129.5 42
129.6 45
129.7 41
129.8 38
129.9 59
130 46
130.1 19
130.2 17
130.3 33
130.4 14
130.5 13
130.6 19
130.7 14
130.8 2
130.9 1
131 3
131.1 4
131.2 10
131.3 4
131.4 3
131.5 5
131.6 4
131.7 7
131.8 7
131.9 7
132 3
132.1 4
132.2 4
132.3 10
132.4 6
132.5 6
132.6 5
132.7 2
132.8 5
132.9 7
133 7
133.1 3
133.2 3
133.3 3
133.4 1
133.5 4
133.6 4
133.7 6
133.8 4
133.9 6
134 5
134.1 6
134.2 8
134.3 4
134.4 4
134.5 7
134.6 7
134.7 7
134.8 9
134.9 7
135 7
135.1 6
135.2 5
135.3 5
135.4 6
135.5 2
135.6 1
135.7 3
135.8 4
135.9 5
136 6
136.1 7
136.2 12
136.3 5
136.4 5
136.5 6
136.6 7
136.7 7
136.8 3
136.9 2
137 6
137.1 7
137.2 6
137.3 4
137.4 4
137.5 4
137.6 3
137.7 5
137.8 4
137.9 6
138 6
138.1 5
138.2 2
138.3 2
138.4 5
138.5 5
138.6 6
138.7 3
138.8 5
138.9 7
139 10
139.1 12
139.2 13
139.3 7
139.4 12
139.5 6
139.6 6
139.7 4
139.8 6
139.9 7
140 8
140.1 8
140.2 4
140.3 2
140.4 4
140.5 6
140.6 7
140.7 8
140.8 6
140.9 8
141 15
141.1 10
141.2 10
141.3 8
141.4 4
141.5 6
141.6 10
141.7 5
141.8 6
141.9 6
142 4
142.1 2
142.2 3
142.3 6
142.4 3
142.5 3
142.6 6
142.7 4
142.8 5
142.9 5
143 6
143.1 6
143.2 7
143.3 9
143.4 5
143.5 8
143.6 7
143.7 6
143.8 6
143.9 7
144 5
144.1 1
144.2 3
144.3 6
144.4 3
144.5 2
144.6 2
144.7 7
144.8 11
144.9 6
145 8
145.1 4
145.2 9
145.3 13
145.4 5
145.5 3
145.6 2
145.7 4
145.8 5
145.9 6
146 21
146.1 17
146.2 21
146.3 11
146.4 15
146.5 32
146.6 40
146.7 13
146.8 31
146.9 37
147 42
147.1 45
147.2 31
147.3 33
147.4 34
147.5 43
147.6 47
147.7 49
147.8 53
147.9 47
148 47
148.1 52
148.2 43
148.3 38
148.4 47
148.5 47
148.6 43
148.7 44
148.8 37
148.9 34
149 35
149.1 47
149.2 49
149.3 37
149.4 35
149.5 38
149.6 33
149.7 41
149.8 52
149.9 50
150 50
150.1 58
150.2 38
150.3 45
150.4 36
150.5 33
150.6 45
150.7 45
150.8 46
150.9 55
151 56
151.1 56
151.2 46
151.3 40
151.4 45
151.5 45
151.6 38
151.7 50
151.8 50
151.9 59
152 42
152.1 51
152.2 42
152.3 41
152.4 38
152.5 31
152.6 44
152.7 30
152.8 36
152.9 38
153 25
153.1 27
153.2 32
153.3 21
153.4 29
153.5 21
153.6 10
153.7 3
153.8 4
153.9 3
154 4
154.1 6
154.2 6
154.3 3
154.4 9
154.5 5
154.6 6
154.7 5
154.8 3
154.9 5
155 6
155.1 5
155.2 7
155.3 3
155.4 4
155.5 6
155.6 8
155.7 3
155.8 4
155.9 6
156 5
156.1 2
156.2 4
156.3 7
156.4 3
156.5 7
156.6 6
156.7 6
156.8 18
156.9 11
157 5
157.1 5
157.2 4
157.3 4
157.4 7
157.5 3
157.6 5
157.7 11
157.8 37
157.9 16
158 12
158.1 15
158.2 10
158.3 6
158.4 8
158.5 7
158.6 1
158.7 4
158.8 8
158.9 10
159 7
159.1 11
159.2 7
159.3 4
159.4 4
159.5 4
159.6 4
159.7 5
159.8 3
159.9 3
160 4
160.1 5
160.2 2
160.3 7
160.4 4
160.5 4
160.6 2
160.7 6
160.8 8
160.9 4
161 2
161.1 4
161.2 5
161.3 2
161.4 7
161.5 7
161.6 3
161.7 3
161.8 5
161.9 7
162 7
162.1 8
162.2 4
162.3 10
162.4 6
162.5 6
162.6 7
162.7 7
162.8 9
162.9 7
163 8
163.1 36
163.2 17
163.3 10
163.4 7
163.5 10
163.6 4
163.7 9
163.8 7
163.9 5
164 3
164.1 20
164.2 12
164.3 9
164.4 7
164.5 6
164.6 3
164.7 7
164.8 2
164.9 3
165 2
165.1 5
165.2 5
165.3 6
165.4 6
165.5 9
165.6 4
165.7 27
165.8 20
165.9 22
166 10
166.1 15
166.2 9
166.3 8
166.4 8
166.5 3
166.6 3
166.7 3
166.8 4
166.9 5
167 3
167.1 8
167.2 10
167.3 8
167.4 9
167.5 8
167.6 7
167.7 8
167.8 4
167.9 21
168 31
168.1 30
168.2 17
168.3 14
168.4 28
168.5 43
168.6 49
168.7 42
168.8 35
168.9 36
169 29
169.1 44
169.2 33
169.3 34
169.4 34
169.5 34
169.6 52
169.7 40
169.8 46
169.9 38
170 40
170.1 34
170.2 43
170.3 41
170.4 57
170.5 40
170.6 41
170.7 43
170.8 53
170.9 54
171 51
171.1 50
171.2 25
171.3 22
171.4 43
171.5 50
171.6 50
171.7 47
171.8 40
171.9 35
172 41
172.1 37
172.2 37
172.3 41
172.4 43
172.5 28
172.6 41
172.7 44
172.8 27
172.9 29
173 23
173.1 29
173.2 40
173.3 36
173.4 33
173.5 36
173.6 29
173.7 32
173.8 19
173.9 12
174 5
174.1 7
174.2 10
174.3 5
174.4 8
174.5 9
174.6 3
174.7 2
174.8 2
174.9 3
175 7
175.1 11
175.2 8
175.3 5
175.4 9
175.5 6
175.6 6
175.7 8
175.8 12
175.9 6
176 5
176.1 6
176.2 5
176.3 6
176.4 3
176.5 6
176.6 6
176.7 6
176.8 3
176.9 6
177 3
177.1 8
177.2 8
177.3 8
177.4 5
177.5 4
177.6 3
177.7 4
177.8 4
177.9 5
178 3
178.1 0
178.2 5
178.3 4
178.4 2
178.5 3
178.6 4
178.7 7
178.8 7
178.9 7
179 8
179.1 6
179.2 1
179.3 2
179.4 4
179.5 9
179.6 5
179.7 3
179.8 4
179.9 7
180 8
180.1 8
180.2 5
180.3 5
180.4 6
180.5 6
180.6 9
180.7 6
180.8 5
180.9 8
181 9
181.1 3
181.2 5
181.3 2
181.4 0
181.5 3
181.6 7
181.7 2
181.8 5
181.9 6
182 7
182.1 10
182.2 8
182.3 7
182.4 6
182.5 5
182.6 8
182.7 23
182.8 16
182.9 11
183 5
183.1 4
183.2 6
183.3 8
183.4 3
183.5 4
183.6 1
183.7 3
183.8 4
183.9 3
184 4
184.1 6
184.2 5
184.3 5
184.4 13
184.5 5
184.6 30
184.7 15
184.8 11
184.9 8
185 7
185.1 6
185.2 9
185.3 6
185.4 8
185.5 6
185.6 5
185.7 11
185.8 8
185.9 5
186 4
186.1 5
186.2 10
186.3 13
186.4 4
186.5 4
186.6 12
186.7 8
186.8 10
186.9 7
187 6
187.1 17
187.2 17
187.3 13
187.4 9
187.5 4
187.6 3
187.7 4
187.8 2
187.9 4
188 3
188.1 18
188.2 10
188.3 8
188.4 7
188.5 12
188.6 12
188.7 39
188.8 24
188.9 14
189 18
189.1 23
189.2 14
189.3 23
189.4 17
189.5 36
189.6 31
189.7 41
189.8 46
189.9 28
190 25
190.1 36
190.2 29
190.3 26
190.4 38
190.5 32
190.6 41
190.7 59
190.8 52
190.9 39
191 31
191.1 39
191.2 42
191.3 47
191.4 38
191.5 42
191.6 44
191.7 44
191.8 48
191.9 37
192 39
192.1 38
192.2 59
192.3 57
192.4 52
192.5 38
192.6 39
192.7 31
192.8 38
192.9 40
193 43
193.1 51
193.2 35
193.3 41
193.4 32
193.5 32
193.6 32
193.7 37
193.8 53
193.9 40
194 34
194.1 24
194.2 35
194.3 35
194.4 28
194.5 24
194.6 22
194.7 29
194.8 34
194.9 21
195 29
195.1 13
195.2 10
195.3 11
195.4 10
195.5 15
195.6 9
195.7 4
195.8 6
195.9 7
196 8
196.1 5
196.2 7
196.3 3
196.4 5
196.5 5
196.6 5
196.7 3
196.8 5
196.9 5
197 11
197.1 10
197.2 5
197.3 2
197.4 3
197.5 3
197.6 5
197.7 5
197.8 7
197.9 6
198 8
198.1 5
198.2 4
198.3 5
198.4 6
198.5 10
198.6 3
198.7 4
198.8 4
198.9 4
199 7
199.1 6
199.2 6
199.3 9
199.4 5
199.5 7
199.6 6
199.7 6
199.8 4
199.9 2
200 4
