0 0
0.1 0
0.2 0
0.3 0
0.4 0
0.5 0
0.6 1
0.7 0
0.8 0
0.9 0
1 1
1.1 0
1.2 1
1.3 0
1.4 1
1.5 0
1.6 0
1.7 0
1.8 2
1.9 0
2 1
2.1 1
2.2 0
2.3 1
2.4 2
2.5 1
2.6 2
2.7 0
2.8 0
2.9 2
3 2
3.1 5
3.2 5
3.3 5
3.4 4
3.5 1
3.6 3
3.7 8
3.8 4
3.9 6
4 9
4.1 3
4.2 3
4.3 3
4.4 4
4.5 7
4.6 6
4.7 6
4.8 7
4.9 6
5 9
5.1 8
5.2 4
5.3 9
5.4 11
5.5 9
5.6 7
5.7 8
5.8 7
5.9 20
6 17
6.1 15
6.2 27
6.3 24
6.4 23
6.5 27
6.6 39
6.7 28
6.8 30
6.9 32
7 39
7.1 44
7.2 42
7.3 61
7.4 122
7.5 194
7.6 341
7.7 508
7.8 615
7.9 728
8 834
8.1 920
8.2 983
8.3 1045
8.4 1101
8.5 1169
8.6 1221
8.7 1258
8.8 1299
8.9 1328
9 1354
9.1 1359
9.2 1369
9.3 1378
9.4 1396
9.5 1376
9.6 1365
9.7 1366
9.8 1362
9.9 1353
10 1363
10.1 1367
10.2 1359
10.3 1353
10.4 1354
10.5 1347
10.6 1335
10.7 1318
10.8 1304
10.9 1294
11 1249
11.1 1210
11.2 1196
11.3 1178
11.4 1147
11.5 1149
11.6 1140
11.7 1112
11.8 1077
11.9 1049
12 1033
12.1 1014
12.2 1015
12.3 1029
12.4 1018
12.5 997
12.6 988
12.7 988
12.8 953
12.9 938
13 902
13.1 889
13.2 871
13.3 869
13.4 875
13.5 863
13.6 864
13.7 848
13.8 837
13.9 830
14 819
14.1 800
14.2 790
14.3 788
14.4 774
14.5 746
14.6 749
14.7 740
14.8 726
14.9 723
15 709
15.1 681
15.2 686
15.3 660
15.4 644
15.5 626
15.6 614
15.7 595
15.8 587
15.9 574
16 563
16.1 551
16.2 557
16.3 550
16.4 531
16.5 491
16.6 446
16.7 429
16.8 418
16.9 422
17 426
17.1 415
17.2 421
17.3 415
17.4 388
17.5 392
17.6 392
17.7 383
17.8 376
17.9 362
18 370
18.1 374
18.2 369
18.3 364
18.4 352
18.5 332
18.6 340
18.7 350
18.8 348
18.9 336
19 343
19.1 342
19.2 329
19.3 307
19.4 311
19.5 281
19.6 258
19.7 262
19.8 265
19.9 273
20 273
20.1 266
20.2 249
20.3 247
20.4 239
20.5 233
20.6 231
20.7 242
20.8 231
20.9 201
21 181
21.1 167
21.2 163
21.3 168
21.4 182
21.5 182
21.6 185
21.7 186
21.8 186
21.9 176
22 133
22.1 71
22.2 18
22.3 16
22.4 19
22.5 16
22.6 14
22.7 14
22.8 5
22.9 12
23 5
23.1 8
23.2 8
23.3 5
23.4 5
23.5 8
23.6 6
23.7 2
23.8 5
23.9 3
24 2
24.1 4
24.2 5
24.3 4
24.4 1
24.5 5
24.6 1
24.7 6
24.8 6
24.9 4
25 7
25.1 6
25.2 1
25.3 6
25.4 9
25.5 6
25.6 7
25.7 6
25.8 4
25.9 8
26 6
26.1 9
26.2 10
26.3 11
26.4 6
26.5 13
26.6 7
26.7 13
26.8 13
26.9 16
27 18
27.1 16
27.2 19
27.3 29
27.4 30
27.5 39
27.6 23
27.7 20
27.8 29
27.9 42
28 53
28.1 56
28.2 53
28.3 67
28.4 97
28.5 128
28.6 190
28.7 302
28.8 449
28.9 569
29 656
29.1 788
29.2 859
29.3 930
29.4 1016
29.5 1106
29.6 1175
29.7 1228
29.8 1277
29.9 1299
30 1332
30.1 1353
30.2 1368
30.3 1373
30.4 1389
30.5 1393
30.6 1412
30.7 1397
30.8 1409
30.9 1397
31 1367
31.1 1367
31.2 1364
31.3 1365
31.4 1366
31.5 1358
31.6 1336
31.7 1322
31.8 1301
31.9 1279
32 1276
32.1 1245
32.2 1206
32.3 1171
32.4 1151
32.5 1124
32.6 1117
32.7 1117
32.8 1139
32.9 1139
33 1120
33.1 1089
33.2 1093
33.3 1095
33.4 1081
33.5 1073
33.6 1076
33.7 1066
33.8 1062
33.9 1019
34 1005
34.1 980
34.2 968
34.3 947
34.4 887
34.5 844
34.6 800
34.7 788
34.8 792
34.9 774
35 763
35.1 760
35.2 757
35.3 754
35.4 728
35.5 713
35.6 717
35.7 706
35.8 694
35.9 611
36 535
36.1 507
36.2 511
36.3 525
36.4 521
36.5 521
36.6 531
36.7 548
36.8 568
36.9 560
37 518
37.1 529
37.2 510
37.3 509
37.4 522
37.5 512
37.6 509
37.7 501
37.8 500
37.9 492
38 480
38.1 467
38.2 468
38.3 443
38.4 433
38.5 400
38.6 316
38.7 194
38.8 136
38.9 85
39 47
39.1 29
39.2 21
39.3 25
39.4 28
39.5 34
39.6 33
39.7 23
39.8 23
39.9 33
40 19
40.1 25
40.2 23
40.3 19
40.4 23
40.5 12
40.6 10
40.7 12
40.8 11
40.9 8
41 4
41.1 10
41.2 11
41.3 12
41.4 9
41.5 10
41.6 5
41.7 5
41.8 10
41.9 5
42 12
42.1 7
42.2 16
42.3 8
42.4 9
42.5 9
42.6 10
42.7 15
42.8 12
42.9 12
43 14
43.1 11
43.2 13
43.3 14
43.4 18
43.5 18
43.6 22
43.7 15
43.8 25
43.9 26
44 22
44.1 23
44.2 26
44.3 56
44.4 66
44.5 111
44.6 180
44.7 270
44.8 384
44.9 494
45 613
45.1 710
45.2 776
45.3 834
45.4 896
45.5 954
45.6 1017
45.7 1042
45.8 1062
45.9 1105
46 1140
46.1 1170
46.2 1164
46.3 1163
46.4 1186
46.5 1196
46.6 1188
46.7 1198
46.8 1184
46.9 1172
47 1179
47.1 1175
47.2 1166
47.3 1172
47.4 1164
47.5 1154
47.6 1126
47.7 1107
47.8 1098
47.9 1106
48 1118
48.1 1094
48.2 1040
48.3 1016
48.4 984
48.5 962
48.6 945
48.7 905
48.8 883
48.9 840
49 824
49.1 824
49.2 815
49.3 818
49.4 816
49.5 787
49.6 769
49.7 734
49.8 722
49.9 710
50 698
50.1 682
50.2 657
50.3 598
50.4 564
50.5 542
50.6 528
50.7 517
50.8 484
50.9 499
51 483
51.1 451
51.2 427
51.3 408
51.4 407
51.5 424
51.6 407
51.7 394
51.8 392
51.9 388
52 392
52.1 389
52.2 393
52.3 405
52.4 368
52.5 350
52.6 332
52.7 325
52.8 320
52.9 315
53 335
53.1 349
53.2 376
53.3 368
53.4 377
53.5 385
53.6 392
53.7 373
53.8 380
53.9 386
54 395
54.1 395
54.2 399
54.3 389
54.4 374
54.5 368
54.6 365
54.7 363
54.8 364
54.9 363
55 372
55.1 369
55.2 364
55.3 376
55.4 382
55.5 379
55.6 366
55.7 353
55.8 348
55.9 348
56 318
56.1 215
56.2 123
56.3 85
56.4 98
56.5 107
56.6 104
56.7 105
56.8 117
56.9 132
57 154
57.1 174
57.2 204
57.3 219
57.4 220
57.5 211
57.6 204
57.7 210
57.8 215
57.9 225
58 245
58.1 255
58.2 270
58.3 278
58.4 285
58.5 286
58.6 280
58.7 263
58.8 263
58.9 260
59 274
59.1 286
59.2 285
59.3 297
59.4 287
59.5 279
59.6 279
59.7 291
59.8 289
59.9 289
60 281
60.1 272
60.2 259
60.3 236
60.4 238
60.5 239
60.6 231
60.7 216
60.8 203
60.9 205
61 203
61.1 210
61.2 211
61.3 185
61.4 181
61.5 200
61.6 203
61.7 210
61.8 216
61.9 197
62 183
62.1 177
62.2 167
62.3 174
62.4 179
62.5 119
62.6 41
62.7 16
62.8 14
62.9 13
63 7
63.1 9
63.2 9
63.3 8
63.4 9
63.5 7
63.6 8
63.7 7
63.8 3
63.9 4
64 4
64.1 2
64.2 3
64.3 2
64.4 4
64.5 3
64.6 1
64.7 3
64.8 8
64.9 3
65 8
65.1 2
65.2 4
65.3 5
65.4 1
65.5 1
65.6 5
65.7 3
65.8 5
65.9 5
66 4
66.1 3
66.2 3
66.3 6
66.4 4
66.5 3
66.6 7
66.7 4
66.8 6
66.9 6
67 9
67.1 10
67.2 6
67.3 10
67.4 9
67.5 8
67.6 8
67.7 9
67.8 15
67.9 13
68 11
68.1 7
68.2 11
68.3 13
68.4 9
68.5 20
68.6 18
68.7 16
68.8 18
68.9 21
69 21
69.1 20
69.2 26
69.3 29
69.4 31
69.5 34
69.6 59
69.7 86
69.8 136
69.9 182
70 309
70.1 465
70.2 583
70.3 693
70.4 784
70.5 860
70.6 948
70.7 1027
70.8 1078
70.9 1097
71 1107
71.1 1143
71.2 1215
71.3 1257
71.4 1261
71.5 1285
71.6 1289
71.7 1300
71.8 1288
71.9 1273
72 1256
72.1 1251
72.2 1252
72.3 1267
72.4 1278
72.5 1294
72.6 1295
72.7 1299
72.8 1289
72.9 1271
73 1235
73.1 1214
73.2 1182
73.3 1170
73.4 1155
73.5 1140
73.6 1099
73.7 1097
73.8 1084
73.9 1090
74 1080
74.1 1071
74.2 1055
74.3 1008
74.4 1004
74.5 992
74.6 990
74.7 989
74.8 985
74.9 968
75 929
75.1 905
75.2 889
75.3 860
75.4 850
75.5 851
75.6 838
75.7 823
75.8 826
75.9 819
76 776
76.1 748
76.2 747
76.3 729
76.4 726
76.5 713
76.6 703
76.7 672
76.8 635
76.9 618
77 605
77.1 601
77.2 597
77.3 574
77.4 559
77.5 557
77.6 559
77.7 553
77.8 540
77.9 551
78 553
78.1 553
78.2 559
78.3 553
78.4 485
78.5 463
78.6 448
78.7 450
78.8 443
78.9 461
79 476
79.1 476
79.2 463
79.3 436
79.4 408
79.5 393
79.6 379
79.7 376
79.8 373
79.9 385
80 391
80.1 400
80.2 387
80.3 388
80.4 387
80.5 359
80.6 358
80.7 370
80.8 370
80.9 373
81 372
81.1 359
81.2 343
81.3 333
81.4 324
81.5 314
81.6 318
81.7 311
81.8 314
81.9 327
82 324
82.1 316
82.2 297
82.3 291
82.4 278
82.5 268
82.6 260
82.7 263
82.8 273
82.9 275
83 261
83.1 236
83.2 231
83.3 230
83.4 205
83.5 200
83.6 177
83.7 166
83.8 175
83.9 187
84 194
84.1 185
84.2 97
84.3 21
84.4 15
84.5 9
84.6 7
84.7 6
84.8 5
84.9 3
85 8
85.1 3
85.2 5
85.3 3
85.4 7
85.5 4
85.6 4
85.7 1
85.8 4
85.9 6
86 4
86.1 2
86.2 5
86.3 4
86.4 7
86.5 4
86.6 2
86.7 5
86.8 3
86.9 7
87 6
87.1 9
87.2 8
87.3 5
87.4 7
87.5 3
87.6 3
87.7 3
87.8 3
87.9 8
88 7
88.1 6
88.2 3
88.3 5
88.4 6
88.5 13
88.6 12
88.7 6
88.8 13
88.9 11
89 8
89.1 15
89.2 8
89.3 11
89.4 14
89.5 9
89.6 18
89.7 13
89.8 26
89.9 21
90 15
90.1 23
90.2 31
90.3 38
90.4 33
90.5 56
90.6 49
90.7 48
90.8 88
90.9 145
91 264
91.1 372
91.2 469
91.3 569
91.4 650
91.5 742
91.6 828
91.7 872
91.8 920
91.9 978
92 1018
92.1 1024
92.2 1056
92.3 1089
92.4 1081
92.5 1089
92.6 1119
92.7 1143
92.8 1179
92.9 1175
93 1170
93.1 1172
93.2 1159
93.3 1161
93.4 1154
93.5 1148
93.6 1146
93.7 1154
93.8 1145
93.9 1141
94 1127
94.1 1092
94.2 1090
94.3 1072
94.4 1070
94.5 1067
94.6 1068
94.7 1037
94.8 1015
94.9 1002
95 1010
95.1 989
95.2 962
95.3 952
95.4 938
95.5 919
95.6 904
95.7 888
95.8 863
95.9 848
96 829
96.1 814
96.2 786
96.3 771
96.4 760
96.5 739
96.6 728
96.7 710
96.8 691
96.9 675
97 663
97.1 649
97.2 650
97.3 642
97.4 649
97.5 643
97.6 637
97.7 627
97.8 601
97.9 576
98 467
98.1 425
98.2 405
98.3 397
98.4 400
98.5 395
98.6 398
98.7 391
98.8 378
98.9 376
99 388
99.1 391
99.2 393
99.3 405
99.4 412
99.5 422
99.6 442
99.7 435
99.8 426
99.9 401
100 400
100.1 376
100.2 368
100.3 364
100.4 361
100.5 367
100.6 358
100.7 332
100.8 312
100.9 307
101 298
101.1 299
101.2 286
101.3 250
101.4 231
101.5 221
101.6 211
101.7 227
101.8 231
101.9 234
102 239
102.1 241
102.2 222
102.3 199
102.4 159
102.5 98
102.6 36
102.7 22
102.8 13
102.9 5
103 9
103.1 5
103.2 4
103.3 0
103.4 6
103.5 3
103.6 4
103.7 5
103.8 9
103.9 2
104 5
104.1 7
104.2 6
104.3 7
104.4 6
104.5 8
104.6 9
104.7 4
104.8 14
104.9 3
105 6
105.1 6
105.2 8
105.3 6
105.4 10
105.5 2
105.6 2
105.7 8
105.8 8
105.9 4
106 6
106.1 5
106.2 3
106.3 9
106.4 12
106.5 6
106.6 8
106.7 7
106.8 6
106.9 8
107 8
107.1 14
107.2 16
107.3 14
107.4 11
107.5 15
107.6 21
107.7 23
107.8 21
107.9 17
108 16
108.1 16
108.2 22
108.3 29
108.4 22
108.5 26
108.6 42
108.7 37
108.8 64
108.9 85
109 140
109.1 245
109.2 390
109.3 516
109.4 654
109.5 741
109.6 842
109.7 914
109.8 1015
109.9 1120
110 1171
110.1 1201
110.2 1265
110.3 1279
110.4 1320
110.5 1324
110.6 1371
110.7 1401
110.8 1426
110.9 1425
111 1407
111.1 1393
111.2 1400
111.3 1388
111.4 1365
111.5 1365
111.6 1366
111.7 1338
111.8 1316
111.9 1309
112 1289
112.1 1290
112.2 1288
112.3 1296
112.4 1292
112.5 1293
112.6 1288
112.7 1263
112.8 1230
112.9 1182
113 1166
113.1 1162
113.2 1162
113.3 1159
113.4 1162
113.5 1150
113.6 1115
113.7 1102
113.8 1080
113.9 1044
114 1027
114.1 1001
114.2 966
114.3 946
114.4 921
114.5 893
114.6 880
114.7 871
114.8 853
114.9 848
115 836
115.1 809
115.2 801
115.3 786
115.4 764
115.5 723
115.6 687
115.7 652
115.8 627
115.9 625
116 594
116.1 574
116.2 562
116.3 535
116.4 519
116.5 513
116.6 495
116.7 486
116.8 492
116.9 487
117 477
117.1 467
117.2 439
117.3 434
117.4 433
117.5 437
117.6 442
117.7 434
117.8 453
117.9 455
118 447
118.1 446
118.2 462
118.3 447
118.4 441
118.5 445
118.6 435
118.7 387
118.8 363
118.9 374
119 380
119.1 389
119.2 400
119.3 396
119.4 384
119.5 364
119.6 349
119.7 329
119.8 333
119.9 327
120 332
120.1 346
120.2 353
120.3 341
120.4 305
120.5 286
120.6 270
120.7 266
120.8 265
120.9 244
121 239
121.1 247
121.2 242
121.3 231
121.4 239
121.5 234
121.6 222
121.7 221
121.8 220
121.9 221
122 217
122.1 215
122.2 204
122.3 186
122.4 187
122.5 191
122.6 178
122.7 145
122.8 110
122.9 111
123 121
123.1 114
123.2 106
123.3 117
123.4 120
123.5 118
123.6 117
123.7 104
123.8 114
123.9 129
124 109
124.1 65
124.2 22
124.3 11
124.4 9
124.5 7
124.6 3
124.7 4
124.8 5
124.9 7
125 6
125.1 6
125.2 2
125.3 4
125.4 5
125.5 7
125.6 5
125.7 9
125.8 6
125.9 5
126 4
126.1 5
126.2 8
126.3 7
126.4 4
126.5 3
126.6 2
126.7 5
126.8 8
126.9 4
127 7
127.1 4
127.2 4
127.3 3
127.4 3
127.5 9
127.6 9
127.7 15
127.8 8
127.9 20
128 10
128.1 8
128.2 17
128.3 8
128.4 10
128.5 12
128.6 14
128.7 7
128.8 17
128.9 7
129 20
129.1 15
129.2 19
129.3 28
129.4 16
129.5 18
129.6 19
129.7 18
129.8 16
129.9 29
130 26
130.1 21
130.2 41
130.3 55
130.4 55
130.5 81
130.6 169
130.7 252
130.8 377
130.9 492
131 620
131.1 712
131.2 772
131.3 835
131.4 906
131.5 955
131.6 1023
131.7 1062
131.8 1095
131.9 1104
132 1107
132.1 1153
132.2 1177
132.3 1157
132.4 1137
132.5 1135
132.6 1142
132.7 1154
132.8 1180
132.9 1186
133 1164
133.1 1169
133.2 1163
133.3 1170
133.4 1176
133.5 1169
133.6 1157
133.7 1147
133.8 1136
133.9 1120
134 1103
134.1 1063
134.2 1042
134.3 1019
134.4 1017
134.5 1001
134.6 967
134.7 937
134.8 916
134.9 895
135 871
135.1 851
135.2 844
135.3 853
135.4 852
135.5 839
135.6 845
135.7 835
135.8 835
135.9 825
136 816
136.1 798
136.2 750
136.3 731
136.4 710
136.5 692
136.6 665
136.7 641
136.8 634
136.9 656
137 653
137.1 623
137.2 605
137.3 606
137.4 605
137.5 611
137.6 612
137.7 604
137.8 593
137.9 581
138 574
138.1 561
138.2 564
138.3 563
138.4 562
138.5 548
138.6 520
138.7 504
138.8 496
138.9 484
139 461
139.1 423
139.2 393
139.3 375
139.4 340
139.5 342
139.6 351
139.7 354
139.8 345
139.9 334
140 333
140.1 329
140.2 330
140.3 331
140.4 337
140.5 339
140.6 347
140.7 316
140.8 299
140.9 290
141 278
141.1 219
141.2 192
141.3 206
141.4 206
141.5 204
141.6 212
141.7 207
141.8 212
141.9 218
142 237
142.1 253
142.2 271
142.3 276
142.4 275
142.5 283
142.6 282
142.7 281
142.8 272
142.9 273
143 276
143.1 274
143.2 278
143.3 256
143.4 240
143.5 238
143.6 225
143.7 220
143.8 234
143.9 236
144 225
144.1 228
144.2 233
144.3 235
144.4 224
144.5 226
144.6 229
144.7 240
144.8 217
144.9 200
145 185
145.1 182
145.2 180
145.3 154
145.4 144
145.5 147
145.6 157
145.7 149
145.8 166
145.9 166
146 156
146.1 113
146.2 83
146.3 65
146.4 49
146.5 35
146.6 16
146.7 15
146.8 13
146.9 11
147 9
147.1 4
147.2 4
147.3 4
147.4 4
147.5 3
147.6 5
147.7 1
147.8 3
147.9 6
148 6
148.1 2
148.2 3
148.3 4
148.4 6
148.5 4
148.6 4
148.7 4
148.8 2
148.9 2
149 4
149.1 3
149.2 6
149.3 9
149.4 3
149.5 7
149.6 3
149.7 5
149.8 8
149.9 9
150 3
150.1 11
150.2 3
150.3 6
150.4 7
150.5 5
150.6 5
150.7 11
150.8 2
150.9 10
151 10
151.1 5
151.2 10
151.3 13
151.4 14
151.5 14
151.6 12
151.7 18
151.8 9
151.9 10
152 13
152.1 12
152.2 12
152.3 15
152.4 9
152.5 17
152.6 22
152.7 17
152.8 25
152.9 32
153 39
153.1 40
153.2 54
153.3 78
153.4 110
153.5 173
153.6 261
153.7 406
153.8 537
153.9 668
154 789
154.1 891
154.2 972
154.3 1078
154.4 1109
154.5 1159
154.6 1218
154.7 1272
154.8 1330
154.9 1352
155 1361
155.1 1369
155.2 1381
155.3 1380
155.4 1394
155.5 1373
155.6 1383
155.7 1383
155.8 1405
155.9 1406
156 1394
156.1 1394
156.2 1387
156.3 1360
156.4 1347
156.5 1334
156.6 1314
156.7 1315
156.8 1307
156.9 1234
157 1209
157.1 1209
157.2 1203
157.3 1216
157.4 1212
157.5 1205
157.6 1203
157.7 1182
157.8 1056
157.9 917
158 871
158.1 866
158.2 847
158.3 837
158.4 849
158.5 842
158.6 835
158.7 858
158.8 867
158.9 838
159 831
159.1 793
159.2 791
159.3 784
159.4 814
159.5 828
159.6 834
159.7 820
159.8 808
159.9 812
160 817
160.1 786
160.2 790
160.3 788
160.4 772
160.5 783
160.6 779
160.7 765
160.8 752
160.9 733
161 730
161.1 713
161.2 702
161.3 691
161.4 689
161.5 674
161.6 651
161.7 656
161.8 657
161.9 636
162 621
162.1 578
162.2 573
162.3 568
162.4 559
162.5 547
162.6 544
162.7 535
162.8 546
162.9 520
163 507
163.1 431
163.2 341
163.3 307
163.4 309
163.5 296
163.6 311
163.7 330
163.8 337
163.9 327
164 355
164.1 348
164.2 297
164.3 281
164.4 276
164.5 305
164.6 323
164.7 338
164.8 340
164.9 361
165 376
165.1 380
165.2 391
165.3 381
165.4 370
165.5 362
165.6 330
165.7 331
165.8 232
165.9 151
166 127
166.1 113
166.2 104
166.3 112
166.4 137
166.5 151
166.6 175
166.7 192
166.8 204
166.9 218
167 229
167.1 229
167.2 222
167.3 213
167.4 208
167.5 189
167.6 183
167.7 175
167.8 174
167.9 177
168 120
168.1 61
168.2 25
168.3 21
168.4 15
168.5 18
168.6 8
168.7 8
168.8 8
168.9 6
169 5
169.1 5
169.2 4
169.3 9
169.4 3
169.5 8
169.6 5
169.7 8
169.8 6
169.9 8
170 6
170.1 7
170.2 5
170.3 3
170.4 6
170.5 8
170.6 2
170.7 5
170.8 7
170.9 6
171 8
171.1 7
171.2 5
171.3 5
171.4 9
171.5 11
171.6 10
171.7 2
171.8 13
171.9 9
172 11
172.1 8
172.2 5
172.3 23
172.4 15
172.5 14
172.6 21
172.7 19
172.8 23
172.9 16
173 21
173.1 37
173.2 41
173.3 44
173.4 35
173.5 40
173.6 57
173.7 85
173.8 132
173.9 198
174 299
174.1 421
174.2 518
174.3 579
174.4 665
174.5 745
174.6 806
174.7 886
174.8 974
174.9 1023
175 1049
175.1 1071
175.2 1091
175.3 1104
175.4 1138
175.5 1142
175.6 1166
175.7 1156
175.8 1153
175.9 1142
176 1138
176.1 1153
176.2 1168
176.3 1165
176.4 1169
176.5 1169
176.6 1142
176.7 1121
176.8 1131
176.9 1112
177 1117
177.1 1085
177.2 1068
177.3 1023
177.4 1005
177.5 1008
177.6 999
177.7 996
177.8 973
177.9 951
178 946
178.1 952
178.2 948
178.3 936
178.4 941
178.5 928
178.6 922
178.7 895
178.8 871
178.9 835
179 806
179.1 777
179.2 756
179.3 774
179.4 790
179.5 758
179.6 735
179.7 732
179.8 724
179.9 720
180 714
180.1 700
180.2 683
180.3 689
180.4 669
180.5 664
180.6 658
180.7 648
180.8 635
180.9 623
181 600
181.1 590
181.2 581
181.3 578
181.4 569
181.5 577
181.6 576
181.7 548
181.8 541
181.9 515
182 495
182.1 464
182.2 439
182.3 420
182.4 425
182.5 411
182.6 414
182.7 337
182.8 272
182.9 243
183 233
183.1 244
183.2 269
183.3 259
183.4 259
183.5 274
183.6 287
183.7 311
183.8 305
183.9 328
184 331
184.1 330
184.2 323
184.3 322
184.4 299
184.5 280
184.6 237
184.7 161
184.8 136
184.9 139
185 122
185.1 129
185.2 128
185.3 148
185.4 163
185.5 156
185.6 173
185.7 171
185.8 159
185.9 164
186 165
186.1 177
186.2 180
186.3 174
186.4 173
186.5 183
186.6 189
186.7 171
186.8 160
186.9 150
187 149
187.1 158
187.2 101
187.3 81
187.4 65
187.5 60
187.6 63
187.7 88
187.8 105
187.9 117
188 121
188.1 123
188.2 107
188.3 99
188.4 102
188.5 94
188.6 79
188.7 47
188.8 20
188.9 26
189 25
189.1 26
189.2 16
189.3 22
189.4 15
189.5 12
189.6 7
189.7 12
189.8 7
189.9 7
190 2
190.1 7
190.2 7
190.3 7
190.4 2
190.5 7
190.6 2
190.7 4
190.8 4
190.9 3
191 6
191.1 8
191.2 11
191.3 8
191.4 4
191.5 5
191.6 3
191.7 9
191.8 8
191.9 7
192 7
192.1 5
192.2 8
192.3 9
192.4 7
192.5 5
192.6 3
192.7 8
192.8 4
192.9 7
193 11
193.1 8
193.2 8
193.3 6
193.4 12
193.5 8
193.6 9
193.7 18
193.8 12
193.9 16
194 16
194.1 16
194.2 18
194.3 22
194.4 20
194.5 34
194.6 41
194.7 56
194.8 65
194.9 62
195 82
195.1 104
195.2 166
195.3 254
195.4 359
195.5 446
195.6 505
195.7 564
195.8 655
195.9 708
196 740
196.1 804
196.2 838
196.3 908
196.4 958
196.5 987
196.6 1011
196.7 1029
196.8 1045
196.9 1070
197 1074
197.1 1045
197.2 1068
197.3 1068
197.4 1081
197.5 1098
197.6 1101
197.7 1078
197.8 1067
197.9 1052
198 1041
198.1 1036
198.2 1022
198.3 1019
198.4 1007
198.5 975
198.6 958
198.7 960
198.8 956
198.9 961
199 935
199.1 934
199.2 908
199.3 893
199.4 872
199.5 858
199.6 827
199.7 808
199.8 800
199.9 799
200 796
