0 0
0.1 11
0.2 53
0.3 77
0.4 172
0.5 236
0.6 405
0.7 578
0.8 700
0.9 785
1 837
1.1 867
1.2 919
1.3 999
1.4 1120
1.5 1234
1.6 1329
1.7 1308
1.8 1321
1.9 1364
2 1435
2.1 1503
2.2 1498
2.3 1541
2.4 1594
2.5 1610
2.6 1640
2.7 1650
2.8 1671
2.9 1683
3 1601
3.1 1609
3.2 1631
3.3 1593
3.4 1576
3.5 1568
3.6 1588
3.7 1586
3.8 1552
3.9 1510
4 1523
4.1 1556
4.2 1518
4.3 1513
4.4 1511
4.5 1432
4.6 1419
4.7 1386
4.8 1377
4.9 1389
5 1417
5.1 1395
5.2 1335
5.3 1283
5.4 1252
5.5 1235
5.6 1227
5.7 1213
5.8 1187
5.9 1202
6 1242
6.1 1185
6.2 1153
6.3 1083
6.4 1041
6.5 1052
6.6 992
6.7 980
6.8 951
6.9 958
7 849
7.1 785
7.2 687
7.3 597
7.4 510
7.5 438
7.6 362
7.7 303
7.8 261
7.9 173
8 74
8.1 22
8.2 29
8.3 12
8.4 10
8.5 2
8.6 3
8.7 4
8.8 5
8.9 3
9 3
9.1 2
9.2 1
9.3 3
9.4 1
9.5 0
9.6 0
9.7 0
9.8 2
9.9 0
10 0
10.1 1
10.2 1
10.3 5
10.4 1
10.5 1
10.6 5
10.7 2
10.8 3
10.9 2
11 1
11.1 0
11.2 2
11.3 3
11.4 2
11.5 3
11.6 0
11.7 0
11.8 1
11.9 1
12 1
12.1 2
12.2 1
12.3 1
12.4 2
12.5 2
12.6 1
12.7 1
12.8 4
12.9 3
13 1
13.1 0
13.2 0
13.3 3
13.4 2
13.5 2
13.6 7
13.7 6
13.8 9
13.9 2
14 1
14.1 1
14.2 3
14.3 2
14.4 0
14.5 1
14.6 3
14.7 5
14.8 3
14.9 1
15 3
15.1 2
15.2 2
15.3 2
15.4 1
15.5 1
15.6 6
15.7 4
15.8 3
15.9 0
16 3
16.1 1
16.2 3
16.3 2
16.4 3
16.5 0
16.6 1
16.7 1
16.8 3
16.9 2
17 3
17.1 2
17.2 3
17.3 8
17.4 8
17.5 2
17.6 5
17.7 4
17.8 5
17.9 3
18 4
18.1 2
18.2 0
18.3 5
18.4 4
18.5 2
18.6 5
18.7 7
18.8 2
18.9 3
19 2
19.1 0
19.2 7
19.3 4
19.4 13
19.5 16
19.6 9
19.7 4
19.8 4
19.9 3
20 3
20.1 5
20.2 3
20.3 5
20.4 6
20.5 6
20.6 2
20.7 7
20.8 11
20.9 7
21 5
21.1 4
21.2 12
21.3 14
21.4 17
21.5 28
21.6 60
21.7 95
21.8 148
21.9 183
22 301
22.1 354
22.2 366
22.3 406
22.4 447
22.5 474
22.6 583
22.7 682
22.8 751
22.9 820
23 822
23.1 779
23.2 781
23.3 796
23.4 851
23.5 893
23.6 939
23.7 971
23.8 979
23.9 1027
24 1052
24.1 1040
24.2 996
24.3 971
24.4 974
24.5 978
24.6 1011
24.7 1008
24.8 1043
24.9 1003
25 989
25.1 922
25.2 921
25.3 1005
25.4 984
25.5 957
25.6 977
25.7 934
25.8 877
25.9 910
26 888
26.1 858
26.2 827
26.3 892
26.4 861
26.5 796
26.6 729
26.7 683
26.8 646
26.9 626
27 539
27.1 509
27.2 439
27.3 441
27.4 450
27.5 427
27.6 406
27.7 399
27.8 375
27.9 320
28 221
28.1 168
28.2 126
28.3 68
28.4 58
28.5 50
28.6 42
28.7 28
28.8 6
28.9 5
29 4
29.1 3
29.2 4
29.3 3
29.4 2
29.5 2
29.6 1
29.7 2
29.8 1
29.9 4
30 2
30.1 1
30.2 2
30.3 2
30.4 0
30.5 2
30.6 0
30.7 2
30.8 0
30.9 1
31 0
31.1 6
31.2 10
31.3 3
31.4 3
31.5 1
31.6 0
31.7 1
31.8 1
31.9 2
32 3
32.1 1
32.2 0
32.3 4
32.4 0
32.5 0
32.6 0
32.7 6
32.8 2
32.9 2
33 0
33.1 1
33.2 1
33.3 2
33.4 0
33.5 0
33.6 3
33.7 1
33.8 2
33.9 1
34 4
34.1 0
34.2 0
34.3 1
34.4 2
34.5 4
34.6 1
34.7 0
34.8 0
34.9 1
35 3
35.1 0
35.2 1
35.3 2
35.4 1
35.5 0
35.6 7
35.7 6
35.8 3
35.9 1
36 7
36.1 8
36.2 14
36.3 7
36.4 6
36.5 8
36.6 8
36.7 6
36.8 4
36.9 2
37 3
37.1 7
37.2 9
37.3 8
37.4 15
37.5 10
37.6 4
37.7 1
37.8 1
37.9 2
38 2
38.1 1
38.2 2
38.3 4
38.4 2
38.5 3
38.6 3
38.7 3
38.8 5
38.9 1
39 4
39.1 1
39.2 5
39.3 1
39.4 3
39.5 4
39.6 0
39.7 3
39.8 2
39.9 4
40 6
40.1 9
40.2 5
40.3 10
40.4 10
40.5 2
40.6 2
40.7 2
40.8 2
40.9 4
41 6
41.1 4
41.2 4
41.3 3
41.4 1
41.5 2
41.6 1
41.7 6
41.8 2
41.9 3
42 2
42.1 2
42.2 2
42.3 1
42.4 4
42.5 4
42.6 5
42.7 4
42.8 11
42.9 8
43 15
43.1 32
43.2 16
43.3 35
43.4 20
43.5 9
43.6 10
43.7 20
43.8 9
43.9 13
44 6
44.1 6
44.2 5
44.3 10
44.4 5
44.5 8
44.6 0
44.7 6
44.8 23
44.9 19
45 18
45.1 22
45.2 14
45.3 24
45.4 13
45.5 15
45.6 15
45.7 4
45.8 11
45.9 9
46 12
46.1 19
46.2 25
46.3 35
46.4 25
46.5 26
46.6 75
46.7 146
46.8 287
46.9 373
47 442
47.1 512
47.2 567
47.3 605
47.4 693
47.5 699
47.6 715
47.7 771
47.8 852
47.9 890
48 868
48.1 909
48.2 958
48.3 1011
48.4 1037
48.5 1085
48.6 1103
48.7 1181
48.8 1217
48.9 1239
49 1247
49.1 1285
49.2 1336
49.3 1297
49.4 1285
49.5 1267
49.6 1242
49.7 1210
49.8 1160
49.9 1167
50 1205
50.1 1323
50.2 1292
50.3 1281
50.4 1186
50.5 1148
50.6 1212
50.7 1201
50.8 1178
50.9 1131
51 1096
51.1 1050
51.2 998
51.3 1007
51.4 1031
51.5 996
51.6 997
51.7 987
51.8 988
51.9 938
52 814
52.1 743
52.2 727
52.3 668
52.4 602
52.5 560
52.6 537
52.7 456
52.8 344
52.9 289
53 202
53.1 160
53.2 118
53.3 72
53.4 22
53.5 15
53.6 8
53.7 1
53.8 4
53.9 2
54 0
54.1 4
54.2 2
54.3 1
54.4 1
54.5 0
54.6 0
54.7 1
54.8 2
54.9 1
55 0
55.1 0
55.2 1
55.3 4
55.4 1
55.5 2
55.6 5
55.7 2
55.8 4
55.9 1
56 2
56.1 0
56.2 1
56.3 3
56.4 0
56.5 2
56.6 1
56.7 1
56.8 0
56.9 2
57 2
57.1 1
57.2 2
57.3 4
57.4 3
57.5 2
57.6 1
57.7 2
57.8 1
57.9 3
58 4
58.1 1
58.2 0
58.3 2
58.4 4
58.5 2
58.6 3
58.7 1
58.8 4
58.9 1
59 3
59.1 2
59.2 1
59.3 1
59.4 4
59.5 2
59.6 3
59.7 0
59.8 2
59.9 2
60 1
60.1 6
60.2 4
60.3 0
60.4 1
60.5 2
60.6 2
60.7 0
60.8 4
60.9 0
61 7
61.1 2
61.2 2
61.3 0
61.4 1
61.5 1
61.6 3
61.7 4
61.8 6
61.9 14
62 3
62.1 0
62.2 1
62.3 4
62.4 2
62.5 0
62.6 1
62.7 3
62.8 4
62.9 4
63 1
63.1 8
63.2 4
63.3 4
63.4 8
63.5 8
63.6 2
63.7 3
63.8 5
63.9 5
64 7
64.1 8
64.2 9
64.3 2
64.4 1
64.5 14
64.6 16
64.7 14
64.8 17
64.9 16
65 11
65.1 9
65.2 8
65.3 4
65.4 2
65.5 11
65.6 13
65.7 6
65.8 6
65.9 16
66 22
66.1 11
66.2 13
66.3 12
66.4 11
66.5 3
66.6 2
66.7 5
66.8 5
66.9 7
67 8
67.1 16
67.2 8
67.3 4
67.4 2
67.5 7
67.6 5
67.7 3
67.8 0
67.9 2
68 2
68.1 2
68.2 6
68.3 5
68.4 2
68.5 0
68.6 2
68.7 4
68.8 4
68.9 3
69 3
69.1 5
69.2 10
69.3 11
69.4 23
69.5 10
69.6 16
69.7 13
69.8 16
69.9 13
70 6
70.1 6
70.2 4
70.3 6
70.4 7
70.5 27
70.6 19
70.7 18
70.8 38
70.9 53
71 41
71.1 73
71.2 67
71.3 69
71.4 78
71.5 127
71.6 197
71.7 285
71.8 401
71.9 438
72 461
72.1 490
72.2 559
72.3 605
72.4 691
72.5 735
72.6 798
72.7 813
72.8 900
72.9 981
73 1042
73.1 1113
73.2 1159
73.3 1194
73.4 1177
73.5 1274
73.6 1372
73.7 1388
73.8 1411
73.9 1452
74 1395
74.1 1348
74.2 1328
74.3 1313
74.4 1251
74.5 1243
74.6 1206
74.7 1131
74.8 1133
74.9 1185
75 1235
75.1 1256
75.2 1219
75.3 1206
75.4 1185
75.5 1139
75.6 1143
75.7 1122
75.8 1074
75.9 1066
76 1046
76.1 1068
76.2 1057
76.3 949
76.4 879
76.5 859
76.6 791
76.7 774
76.8 768
76.9 729
77 667
77.1 587
77.2 494
77.3 373
77.4 293
77.5 218
77.6 139
77.7 95
77.8 50
77.9 6
78 7
78.1 5
78.2 4
78.3 1
78.4 1
78.5 1
78.6 0
78.7 1
78.8 0
78.9 1
79 0
79.1 0
79.2 0
79.3 0
79.4 0
79.5 2
79.6 0
79.7 0
79.8 3
79.9 2
80 0
80.1 2
80.2 0
80.3 1
80.4 2
80.5 2
80.6 3
80.7 0
80.8 0
80.9 1
81 1
81.1 0
81.2 0
81.3 1
81.4 2
81.5 2
81.6 0
81.7 1
81.8 0
81.9 1
82 2
82.1 0
82.2 0
82.3 1
82.4 2
82.5 1
82.6 2
82.7 2
82.8 3
82.9 2
83 3
83.1 1
83.2 1
83.3 0
83.4 2
83.5 4
83.6 4
83.7 3
83.8 2
83.9 0
84 0
84.1 5
84.2 1
84.3 3
84.4 3
84.5 0
84.6 2
84.7 5
84.8 3
84.9 2
85 3
85.1 5
85.2 1
85.3 1
85.4 3
85.5 1
85.6 0
85.7 0
85.8 0
85.9 1
86 1
86.1 0
86.2 4
86.3 0
86.4 0
86.5 3
86.6 2
86.7 20
86.8 22
86.9 9
87 6
87.1 4
87.2 2
87.3 5
87.4 3
87.5 5
87.6 2
87.7 7
87.8 0
87.9 0
88 2
88.1 1
88.2 2
88.3 1
88.4 4
88.5 1
88.6 3
88.7 2
88.8 0
88.9 0
89 4
89.1 5
89.2 6
89.3 4
89.4 4
89.5 5
89.6 6
89.7 5
89.8 3
89.9 2
90 2
90.1 3
90.2 1
90.3 5
90.4 1
90.5 0
90.6 5
90.7 3
90.8 5
90.9 3
91 2
91.1 4
91.2 7
91.3 9
91.4 12
91.5 10
91.6 5
91.7 6
91.8 7
91.9 7
92 1
92.1 3
92.2 2
92.3 5
92.4 9
92.5 2
92.6 5
92.7 15
92.8 12
92.9 18
93 6
93.1 16
93.2 16
93.3 10
93.4 5
93.5 13
93.6 10
93.7 16
93.8 16
93.9 17
94 14
94.1 11
94.2 15
94.3 11
94.4 17
94.5 17
94.6 6
94.7 6
94.8 7
94.9 9
95 14
95.1 13
95.2 31
95.3 28
95.4 55
95.5 67
95.6 81
95.7 115
95.8 153
95.9 176
96 196
96.1 256
96.2 320
96.3 387
96.4 485
96.5 486
96.6 521
96.7 598
96.8 673
96.9 777
97 835
97.1 818
97.2 869
97.3 881
97.4 841
97.5 775
97.6 811
97.7 816
97.8 891
97.9 973
98 989
98.1 1049
98.2 1078
98.3 1057
98.4 1049
98.5 1042
98.6 1058
98.7 1033
98.8 1011
98.9 953
99 941
99.1 889
99.2 848
99.3 815
99.4 799
99.5 737
99.6 714
99.7 696
99.8 636
99.9 582
100 537
100.1 485
100.2 457
100.3 450
100.4 435
100.5 349
100.6 291
100.7 292
100.8 264
100.9 191
101 96
101.1 30
101.2 9
101.3 7
101.4 4
101.5 5
101.6 2
101.7 0
101.8 1
101.9 0
102 3
102.1 0
102.2 0
102.3 2
102.4 1
102.5 0
102.6 1
102.7 4
102.8 1
102.9 2
103 0
103.1 2
103.2 0
103.3 1
103.4 0
103.5 2
103.6 3
103.7 1
103.8 0
103.9 1
104 0
104.1 4
104.2 1
104.3 1
104.4 1
104.5 3
104.6 0
104.7 1
104.8 0
104.9 1
105 1
105.1 1
105.2 0
105.3 1
105.4 0
105.5 2
105.6 1
105.7 0
105.8 3
105.9 4
106 2
106.1 3
106.2 4
106.3 1
106.4 1
106.5 3
106.6 5
106.7 3
106.8 5
106.9 2
107 2
107.1 4
107.2 3
107.3 0
107.4 3
107.5 2
107.6 6
107.7 1
107.8 4
107.9 6
108 4
108.1 4
108.2 3
108.3 7
108.4 3
108.5 1
108.6 1
108.7 7
108.8 1
108.9 1
109 3
109.1 5
109.2 2
109.3 2
109.4 3
109.5 4
109.6 4
109.7 1
109.8 3
109.9 4
110 6
110.1 9
110.2 4
110.3 4
110.4 0
110.5 0
110.6 2
110.7 6
110.8 17
110.9 11
111 11
111.1 16
111.2 12
111.3 7
111.4 0
111.5 9
111.6 3
111.7 6
111.8 8
111.9 6
112 10
112.1 6
112.2 10
112.3 7
112.4 6
112.5 10
112.6 9
112.7 4
112.8 22
112.9 21
113 22
113.1 18
113.2 37
113.3 29
113.4 37
113.5 27
113.6 40
113.7 87
113.8 73
113.9 70
114 72
114.1 132
114.2 271
114.3 323
114.4 362
114.5 415
114.6 423
114.7 477
114.8 519
114.9 590
115 650
115.1 714
115.2 779
115.3 905
115.4 916
115.5 937
115.6 927
115.7 892
115.8 862
115.9 838
116 840
116.1 842
116.2 898
116.3 892
116.4 867
116.5 854
116.6 888
116.7 895
116.8 894
116.9 962
117 948
117.1 961
117.2 968
117.3 1004
117.4 1003
117.5 1027
117.6 1006
117.7 934
117.8 880
117.9 787
118 767
118.1 736
118.2 707
118.3 671
118.4 637
118.5 602
118.6 577
118.7 566
118.8 523
118.9 414
119 286
119.1 176
119.2 63
119.3 12
119.4 3
119.5 6
119.6 1
119.7 1
119.8 1
119.9 2
120 4
120.1 6
120.2 7
120.3 1
120.4 0
120.5 2
120.6 1
120.7 0
120.8 0
120.9 0
121 4
121.1 0
121.2 1
121.3 0
121.4 1
121.5 2
121.6 0
121.7 1
121.8 0
121.9 4
122 1
122.1 1
122.2 3
122.3 0
122.4 4
122.5 4
122.6 1
122.7 0
122.8 0
122.9 2
123 1
123.1 2
123.2 2
123.3 2
123.4 3
123.5 2
123.6 3
123.7 1
123.8 2
123.9 1
124 1
124.1 5
124.2 2
124.3 1
124.4 0
124.5 0
124.6 4
124.7 1
124.8 3
124.9 3
125 2
125.1 1
125.2 1
125.3 1
125.4 2
125.5 2
125.6 0
125.7 1
125.8 0
125.9 1
126 2
126.1 0
126.2 4
126.3 1
126.4 1
126.5 1
126.6 5
126.7 0
126.8 1
126.9 1
127 0
127.1 2
127.2 2
127.3 1
127.4 2
127.5 1
127.6 4
127.7 1
127.8 0
127.9 2
128 3
128.1 1
128.2 2
128.3 1
128.4 1
128.5 5
128.6 3
128.7 5
128.8 0
128.9 5
129 3
129.1 5
129.2 2
129.3 0
129.4 1
129.5 2
129.6 5
129.7 4
129.8 4
129.9 5
130 3
130.1 1
130.2 1
130.3 4
130.4 7
130.5 4
130.6 7
130.7 2
130.8 6
130.9 1
131 4
131.1 6
131.2 7
131.3 9
131.4 7
131.5 2
131.6 1
131.7 15
131.8 18
131.9 18
132 16
132.1 26
132.2 16
132.3 33
132.4 39
132.5 92
132.6 171
132.7 180
132.8 181
132.9 241
133 327
133.1 377
133.2 438
133.3 473
133.4 549
133.5 579
133.6 703
133.7 830
133.8 947
133.9 969
134 997
134.1 1034
134.2 1046
134.3 1084
134.4 1118
134.5 1190
134.6 1187
134.7 1218
134.8 1239
134.9 1194
135 1171
135.1 1194
135.2 1253
135.3 1252
135.4 1260
135.5 1324
135.6 1299
135.7 1272
135.8 1245
135.9 1173
136 1082
136.1 1030
136.2 1025
136.3 960
136.4 873
136.5 854
136.6 849
136.7 828
136.8 751
136.9 678
137 632
137.1 622
137.2 634
137.3 583
137.4 535
137.5 526
137.6 483
137.7 445
137.8 390
137.9 380
138 387
138.1 358
138.2 234
138.3 154
138.4 97
138.5 69
138.6 36
138.7 17
138.8 5
138.9 10
139 5
139.1 3
139.2 0
139.3 2
139.4 3
139.5 2
139.6 1
139.7 2
139.8 1
139.9 1
140 1
140.1 2
140.2 1
140.3 1
140.4 1
140.5 1
140.6 0
140.7 1
140.8 0
140.9 1
141 0
141.1 0
141.2 2
141.3 3
141.4 1
141.5 1
141.6 0
141.7 2
141.8 1
141.9 3
142 0
142.1 0
142.2 1
142.3 2
142.4 0
142.5 3
142.6 2
142.7 2
142.8 3
142.9 0
143 1
143.1 0
143.2 0
143.3 1
143.4 1
143.5 2
143.6 2
143.7 2
143.8 3
143.9 1
144 1
144.1 1
144.2 2
144.3 0
144.4 1
144.5 1
144.6 2
144.7 1
144.8 1
144.9 4
145 2
145.1 0
145.2 1
145.3 1
145.4 2
145.5 2
145.6 5
145.7 6
145.8 2
145.9 2
146 9
146.1 3
146.2 6
146.3 5
146.4 0
146.5 2
146.6 5
146.7 4
146.8 7
146.9 3
147 6
147.1 21
147.2 16
147.3 8
147.4 6
147.5 11
147.6 10
147.7 5
147.8 2
147.9 8
148 8
148.1 11
148.2 8
148.3 12
148.4 17
148.5 10
148.6 12
148.7 24
148.8 29
148.9 16
149 18
149.1 9
149.2 9
149.3 0
149.4 8
149.5 16
149.6 10
149.7 10
149.8 5
149.9 4
150 6
150.1 3
150.2 2
150.3 2
150.4 5
150.5 3
150.6 5
150.7 0
150.8 3
150.9 2
151 7
151.1 6
151.2 3
151.3 5
151.4 8
151.5 6
151.6 23
151.7 25
151.8 18
151.9 22
152 17
152.1 11
152.2 11
152.3 11
152.4 15
152.5 19
152.6 20
152.7 14
152.8 2
152.9 9
153 10
153.1 5
153.2 15
153.3 4
153.4 7
153.5 13
153.6 3
153.7 6
153.8 7
153.9 11
154 29
154.1 24
154.2 22
154.3 15
154.4 4
154.5 6
154.6 3
154.7 7
154.8 13
154.9 16
155 7
155.1 14
155.2 19
155.3 12
155.4 16
155.5 14
155.6 15
155.7 7
155.8 4
155.9 5
156 12
156.1 5
156.2 4
156.3 8
156.4 13
156.5 19
156.6 18
156.7 9
156.8 8
156.9 14
157 29
157.1 66
157.2 78
157.3 90
157.4 85
157.5 142
157.6 151
157.7 147
157.8 118
157.9 89
158 53
158.1 73
158.2 74
158.3 77
158.4 74
158.5 75
158.6 111
158.7 172
158.8 173
158.9 138
159 92
159.1 63
159.2 43
159.3 43
159.4 35
159.5 22
159.6 12
159.7 8
159.8 2
159.9 1
160 10
160.1 9
160.2 7
160.3 5
160.4 4
160.5 8
160.6 8
160.7 6
160.8 5
160.9 4
161 2
161.1 6
161.2 0
161.3 1
161.4 12
161.5 10
161.6 13
161.7 8
161.8 11
161.9 24
162 51
162.1 45
162.2 47
162.3 81
162.4 108
162.5 116
162.6 126
162.7 128
162.8 168
162.9 237
163 296
163.1 367
163.2 419
163.3 471
163.4 554
163.5 638
163.6 683
163.7 732
163.8 771
163.9 784
164 799
164.1 787
164.2 795
164.3 853
164.4 863
164.5 879
164.6 961
164.7 1025
164.8 1073
164.9 1152
165 1183
165.1 1210
165.2 1266
165.3 1319
165.4 1347
165.5 1282
165.6 1228
165.7 1160
165.8 1103
165.9 1068
166 1167
166.1 1176
166.2 1111
166.3 1098
166.4 1058
166.5 1050
166.6 1029
166.7 1074
166.8 1108
166.9 1082
167 1016
167.1 945
167.2 898
167.3 864
167.4 819
167.5 704
167.6 652
167.7 582
167.8 565
167.9 515
168 479
168.1 461
168.2 414
168.3 366
168.4 337
168.5 320
168.6 261
168.7 119
168.8 26
168.9 3
169 3
169.1 2
169.2 4
169.3 0
169.4 1
169.5 4
169.6 1
169.7 4
169.8 1
169.9 2
170 3
170.1 3
170.2 3
170.3 2
170.4 0
170.5 3
170.6 1
170.7 3
170.8 1
170.9 5
171 1
171.1 0
171.2 1
171.3 0
171.4 2
171.5 2
171.6 1
171.7 0
171.8 0
171.9 3
172 0
172.1 0
172.2 0
172.3 0
172.4 1
172.5 7
172.6 6
172.7 0
172.8 0
172.9 0
173 1
173.1 2
173.2 1
173.3 1
173.4 1
173.5 0
173.6 3
173.7 2
173.8 1
173.9 1
174 4
174.1 2
174.2 1
174.3 3
174.4 0
174.5 0
174.6 0
174.7 0
174.8 0
174.9 1
175 0
175.1 0
175.2 0
175.3 0
175.4 2
175.5 1
175.6 1
175.7 2
175.8 1
175.9 1
176 1
176.1 3
176.2 2
176.3 2
176.4 0
176.5 1
176.6 3
176.7 1
176.8 1
176.9 0
177 7
177.1 2
177.2 0
177.3 1
177.4 3
177.5 4
177.6 0
177.7 1
177.8 0
177.9 2
178 3
178.1 2
178.2 1
178.3 1
178.4 6
178.5 4
178.6 1
178.7 5
178.8 8
178.9 9
179 1
179.1 1
179.2 1
179.3 6
179.4 6
179.5 6
179.6 7
179.7 8
179.8 7
179.9 2
180 8
180.1 9
180.2 7
180.3 2
180.4 2
180.5 2
180.6 2
180.7 4
180.8 5
180.9 5
181 8
181.1 3
181.2 5
181.3 4
181.4 13
181.5 6
181.6 2
181.7 7
181.8 11
181.9 4
182 3
182.1 5
182.2 5
182.3 9
182.4 11
182.5 15
182.6 32
182.7 28
182.8 22
182.9 11
183 3
183.1 5
183.2 10
183.3 9
183.4 13
183.5 11
183.6 9
183.7 10
183.8 17
183.9 18
184 12
184.1 7
184.2 13
184.3 16
184.4 6
184.5 3
184.6 6
184.7 4
184.8 4
184.9 8
185 4
185.1 8
185.2 4
185.3 6
185.4 10
185.5 11
185.6 6
185.7 10
185.8 20
185.9 10
186 12
186.1 8
186.2 5
186.3 11
186.4 6
186.5 7
186.6 36
186.7 23
186.8 25
186.9 13
187 15
187.1 18
187.2 12
187.3 29
187.4 17
187.5 7
187.6 27
187.7 21
187.8 16
187.9 22
188 35
188.1 31
188.2 70
188.3 145
188.4 147
188.5 185
188.6 244
188.7 291
188.8 358
188.9 459
189 542
189.1 622
189.2 678
189.3 727
189.4 792
189.5 852
189.6 876
189.7 887
189.8 930
189.9 955
190 1034
190.1 1071
190.2 1101
190.3 1069
190.4 1097
190.5 1130
190.6 1146
190.7 1158
190.8 1163
190.9 1093
191 1055
191.1 997
191.2 1015
191.3 1041
191.4 1070
191.5 1073
191.6 1034
191.7 1028
191.8 979
191.9 961
192 951
192.1 918
192.2 924
192.3 860
192.4 802
192.5 770
192.6 726
192.7 751
192.8 727
192.9 739
193 774
193.1 852
193.2 877
193.3 880
193.4 823
193.5 833
193.6 813
193.7 773
193.8 776
193.9 791
194 796
194.1 721
194.2 648
194.3 540
194.4 453
194.5 294
194.6 190
194.7 112
194.8 61
194.9 39
195 8
195.1 7
195.2 4
195.3 1
195.4 4
195.5 3
195.6 0
195.7 2
195.8 6
195.9 1
196 0
196.1 3
196.2 1
196.3 1
196.4 0
196.5 2
196.6 2
196.7 2
196.8 1
196.9 1
197 1
197.1 0
197.2 3
197.3 0
197.4 1
197.5 1
197.6 2
197.7 1
197.8 1
197.9 0
198 1
198.1 4
198.2 1
198.3 0
198.4 1
198.5 2
198.6 2
198.7 0
198.8 0
198.9 1
199 0
199.1 0
199.2 3
199.3 1
199.4 3
199.5 0
199.6 2
199.7 1
199.8 5
199.9 25
200 21
