0 0
0.1 0
0.2 0
0.3 0
0.4 2
0.5 2
0.6 2
0.7 3
0.8 7
0.9 7
1 9
1.1 14
1.2 15
1.3 17
1.4 18
1.5 21
1.6 21
1.7 22
1.8 18
1.9 21
2 21
2.1 24
2.2 26
2.3 26
2.4 31
2.5 37
2.6 40
2.7 45
2.8 42
2.9 42
3 43
3.1 46
3.2 43
3.3 44
3.4 47
3.5 49
3.6 50
3.7 46
3.8 53
3.9 58
4 58
4.1 60
4.2 63
4.3 69
4.4 69
4.5 69
4.6 69
4.7 67
4.8 62
4.9 66
5 71
5.1 72
5.2 71
5.3 72
5.4 75
5.5 74
5.6 73
5.7 77
5.8 73
5.9 72
6 69
6.1 71
6.2 75
6.3 73
6.4 76
6.5 75
6.6 77
6.7 80
6.8 76
6.9 79
7 81
7.1 81
7.2 79
7.3 75
7.4 74
7.5 75
7.6 74
7.7 69
7.8 68
7.9 62
8 60
8.1 54
8.2 54
8.3 50
8.4 49
8.5 46
8.6 46
8.7 46
8.8 44
8.9 41
9 39
9.1 35
9.2 34
9.3 33
9.4 28
9.5 28
9.6 28
9.7 28
9.8 27
9.9 26
10 25
10.1 21
10.2 20
10.3 19
10.4 19
10.5 18
10.6 18
10.7 18
10.8 17
10.9 17
11 17
11.1 17
11.2 16
11.3 14
11.4 13
11.5 13
11.6 12
11.7 11
11.8 11
11.9 10
12 10
12.1 10
12.2 9
12.3 8
12.4 8
12.5 8
12.6 8
12.7 8
12.8 6
12.9 5
13 5
13.1 4
13.2 4
13.3 4
13.4 4
13.5 4
13.6 4
13.7 4
13.8 4
13.9 4
14 4
14.1 4
14.2 3
14.3 3
14.4 3
14.5 2
14.6 2
14.7 2
14.8 2
14.9 2
15 2
15.1 2
15.2 2
15.3 2
15.4 1
15.5 1
15.6 1
15.7 2
15.8 2
15.9 2
16 1
16.1 1
16.2 1
16.3 1
16.4 1
16.5 1
16.6 1
16.7 1
16.8 1
16.9 1
17 3
17.1 3
17.2 3
17.3 3
17.4 2
17.5 2
17.6 2
17.7 2
17.8 2
17.9 2
18 1
18.1 1
18.2 1
18.3 1
18.4 1
18.5 1
18.6 1
18.7 1
18.8 1
18.9 0
19 0
19.1 0
19.2 0
19.3 0
19.4 0
19.5 0
19.6 0
19.7 0
19.8 0
19.9 0
20 0
20.1 0
20.2 0
20.3 0
20.4 0
20.5 0
20.6 0
20.7 0
20.8 0
20.9 0
21 0
21.1 0
21.2 0
21.3 0
21.4 0
21.5 0
21.6 0
21.7 0
21.8 0
21.9 0
22 2
22.1 6
22.2 7
22.3 8
22.4 11
22.5 13
22.6 16
22.7 18
22.8 15
22.9 18
23 20
23.1 22
23.2 23
23.3 25
23.4 25
23.5 29
23.6 33
23.7 34
23.8 31
23.9 33
24 37
24.1 40
24.2 41
24.3 43
24.4 44
24.5 43
24.6 43
24.7 46
24.8 49
24.9 48
25 47
25.1 48
25.2 45
25.3 47
25.4 47
25.5 49
25.6 49
25.7 48
25.8 47
25.9 52
26 50
26.1 49
26.2 48
26.3 47
26.4 50
26.5 49
26.6 46
26.7 43
26.8 41
26.9 44
27 45
27.1 44
27.2 47
27.3 54
27.4 53
27.5 51
27.6 48
27.7 48
27.8 48
27.9 54
28 58
28.1 56
28.2 56
28.3 62
28.4 57
28.5 58
28.6 61
28.7 58
28.8 56
28.9 51
29 48
29.1 47
29.2 47
29.3 46
29.4 44
29.5 43
29.6 42
29.7 41
29.8 38
29.9 34
30 32
30.1 28
30.2 25
30.3 24
30.4 22
30.5 22
30.6 22
30.7 20
30.8 19
30.9 18
31 17
31.1 17
31.2 17
31.3 17
31.4 16
31.5 16
31.6 15
31.7 15
31.8 14
31.9 14
32 14
32.1 13
32.2 13
32.3 13
32.4 13
32.5 10
32.6 10
32.7 9
32.8 7
32.9 5
33 5
33.1 5
33.2 5
33.3 5
33.4 5
33.5 5
33.6 5
33.7 5
33.8 5
33.9 5
34 5
34.1 5
34.2 5
34.3 5
34.4 5
34.5 5
34.6 5
34.7 5
34.8 5
34.9 5
35 5
35.1 5
35.2 4
35.3 4
35.4 4
35.5 4
35.6 4
35.7 4
35.8 4
35.9 4
36 4
36.1 4
36.2 10
36.3 10
36.4 10
36.5 8
36.6 7
36.7 6
36.8 7
36.9 7
37 7
37.1 7
37.2 6
37.3 6
37.4 6
37.5 5
37.6 3
37.7 3
37.8 3
37.9 3
38 3
38.1 3
38.2 3
38.3 3
38.4 2
38.5 2
38.6 2
38.7 2
38.8 2
38.9 2
39 2
39.1 2
39.2 2
39.3 2
39.4 2
39.5 2
39.6 2
39.7 2
39.8 2
39.9 1
40 1
40.1 1
40.2 1
40.3 1
40.4 1
40.5 1
40.6 1
40.7 1
40.8 1
40.9 1
41 1
41.1 1
41.2 1
41.3 1
41.4 1
41.5 1
41.6 1
41.7 1
41.8 1
41.9 1
42 1
42.1 1
42.2 1
42.3 1
42.4 0
42.5 0
42.6 0
42.7 0
42.8 0
42.9 4
43 4
43.1 4
43.2 4
43.3 4
43.4 4
43.5 4
43.6 4
43.7 4
43.8 4
43.9 2
44 2
44.1 2
44.2 2
44.3 2
44.4 2
44.5 2
44.6 2
44.7 2
44.8 2
44.9 3
45 3
45.1 3
45.2 3
45.3 3
45.4 3
45.5 3
45.6 3
45.7 3
45.8 3
45.9 3
46 4
46.1 4
46.2 2
46.3 2
46.4 3
46.5 3
46.6 3
46.7 3
46.8 2
46.9 4
47 5
47.1 5
47.2 7
47.3 9
47.4 10
47.5 12
47.6 13
47.7 12
47.8 16
47.9 18
48 17
48.1 21
48.2 22
48.3 24
48.4 27
48.5 30
48.6 31
48.7 35
48.8 35
48.9 38
49 39
49.1 47
49.2 45
49.3 46
49.4 44
49.5 43
49.6 44
49.7 47
49.8 48
49.9 48
50 46
50.1 45
50.2 46
50.3 49
50.4 47
50.5 47
50.6 49
50.7 46
50.8 47
50.9 47
51 43
51.1 41
51.2 46
51.3 46
51.4 44
51.5 40
51.6 41
51.7 41
51.8 45
51.9 48
52 50
52.1 48
52.2 51
52.3 52
52.4 54
52.5 54
52.6 51
52.7 52
52.8 56
52.9 55
53 53
53.1 57
53.2 52
53.3 50
53.4 52
53.5 51
53.6 48
53.7 46
53.8 44
53.9 42
54 41
54.1 40
54.2 39
54.3 37
54.4 37
54.5 36
54.6 35
54.7 32
54.8 35
54.9 34
55 32
55.1 31
55.2 30
55.3 29
55.4 29
55.5 29
55.6 28
55.7 26
55.8 22
55.9 22
56 22
56.1 22
56.2 22
56.3 22
56.4 21
56.5 21
56.6 17
56.7 16
56.8 16
56.9 14
57 13
57.1 12
57.2 12
57.3 12
57.4 11
57.5 10
57.6 10
57.7 10
57.8 9
57.9 7
58 6
58.1 6
58.2 5
58.3 5
58.4 5
58.5 7
58.6 6
58.7 6
58.8 6
58.9 6
59 6
59.1 5
59.2 5
59.3 5
59.4 5
59.5 5
59.6 5
59.7 5
59.8 4
59.9 3
60 3
60.1 3
60.2 3
60.3 3
60.4 2
60.5 2
60.6 2
60.7 2
60.8 2
60.9 2
61 2
61.1 2
61.2 1
61.3 1
61.4 1
61.5 1
61.6 1
61.7 1
61.8 1
61.9 2
62 2
62.1 2
62.2 1
62.3 1
62.4 1
62.5 1
62.6 1
62.7 1
62.8 1
62.9 1
63 1
63.1 1
63.2 1
63.3 1
63.4 1
63.5 1
63.6 1
63.7 1
63.8 1
63.9 2
64 2
64.1 2
64.2 2
64.3 2
64.4 2
64.5 2
64.6 2
64.7 2
64.8 3
64.9 3
65 2
65.1 2
65.2 2
65.3 2
65.4 2
65.5 2
65.6 2
65.7 2
65.8 2
65.9 3
66 4
66.1 4
66.2 4
66.3 3
66.4 3
66.5 3
66.6 3
66.7 3
66.8 2
66.9 2
67 2
67.1 2
67.2 2
67.3 1
67.4 2
67.5 1
67.6 1
67.7 1
67.8 1
67.9 1
68 1
68.1 1
68.2 1
68.3 1
68.4 1
68.5 1
68.6 0
68.7 0
68.8 3
68.9 3
69 3
69.1 3
69.2 3
69.3 2
69.4 2
69.5 2
69.6 2
69.7 2
69.8 2
69.9 2
70 2
70.1 2
70.2 3
70.3 3
70.4 3
70.5 3
70.6 2
70.7 1
70.8 1
70.9 2
71 4
71.1 4
71.2 4
71.3 4
71.4 4
71.5 6
71.6 6
71.7 7
71.8 10
71.9 18
72 20
72.1 18
72.2 20
72.3 21
72.4 24
72.5 26
72.6 26
72.7 29
72.8 31
72.9 33
73 32
73.1 36
73.2 38
73.3 40
73.4 42
73.5 42
73.6 43
73.7 43
73.8 42
73.9 45
74 50
74.1 48
74.2 50
74.3 50
74.4 49
74.5 52
74.6 53
74.7 47
74.8 49
74.9 50
75 50
75.1 54
75.2 58
75.3 57
75.4 62
75.5 64
75.6 66
75.7 72
75.8 76
75.9 80
76 79
76.1 80
76.2 79
76.3 77
76.4 79
76.5 82
76.6 87
76.7 89
76.8 86
76.9 83
77 79
77.1 78
77.2 74
77.3 71
77.4 71
77.5 70
77.6 67
77.7 65
77.8 64
77.9 62
78 58
78.1 57
78.2 56
78.3 51
78.4 47
78.5 45
78.6 44
78.7 44
78.8 41
78.9 39
79 37
79.1 32
79.2 31
79.3 30
79.4 29
79.5 29
79.6 28
79.7 26
79.8 25
79.9 23
80 22
80.1 21
80.2 20
80.3 19
80.4 18
80.5 17
80.6 17
80.7 16
80.8 14
80.9 14
81 13
81.1 13
81.2 12
81.3 10
81.4 9
81.5 8
81.6 7
81.7 6
81.8 6
81.9 6
82 6
82.1 6
82.2 6
82.3 6
82.4 5
82.5 5
82.6 5
82.7 5
82.8 5
82.9 5
83 4
83.1 4
83.2 4
83.3 4
83.4 4
83.5 4
83.6 4
83.7 4
83.8 4
83.9 4
84 4
84.1 4
84.2 3
84.3 4
84.4 4
84.5 3
84.6 3
84.7 3
84.8 6
84.9 6
85 5
85.1 4
85.2 4
85.3 4
85.4 4
85.5 4
85.6 4
85.7 3
85.8 3
85.9 3
86 3
86.1 3
86.2 3
86.3 3
86.4 3
86.5 3
86.6 3
86.7 3
86.8 3
86.9 3
87 3
87.1 3
87.2 3
87.3 3
87.4 3
87.5 3
87.6 3
87.7 3
87.8 3
87.9 2
88 2
88.1 2
88.2 2
88.3 2
88.4 2
88.5 2
88.6 1
88.7 1
88.8 1
88.9 1
89 1
89.1 1
89.2 1
89.3 1
89.4 1
89.5 1
89.6 1
89.7 1
89.8 1
89.9 1
90 1
90.1 1
90.2 1
90.3 1
90.4 1
90.5 1
90.6 1
90.7 1
90.8 1
90.9 2
91 2
91.1 2
91.2 2
91.3 2
91.4 2
91.5 2
91.6 2
91.7 2
91.8 2
91.9 2
92 2
92.1 2
92.2 2
92.3 2
92.4 2
92.5 2
92.6 2
92.7 2
92.8 2
92.9 2
93 2
93.1 2
93.2 2
93.3 2
93.4 2
93.5 2
93.6 1
93.7 1
93.8 1
93.9 1
94 1
94.1 1
94.2 1
94.3 1
94.4 1
94.5 1
94.6 1
94.7 1
94.8 0
94.9 0
95 0
95.1 0
95.2 1
95.3 1
95.4 1
95.5 5
95.6 6
95.7 6
95.8 5
95.9 6
96 8
96.1 9
96.2 16
96.3 18
96.4 23
96.5 22
96.6 21
96.7 22
96.8 22
96.9 25
97 29
97.1 34
97.2 34
97.3 37
97.4 40
97.5 42
97.6 45
97.7 43
97.8 46
97.9 40
98 42
98.1 45
98.2 47
98.3 55
98.4 58
98.5 57
98.6 54
98.7 57
98.8 61
98.9 66
99 64
99.1 63
99.2 67
99.3 66
99.4 68
99.5 71
99.6 73
99.7 74
99.8 78
99.9 75
100 70
100.1 71
100.2 70
100.3 67
100.4 62
100.5 65
100.6 62
100.7 59
100.8 59
100.9 57
101 54
101.1 51
101.2 48
101.3 45
101.4 44
101.5 42
101.6 38
101.7 34
101.8 33
101.9 33
102 28
102.1 28
102.2 27
102.3 25
102.4 25
102.5 24
102.6 23
102.7 22
102.8 21
102.9 21
103 21
103.1 21
103.2 20
103.3 19
103.4 18
103.5 17
103.6 16
103.7 14
103.8 12
103.9 11
104 10
104.1 10
104.2 9
104.3 9
104.4 7
104.5 7
104.6 7
104.7 6
104.8 6
104.9 6
105 6
105.1 5
105.2 5
105.3 4
105.4 4
105.5 4
105.6 3
105.7 3
105.8 3
105.9 2
106 2
106.1 2
106.2 2
106.3 2
106.4 2
106.5 2
106.6 2
106.7 2
106.8 2
106.9 1
107 1
107.1 1
107.2 1
107.3 1
107.4 1
107.5 1
107.6 1
107.7 1
107.8 1
107.9 1
108 1
108.1 1
108.2 1
108.3 1
108.4 1
108.5 1
108.6 1
108.7 1
108.8 1
108.9 1
109 2
109.1 2
109.2 2
109.3 2
109.4 1
109.5 1
109.6 1
109.7 1
109.8 1
109.9 1
110 1
110.1 1
110.2 1
110.3 1
110.4 1
110.5 0
110.6 0
110.7 0
110.8 0
110.9 5
111 5
111.1 5
111.2 4
111.3 4
111.4 4
111.5 4
111.6 4
111.7 4
111.8 4
111.9 4
112 4
112.1 4
112.2 4
112.3 3
112.4 3
112.5 3
112.6 3
112.7 3
112.8 3
112.9 5
113 4
113.1 3
113.2 3
113.3 3
113.4 3
113.5 4
113.6 4
113.7 4
113.8 4
113.9 6
114 6
114.1 6
114.2 9
114.3 8
114.4 12
114.5 12
114.6 12
114.7 15
114.8 14
114.9 14
115 16
115.1 17
115.2 17
115.3 17
115.4 19
115.5 22
115.6 23
115.7 26
115.8 31
115.9 35
116 36
116.1 34
116.2 32
116.3 32
116.4 35
116.5 36
116.6 35
116.7 34
116.8 35
116.9 33
117 36
117.1 38
117.2 45
117.3 45
117.4 50
117.5 53
117.6 55
117.7 56
117.8 57
117.9 56
118 56
118.1 58
118.2 58
118.3 60
118.4 62
118.5 62
118.6 58
118.7 55
118.8 55
118.9 54
119 56
119.1 57
119.2 57
119.3 56
119.4 56
119.5 54
119.6 51
119.7 49
119.8 47
119.9 45
120 44
120.1 41
120.2 40
120.3 39
120.4 38
120.5 35
120.6 33
120.7 32
120.8 32
120.9 31
121 29
121.1 29
121.2 28
121.3 26
121.4 25
121.5 25
121.6 25
121.7 23
121.8 23
121.9 23
122 23
122.1 23
122.2 23
122.3 22
122.4 22
122.5 21
122.6 20
122.7 19
122.8 18
122.9 18
123 16
123.1 16
123.2 15
123.3 15
123.4 15
123.5 14
123.6 14
123.7 14
123.8 13
123.9 13
124 11
124.1 11
124.2 9
124.3 8
124.4 8
124.5 7
124.6 7
124.7 7
124.8 6
124.9 6
125 4
125.1 4
125.2 4
125.3 4
125.4 3
125.5 3
125.6 3
125.7 3
125.8 3
125.9 3
126 3
126.1 3
126.2 3
126.3 3
126.4 3
126.5 3
126.6 6
126.7 5
126.8 4
126.9 4
127 4
127.1 4
127.2 4
127.3 4
127.4 4
127.5 4
127.6 4
127.7 4
127.8 4
127.9 4
128 4
128.1 4
128.2 4
128.3 4
128.4 3
128.5 3
128.6 3
128.7 3
128.8 3
128.9 3
129 3
129.1 3
129.2 3
129.3 3
129.4 3
129.5 2
129.6 2
129.7 2
129.8 2
129.9 2
130 2
130.1 2
130.2 2
130.3 2
130.4 2
130.5 2
130.6 1
130.7 1
130.8 1
130.9 1
131 1
131.1 1
131.2 1
131.3 1
131.4 1
131.5 1
131.6 1
131.7 1
131.8 1
131.9 1
132 1
132.1 0
132.2 0
132.3 1
132.4 1
132.5 1
132.6 2
132.7 2
132.8 3
132.9 3
133 5
133.1 9
133.2 10
133.3 12
133.4 14
133.5 15
133.6 18
133.7 20
133.8 22
133.9 23
134 24
134.1 26
134.2 24
134.3 25
134.4 24
134.5 32
134.6 37
134.7 42
134.8 44
134.9 46
135 47
135.1 47
135.2 43
135.3 45
135.4 47
135.5 48
135.6 51
135.7 55
135.8 60
135.9 63
136 66
136.1 65
136.2 60
136.3 60
136.4 55
136.5 61
136.6 59
136.7 60
136.8 60
136.9 59
137 60
137.1 62
137.2 60
137.3 61
137.4 64
137.5 63
137.6 63
137.7 65
137.8 66
137.9 64
138 65
138.1 64
138.2 61
138.3 60
138.4 58
138.5 56
138.6 53
138.7 50
138.8 49
138.9 48
139 46
139.1 42
139.2 39
139.3 37
139.4 37
139.5 35
139.6 33
139.7 31
139.8 28
139.9 26
140 25
140.1 25
140.2 25
140.3 24
140.4 23
140.5 22
140.6 22
140.7 21
140.8 20
140.9 20
141 18
141.1 18
141.2 17
141.3 17
141.4 15
141.5 14
141.6 14
141.7 13
141.8 12
141.9 12
142 12
142.1 11
142.2 11
142.3 11
142.4 11
142.5 11
142.6 10
142.7 8
142.8 8
142.9 7
143 7
143.1 7
143.2 7
143.3 7
143.4 6
143.5 6
143.6 6
143.7 6
143.8 6
143.9 6
144 6
144.1 6
144.2 6
144.3 5
144.4 5
144.5 5
144.6 4
144.7 4
144.8 4
144.9 4
145 2
145.1 2
145.2 2
145.3 2
145.4 2
145.5 2
145.6 2
145.7 1
145.8 1
145.9 1
146 1
146.1 1
146.2 1
146.3 1
146.4 1
146.5 1
146.6 1
146.7 1
146.8 1
146.9 1
147 1
147.1 1
147.2 1
147.3 2
147.4 2
147.5 2
147.6 2
147.7 2
147.8 2
147.9 2
148 1
148.1 1
148.2 1
148.3 1
148.4 1
148.5 1
148.6 1
148.7 1
148.8 1
148.9 1
149 1
149.1 1
149.2 1
149.3 1
149.4 1
149.5 1
149.6 4
149.7 4
149.8 4
149.9 4
150 4
150.1 4
150.2 4
150.3 4
150.4 4
150.5 4
150.6 4
150.7 4
150.8 4
150.9 4
151 4
151.1 4
151.2 4
151.3 4
151.4 4
151.5 4
151.6 4
151.7 4
151.8 4
151.9 6
152 5
152.1 5
152.2 5
152.3 4
152.4 4
152.5 6
152.6 6
152.7 6
152.8 6
152.9 6
153 6
153.1 6
153.2 6
153.3 4
153.4 3
153.5 3
153.6 3
153.7 3
153.8 3
153.9 2
154 2
154.1 2
154.2 2
154.3 1
154.4 1
154.5 1
154.6 1
154.7 1
154.8 1
154.9 1
155 1
155.1 1
155.2 1
155.3 1
155.4 1
155.5 1
155.6 1
155.7 1
155.8 1
155.9 1
156 1
156.1 1
156.2 1
156.3 1
156.4 1
156.5 1
156.6 1
156.7 1
156.8 1
156.9 1
157 1
157.1 1
157.2 1
157.3 4
157.4 4
157.5 4
157.6 8
157.7 9
157.8 8
157.9 9
158 7
158.1 6
158.2 6
158.3 6
158.4 9
158.5 9
158.6 8
158.7 11
158.8 10
158.9 12
159 12
159.1 12
159.2 11
159.3 9
159.4 8
159.5 8
159.6 8
159.7 7
159.8 6
159.9 6
160 6
160.1 6
160.2 6
160.3 6
160.4 6
160.5 6
160.6 6
160.7 7
160.8 7
160.9 8
161 6
161.1 5
161.2 5
161.3 4
161.4 4
161.5 4
161.6 3
161.7 3
161.8 3
161.9 2
162 2
162.1 2
162.2 2
162.3 2
162.4 7
162.5 11
162.6 11
162.7 14
162.8 14
162.9 17
163 16
163.1 18
163.2 20
163.3 20
163.4 23
163.5 25
163.6 28
163.7 34
163.8 37
163.9 38
164 38
164.1 38
164.2 44
164.3 41
164.4 44
164.5 45
164.6 48
164.7 49
164.8 48
164.9 44
165 52
165.1 51
165.2 47
165.3 48
165.4 50
165.5 48
165.6 50
165.7 53
165.8 50
165.9 50
166 49
166.1 49
166.2 47
166.3 47
166.4 48
166.5 47
166.6 50
166.7 48
166.8 52
166.9 55
167 58
167.1 63
167.2 60
167.3 61
167.4 62
167.5 64
167.6 66
167.7 68
167.8 70
167.9 69
168 69
168.1 65
168.2 71
168.3 68
168.4 65
168.5 68
168.6 65
168.7 63
168.8 60
168.9 58
169 56
169.1 55
169.2 54
169.3 51
169.4 49
169.5 45
169.6 44
169.7 43
169.8 42
169.9 39
170 33
170.1 31
170.2 27
170.3 27
170.4 26
170.5 26
170.6 25
170.7 25
170.8 25
170.9 25
171 24
171.1 23
171.2 22
171.3 19
171.4 17
171.5 16
171.6 15
171.7 14
171.8 14
171.9 13
172 13
172.1 13
172.2 13
172.3 12
172.4 12
172.5 11
172.6 11
172.7 11
172.8 11
172.9 9
173 9
173.1 8
173.2 8
173.3 8
173.4 8
173.5 8
173.6 8
173.7 7
173.8 7
173.9 7
174 7
174.1 7
174.2 7
174.3 6
174.4 5
174.5 5
174.6 5
174.7 5
174.8 5
174.9 5
175 4
175.1 4
175.2 4
175.3 4
175.4 4
175.5 4
175.6 4
175.7 3
175.8 3
175.9 3
176 3
176.1 4
176.2 4
176.3 4
176.4 4
176.5 4
176.6 2
176.7 2
176.8 2
176.9 2
177 1
177.1 1
177.2 1
177.3 1
177.4 1
177.5 1
177.6 1
177.7 1
177.8 1
177.9 1
178 2
178.1 2
178.2 2
178.3 2
178.4 2
178.5 2
178.6 2
178.7 2
178.8 2
178.9 2
179 2
179.1 3
179.2 2
179.3 2
179.4 2
179.5 2
179.6 2
179.7 2
179.8 2
179.9 2
180 2
180.1 2
180.2 2
180.3 2
180.4 2
180.5 2
180.6 2
180.7 2
180.8 2
180.9 2
181 1
181.1 1
181.2 1
181.3 1
181.4 1
181.5 1
181.6 1
181.7 1
181.8 1
181.9 1
182 1
182.1 1
182.2 1
182.3 1
182.4 0
182.5 0
182.6 0
182.7 0
182.8 0
182.9 0
183 0
183.1 0
183.2 0
183.3 1
183.4 1
183.5 1
183.6 1
183.7 1
183.8 1
183.9 1
184 1
184.1 2
184.2 2
184.3 1
184.4 5
184.5 5
184.6 4
184.7 3
184.8 3
184.9 2
185 2
185.1 2
185.2 1
185.3 1
185.4 8
185.5 8
185.6 8
185.7 7
185.8 6
185.9 5
186 5
186.1 5
186.2 5
186.3 5
186.4 5
186.5 5
186.6 5
186.7 5
186.8 5
186.9 5
187 5
187.1 5
187.2 4
187.3 3
187.4 3
187.5 3
187.6 3
187.7 5
187.8 5
187.9 5
188 5
188.1 5
188.2 5
188.3 5
188.4 5
188.5 3
188.6 3
188.7 3
188.8 7
188.9 9
189 12
189.1 13
189.2 15
189.3 19
189.4 25
189.5 23
189.6 23
189.7 25
189.8 28
189.9 29
190 30
190.1 32
190.2 35
190.3 42
190.4 39
190.5 41
190.6 43
190.7 45
190.8 45
190.9 47
191 47
191.1 47
191.2 51
191.3 50
191.4 47
191.5 48
191.6 49
191.7 47
191.8 50
191.9 50
192 53
192.1 53
192.2 53
192.3 54
192.4 54
192.5 53
192.6 51
192.7 46
192.8 49
192.9 54
193 51
193.1 48
193.2 48
193.3 48
193.4 53
193.5 52
193.6 53
193.7 56
193.8 59
193.9 60
194 65
194.1 66
194.2 66
194.3 65
194.4 68
194.5 70
194.6 66
194.7 62
194.8 63
194.9 59
195 55
195.1 49
195.2 48
195.3 46
195.4 44
195.5 43
195.6 39
195.7 39
195.8 37
195.9 36
196 35
196.1 33
196.2 33
196.3 32
196.4 30
196.5 30
196.6 29
196.7 28
196.8 25
196.9 24
197 23
197.1 22
197.2 20
197.3 19
197.4 16
197.5 15
197.6 14
197.7 13
197.8 10
197.9 10
198 9
198.1 9
198.2 8
198.3 7
198.4 6
198.5 7
198.6 6
198.7 6
198.8 6
198.9 6
199 6
199.1 5
199.2 5
199.3 5
199.4 4
199.5 4
199.6 4
199.7 4
199.8 4
199.9 4
200 4
