0 0
0.1 0
0.2 0
0.3 0
0.4 1
0.5 1
0.6 2
0.7 4
0.8 5
0.9 7
1 9
1.1 14
1.2 22
1.3 25
1.4 39
1.5 51
1.6 65
1.7 81
1.8 95
1.9 115
2 134
2.1 154
2.2 172
2.3 197
2.4 223
2.5 243
2.6 264
2.7 276
2.8 303
2.9 315
3 344
3.1 361
3.2 395
3.3 425
3.4 445
3.5 468
3.6 492
3.7 516
3.8 540
3.9 564
4 599
4.1 628
4.2 657
4.3 677
4.4 713
4.5 736
4.6 766
4.7 796
4.8 823
4.9 862
5 886
5.1 925
5.2 952
5.3 985
5.4 1018
5.5 1045
5.6 1086
5.7 1111
5.8 1147
5.9 1180
6 1212
6.1 1239
6.2 1269
6.3 1314
6.4 1346
6.5 1387
6.6 1417
6.7 1445
6.8 1465
6.9 1511
7 1545
7.1 1571
7.2 1603
7.3 1633
7.4 1658
7.5 1674
7.6 1707
7.7 1729
7.8 1736
7.9 1761
8 1777
8.1 1784
8.2 1758
8.3 1710
8.4 1645
8.5 1632
8.6 1646
8.7 1573
8.8 1465
8.9 1370
9 1335
9.1 1242
9.2 1140
9.3 1098
9.4 1048
9.5 984
9.6 922
9.7 845
9.8 783
9.9 730
10 682
10.1 632
10.2 603
10.3 583
10.4 555
10.5 519
10.6 499
10.7 460
10.8 452
10.9 432
11 408
11.1 388
11.2 364
11.3 341
11.4 324
11.5 310
11.6 297
11.7 291
11.8 298
11.9 287
12 275
12.1 274
12.2 369
12.3 482
12.4 504
12.5 495
12.6 476
12.7 450
12.8 457
12.9 446
13 443
13.1 410
13.2 403
13.3 376
13.4 359
13.5 334
13.6 321
13.7 310
13.8 289
13.9 297
14 311
14.1 295
14.2 294
14.3 303
14.4 305
14.5 305
14.6 294
14.7 294
14.8 272
14.9 274
15 281
15.1 276
15.2 276
15.3 281
15.4 274
15.5 265
15.6 261
15.7 249
15.8 223
15.9 215
16 211
16.1 208
16.2 214
16.3 201
16.4 191
16.5 189
16.6 210
16.7 235
16.8 241
16.9 279
17 305
17.1 297
17.2 305
17.3 286
17.4 272
17.5 267
17.6 265
17.7 273
17.8 273
17.9 249
18 251
18.1 268
18.2 247
18.3 239
18.4 232
18.5 261
18.6 284
18.7 292
18.8 297
18.9 326
19 330
19.1 316
19.2 296
19.3 287
19.4 361
19.5 464
19.6 535
19.7 554
19.8 569
19.9 575
20 576
20.1 584
20.2 585
20.3 588
20.4 594
20.5 599
20.6 610
20.7 609
20.8 616
20.9 626
21 635
21.1 646
21.2 656
21.3 673
21.4 679
21.5 693
21.6 710
21.7 727
21.8 741
21.9 753
22 774
22.1 788
22.2 800
22.3 824
22.4 845
22.5 872
22.6 894
22.7 915
22.8 943
22.9 986
23 1016
23.1 1042
23.2 1072
23.3 1110
23.4 1132
23.5 1160
23.6 1174
23.7 1211
23.8 1236
23.9 1279
24 1317
24.1 1334
24.2 1367
24.3 1395
24.4 1405
24.5 1404
24.6 1391
24.7 1386
24.8 1329
24.9 1231
25 1124
25.1 1045
25.2 972
25.3 916
25.4 858
25.5 799
25.6 767
25.7 712
25.8 661
25.9 620
26 676
26.1 686
26.2 683
26.3 650
26.4 598
26.5 552
26.6 503
26.7 468
26.8 457
26.9 537
27 530
27.1 517
27.2 488
27.3 463
27.4 424
27.5 405
27.6 382
27.7 374
27.8 350
27.9 333
28 315
28.1 308
28.2 313
28.3 316
28.4 393
28.5 425
28.6 491
28.7 642
28.8 685
28.9 683
29 660
29.1 687
29.2 663
29.3 625
29.4 577
29.5 542
29.6 526
29.7 507
29.8 470
29.9 447
30 437
30.1 396
30.2 387
30.3 369
30.4 359
30.5 337
30.6 323
30.7 311
30.8 306
30.9 295
31 305
31.1 307
31.2 306
31.3 290
31.4 288
31.5 288
31.6 295
31.7 297
31.8 298
31.9 307
32 314
32.1 321
32.2 320
32.3 316
32.4 329
32.5 312
32.6 300
32.7 278
32.8 275
32.9 260
33 252
33.1 242
33.2 232
33.3 221
33.4 218
33.5 220
33.6 213
33.7 211
33.8 199
33.9 206
34 218
34.1 273
34.2 358
34.3 405
34.4 456
34.5 477
34.6 532
34.7 564
34.8 574
34.9 565
35 525
35.1 492
35.2 481
35.3 451
35.4 419
35.5 417
35.6 432
35.7 434
35.8 419
35.9 425
36 397
36.1 414
36.2 472
36.3 489
36.4 499
36.5 492
36.6 463
36.7 444
36.8 416
36.9 444
37 435
37.1 455
37.2 451
37.3 456
37.4 442
37.5 440
37.6 417
37.7 410
37.8 395
37.9 376
38 350
38.1 350
38.2 412
38.3 482
38.4 508
38.5 521
38.6 533
38.7 554
38.8 549
38.9 555
39 557
39.1 565
39.2 576
39.3 574
39.4 568
39.5 557
39.6 572
39.7 607
39.8 617
39.9 624
40 642
40.1 638
40.2 650
40.3 658
40.4 664
40.5 678
40.6 680
40.7 690
40.8 710
40.9 718
41 738
41.1 759
41.2 778
41.3 796
41.4 810
41.5 825
41.6 846
41.7 872
41.8 888
41.9 913
42 943
42.1 975
42.2 1008
42.3 1026
42.4 1062
42.5 1083
42.6 1112
42.7 1137
42.8 1168
42.9 1199
43 1227
43.1 1253
43.2 1291
43.3 1327
43.4 1357
43.5 1385
43.6 1421
43.7 1445
43.8 1467
43.9 1510
44 1551
44.1 1567
44.2 1599
44.3 1628
44.4 1660
44.5 1681
44.6 1688
44.7 1716
44.8 1699
44.9 1636
45 1522
45.1 1421
45.2 1290
45.3 1197
45.4 1122
45.5 1045
45.6 947
45.7 864
45.8 808
45.9 753
46 697
46.1 716
46.2 726
46.3 730
46.4 710
46.5 679
46.6 637
46.7 599
46.8 573
46.9 538
47 514
47.1 492
47.2 474
47.3 447
47.4 415
47.5 388
47.6 359
47.7 358
47.8 353
47.9 383
48 412
48.1 411
48.2 421
48.3 390
48.4 390
48.5 381
48.6 369
48.7 346
48.8 325
48.9 315
49 297
49.1 279
49.2 274
49.3 255
49.4 239
49.5 229
49.6 236
49.7 237
49.8 233
49.9 230
50 230
50.1 239
50.2 212
50.3 221
50.4 215
50.5 211
50.6 219
50.7 227
50.8 225
50.9 222
51 227
51.1 225
51.2 225
51.3 223
51.4 233
51.5 250
51.6 257
51.7 242
51.8 241
51.9 245
52 233
52.1 228
52.2 223
52.3 207
52.4 200
52.5 185
52.6 190
52.7 205
52.8 233
52.9 247
53 251
53.1 241
53.2 219
53.3 219
53.4 213
53.5 215
53.6 223
53.7 239
53.8 233
53.9 246
54 232
54.1 228
54.2 223
54.3 216
54.4 225
54.5 247
54.6 229
54.7 220
54.8 225
54.9 220
55 209
55.1 207
55.2 207
55.3 209
55.4 209
55.5 204
55.6 215
55.7 234
55.8 243
55.9 264
56 287
56.1 328
56.2 428
56.3 484
56.4 481
56.5 478
56.6 476
56.7 472
56.8 458
56.9 490
57 494
57.1 493
57.2 490
57.3 476
57.4 473
57.5 485
57.6 495
57.7 516
57.8 529
57.9 538
58 547
58.1 562
58.2 571
58.3 576
58.4 583
58.5 589
58.6 598
58.7 611
58.8 625
58.9 631
59 650
59.1 665
59.2 680
59.3 691
59.4 708
59.5 728
59.6 740
59.7 768
59.8 794
59.9 821
60 836
60.1 856
60.2 880
60.3 907
60.4 930
60.5 958
60.6 988
60.7 1008
60.8 1022
60.9 1040
61 1055
61.1 1073
61.2 1101
61.3 1132
61.4 1149
61.5 1181
61.6 1205
61.7 1228
61.8 1252
61.9 1293
62 1319
62.1 1361
62.2 1389
62.3 1422
62.4 1451
62.5 1479
62.6 1512
62.7 1533
62.8 1569
62.9 1590
63 1598
63.1 1612
63.2 1618
63.3 1587
63.4 1519
63.5 1411
63.6 1312
63.7 1241
63.8 1139
63.9 1073
64 1001
64.1 920
64.2 857
64.3 815
64.4 761
64.5 730
64.6 690
64.7 634
64.8 603
64.9 565
65 536
65.1 508
65.2 472
65.3 443
65.4 430
65.5 422
65.6 416
65.7 401
65.8 410
65.9 422
66 417
66.1 398
66.2 372
66.3 370
66.4 365
66.5 367
66.6 399
66.7 463
66.8 505
66.9 479
67 466
67.1 438
67.2 406
67.3 376
67.4 351
67.5 352
67.6 342
67.7 328
67.8 318
67.9 299
68 281
68.1 280
68.2 276
68.3 289
68.4 267
68.5 269
68.6 264
68.7 272
68.8 270
68.9 271
69 290
69.1 290
69.2 300
69.3 289
69.4 281
69.5 283
69.6 301
69.7 318
69.8 312
69.9 294
70 298
70.1 359
70.2 367
70.3 342
70.4 351
70.5 349
70.6 348
70.7 348
70.8 366
70.9 367
71 360
71.1 341
71.2 321
71.3 307
71.4 309
71.5 289
71.6 278
71.7 267
71.8 264
71.9 271
72 260
72.1 256
72.2 259
72.3 252
72.4 265
72.5 251
72.6 244
72.7 251
72.8 253
72.9 248
73 246
73.1 245
73.2 248
73.3 225
73.4 224
73.5 223
73.6 231
73.7 240
73.8 275
73.9 320
74 356
74.1 360
74.2 349
74.3 352
74.4 355
74.5 347
74.6 339
74.7 332
74.8 318
74.9 296
75 281
75.1 263
75.2 259
75.3 279
75.4 289
75.5 287
75.6 273
75.7 253
75.8 259
75.9 261
76 262
76.1 240
76.2 223
76.3 207
76.4 211
76.5 223
76.6 218
76.7 231
76.8 287
76.9 306
77 324
77.1 333
77.2 361
77.3 382
77.4 400
77.5 406
77.6 414
77.7 414
77.8 421
77.9 425
78 436
78.1 437
78.2 446
78.3 462
78.4 461
78.5 480
78.6 488
78.7 496
78.8 511
78.9 524
79 536
79.1 551
79.2 563
79.3 572
79.4 584
79.5 599
79.6 614
79.7 631
79.8 655
79.9 678
80 687
80.1 715
80.2 733
80.3 750
80.4 777
80.5 797
80.6 823
80.7 840
80.8 872
80.9 909
81 941
81.1 958
81.2 984
81.3 1012
81.4 1038
81.5 1070
81.6 1095
81.7 1122
81.8 1152
81.9 1178
82 1205
82.1 1238
82.2 1277
82.3 1308
82.4 1338
82.5 1366
82.6 1398
82.7 1426
82.8 1447
82.9 1493
83 1529
83.1 1555
83.2 1582
83.3 1606
83.4 1603
83.5 1586
83.6 1531
83.7 1477
83.8 1422
83.9 1362
84 1313
84.1 1215
84.2 1130
84.3 1023
84.4 952
84.5 883
84.6 828
84.7 772
84.8 722
84.9 682
85 668
85.1 659
85.2 649
85.3 639
85.4 595
85.5 577
85.6 558
85.7 528
85.8 493
85.9 453
86 446
86.1 421
86.2 389
86.3 368
86.4 364
86.5 447
86.6 452
86.7 437
86.8 429
86.9 402
87 389
87.1 387
87.2 386
87.3 371
87.4 362
87.5 360
87.6 357
87.7 354
87.8 347
87.9 355
88 339
88.1 345
88.2 328
88.3 335
88.4 336
88.5 336
88.6 330
88.7 313
88.8 321
88.9 323
89 323
89.1 321
89.2 321
89.3 317
89.4 324
89.5 310
89.6 301
89.7 298
89.8 296
89.9 294
90 278
90.1 260
90.2 255
90.3 292
90.4 278
90.5 266
90.6 258
90.7 270
90.8 278
90.9 274
91 260
91.1 254
91.2 258
91.3 265
91.4 278
91.5 278
91.6 276
91.7 281
91.8 271
91.9 258
92 241
92.1 238
92.2 218
92.3 235
92.4 233
92.5 232
92.6 234
92.7 248
92.8 244
92.9 248
93 244
93.1 253
93.2 273
93.3 272
93.4 286
93.5 288
93.6 277
93.7 273
93.8 261
93.9 257
94 250
94.1 266
94.2 269
94.3 264
94.4 265
94.5 271
94.6 279
94.7 267
94.8 258
94.9 240
95 238
95.1 230
95.2 224
95.3 202
95.4 198
95.5 198
95.6 198
95.7 209
95.8 217
95.9 225
96 225
96.1 234
96.2 252
96.3 261
96.4 243
96.5 236
96.6 234
96.7 221
96.8 197
96.9 195
97 198
97.1 212
97.2 229
97.3 248
97.4 259
97.5 289
97.6 326
97.7 353
97.8 380
97.9 403
98 414
98.1 414
98.2 426
98.3 425
98.4 430
98.5 442
98.6 439
98.7 451
98.8 457
98.9 472
99 479
99.1 498
99.2 515
99.3 525
99.4 543
99.5 559
99.6 575
99.7 585
99.8 591
99.9 610
100 633
100.1 651
100.2 664
100.3 680
100.4 711
100.5 733
100.6 754
100.7 779
100.8 816
100.9 850
101 878
101.1 911
101.2 942
101.3 963
101.4 1013
101.5 1050
101.6 1086
101.7 1110
101.8 1139
101.9 1163
102 1197
102.1 1229
102.2 1256
102.3 1293
102.4 1320
102.5 1346
102.6 1375
102.7 1409
102.8 1441
102.9 1464
103 1493
103.1 1528
103.2 1560
103.3 1588
103.4 1616
103.5 1646
103.6 1668
103.7 1706
103.8 1728
103.9 1741
104 1744
104.1 1775
104.2 1801
104.3 1804
104.4 1752
104.5 1700
104.6 1620
104.7 1495
104.8 1371
104.9 1255
105 1139
105.1 1053
105.2 992
105.3 939
105.4 885
105.5 827
105.6 784
105.7 732
105.8 681
105.9 627
106 599
106.1 568
106.2 525
106.3 490
106.4 449
106.5 414
106.6 390
106.7 372
106.8 370
106.9 355
107 361
107.1 364
107.2 365
107.3 353
107.4 354
107.5 363
107.6 338
107.7 316
107.8 336
107.9 323
108 299
108.1 280
108.2 254
108.3 235
108.4 227
108.5 242
108.6 240
108.7 248
108.8 258
108.9 286
109 303
109.1 302
109.2 302
109.3 327
109.4 336
109.5 320
109.6 305
109.7 298
109.8 291
109.9 275
110 269
110.1 281
110.2 278
110.3 277
110.4 276
110.5 278
110.6 274
110.7 266
110.8 256
110.9 250
111 245
111.1 243
111.2 255
111.3 250
111.4 243
111.5 309
111.6 360
111.7 375
111.8 402
111.9 406
112 403
112.1 409
112.2 400
112.3 388
112.4 402
112.5 409
112.6 402
112.7 425
112.8 429
112.9 413
113 379
113.1 361
113.2 353
113.3 342
113.4 336
113.5 309
113.6 315
113.7 321
113.8 325
113.9 325
114 320
114.1 319
114.2 306
114.3 299
114.4 281
114.5 254
114.6 231
114.7 234
114.8 241
114.9 242
115 256
115.1 257
115.2 265
115.3 266
115.4 256
115.5 252
115.6 243
115.7 233
115.8 256
115.9 265
116 261
116.1 253
116.2 234
116.3 217
116.4 211
116.5 211
116.6 223
116.7 230
116.8 215
116.9 210
117 212
117.1 207
117.2 237
117.3 254
117.4 270
117.5 272
117.6 279
117.7 304
117.8 322
117.9 340
118 321
118.1 315
118.2 309
118.3 302
118.4 302
118.5 276
118.6 256
118.7 258
118.8 248
118.9 246
119 236
119.1 227
119.2 229
119.3 228
119.4 234
119.5 240
119.6 228
119.7 207
119.8 195
119.9 188
120 188
120.1 184
120.2 196
120.3 200
120.4 202
120.5 194
120.6 216
120.7 279
120.8 310
120.9 331
121 340
121.1 335
121.2 316
121.3 309
121.4 337
121.5 379
121.6 387
121.7 391
121.8 397
121.9 400
122 399
122.1 401
122.2 406
122.3 404
122.4 408
122.5 418
122.6 426
122.7 439
122.8 444
122.9 447
123 457
123.1 472
123.2 494
123.3 511
123.4 531
123.5 548
123.6 574
123.7 597
123.8 616
123.9 641
124 659
124.1 672
124.2 695
124.3 714
124.4 735
124.5 755
124.6 788
124.7 813
124.8 839
124.9 857
125 885
125.1 912
125.2 944
125.3 971
125.4 1002
125.5 1044
125.6 1067
125.7 1092
125.8 1130
125.9 1165
126 1211
126.1 1251
126.2 1286
126.3 1325
126.4 1359
126.5 1396
126.6 1423
126.7 1461
126.8 1481
126.9 1514
127 1550
127.1 1560
127.2 1589
127.3 1616
127.4 1649
127.5 1678
127.6 1701
127.7 1714
127.8 1737
127.9 1748
128 1744
128.1 1735
128.2 1691
128.3 1644
128.4 1591
128.5 1481
128.6 1370
128.7 1267
128.8 1191
128.9 1113
129 1041
129.1 963
129.2 894
129.3 821
129.4 769
129.5 735
129.6 689
129.7 716
129.8 714
129.9 707
130 678
130.1 631
130.2 575
130.3 540
130.4 528
130.5 504
130.6 485
130.7 469
130.8 433
130.9 416
131 400
131.1 370
131.2 356
131.3 343
131.4 330
131.5 320
131.6 331
131.7 333
131.8 323
131.9 325
132 303
132.1 308
132.2 288
132.3 289
132.4 295
132.5 280
132.6 268
132.7 279
132.8 274
132.9 284
133 290
133.1 291
133.2 274
133.3 250
133.4 270
133.5 287
133.6 290
133.7 290
133.8 272
133.9 262
134 253
134.1 252
134.2 241
134.3 246
134.4 237
134.5 237
134.6 234
134.7 221
134.8 222
134.9 222
135 247
135.1 247
135.2 242
135.3 273
135.4 318
135.5 330
135.6 331
135.7 323
135.8 326
135.9 326
136 323
136.1 336
136.2 338
136.3 326
136.4 315
136.5 295
136.6 279
136.7 276
136.8 271
136.9 273
137 275
137.1 272
137.2 263
137.3 243
137.4 226
137.5 220
137.6 216
137.7 212
137.8 205
137.9 210
138 216
138.1 219
138.2 214
138.3 226
138.4 239
138.5 238
138.6 236
138.7 234
138.8 225
138.9 211
139 220
139.1 231
139.2 270
139.3 279
139.4 270
139.5 258
139.6 266
139.7 266
139.8 257
139.9 277
140 290
140.1 296
140.2 298
140.3 281
140.4 271
140.5 283
140.6 303
140.7 354
140.8 358
140.9 358
141 335
141.1 332
141.2 320
141.3 348
141.4 382
141.5 387
141.6 371
141.7 411
141.8 433
141.9 451
142 471
142.1 481
142.2 485
142.3 491
142.4 502
142.5 507
142.6 509
142.7 519
142.8 531
142.9 549
143 561
143.1 574
143.2 605
143.3 624
143.4 644
143.5 661
143.6 680
143.7 704
143.8 724
143.9 751
144 769
144.1 805
144.2 836
144.3 863
144.4 892
144.5 911
144.6 942
144.7 975
144.8 994
144.9 1025
145 1047
145.1 1085
145.2 1119
145.3 1151
145.4 1185
145.5 1223
145.6 1244
145.7 1272
145.8 1298
145.9 1315
146 1325
146.1 1360
146.2 1381
146.3 1388
146.4 1404
146.5 1423
146.6 1433
146.7 1452
146.8 1472
146.9 1443
147 1392
147.1 1274
147.2 1151
147.3 1077
147.4 1052
147.5 1015
147.6 954
147.7 918
147.8 845
147.9 802
148 767
148.1 738
148.2 696
148.3 638
148.4 617
148.5 612
148.6 603
148.7 553
148.8 518
148.9 483
149 453
149.1 415
149.2 391
149.3 365
149.4 343
149.5 331
149.6 311
149.7 299
149.8 298
149.9 287
150 273
150.1 259
150.2 253
150.3 267
150.4 276
150.5 311
150.6 317
150.7 312
150.8 308
150.9 312
151 320
151.1 310
151.2 322
151.3 308
151.4 307
151.5 336
151.6 334
151.7 353
151.8 375
151.9 388
152 384
152.1 397
152.2 378
152.3 371
152.4 363
152.5 358
152.6 342
152.7 327
152.8 314
152.9 287
153 273
153.1 270
153.2 270
153.3 288
153.4 298
153.5 307
153.6 303
153.7 305
153.8 311
153.9 301
154 307
154.1 327
154.2 339
154.3 329
154.4 348
154.5 363
154.6 353
154.7 356
154.8 349
154.9 336
155 344
155.1 356
155.2 340
155.3 319
155.4 291
155.5 297
155.6 301
155.7 291
155.8 281
155.9 297
156 317
156.1 308
156.2 297
156.3 283
156.4 242
156.5 238
156.6 216
156.7 205
156.8 201
156.9 219
157 224
157.1 236
157.2 258
157.3 255
157.4 262
157.5 279
157.6 285
157.7 276
157.8 271
157.9 279
158 279
158.1 289
158.2 274
158.3 269
158.4 259
158.5 260
158.6 267
158.7 273
158.8 277
158.9 317
159 315
159.1 295
159.2 300
159.3 295
159.4 272
159.5 270
159.6 341
159.7 380
159.8 386
159.9 379
160 403
160.1 429
160.2 442
160.3 463
160.4 479
160.5 497
160.6 498
160.7 507
160.8 523
160.9 537
161 555
161.1 568
161.2 584
161.3 598
161.4 613
161.5 621
161.6 649
161.7 675
161.8 693
161.9 722
162 741
162.1 773
162.2 802
162.3 816
162.4 841
162.5 856
162.6 888
162.7 910
162.8 937
162.9 960
163 979
163.1 1000
163.2 1025
163.3 1053
163.4 1082
163.5 1103
163.6 1135
163.7 1152
163.8 1181
163.9 1196
164 1225
164.1 1259
164.2 1292
164.3 1325
164.4 1356
164.5 1392
164.6 1413
164.7 1437
164.8 1446
164.9 1480
165 1507
165.1 1536
165.2 1574
165.3 1609
165.4 1652
165.5 1679
165.6 1701
165.7 1733
165.8 1743
165.9 1776
166 1782
166.1 1800
166.2 1787
166.3 1821
166.4 1842
166.5 1847
166.6 1811
166.7 1677
166.8 1580
166.9 1474
167 1379
167.1 1260
167.2 1156
167.3 1049
167.4 977
167.5 899
167.6 837
167.7 811
167.8 761
167.9 731
168 693
168.1 636
168.2 596
168.3 579
168.4 541
168.5 522
168.6 498
168.7 490
168.8 457
168.9 421
169 415
169.1 398
169.2 370
169.3 351
169.4 352
169.5 348
169.6 332
169.7 316
169.8 309
169.9 314
170 303
170.1 290
170.2 316
170.3 369
170.4 379
170.5 371
170.6 358
170.7 332
170.8 313
170.9 319
171 307
171.1 293
171.2 285
171.3 295
171.4 283
171.5 291
171.6 292
171.7 273
171.8 263
171.9 278
172 285
172.1 292
172.2 316
172.3 329
172.4 321
172.5 323
172.6 304
172.7 301
172.8 284
172.9 275
173 283
173.1 281
173.2 296
173.3 305
173.4 328
173.5 332
173.6 317
173.7 295
173.8 301
173.9 324
174 297
174.1 290
174.2 287
174.3 295
174.4 295
174.5 367
174.6 435
174.7 443
174.8 444
174.9 452
175 437
175.1 423
175.2 400
175.3 368
175.4 336
175.5 306
175.6 289
175.7 268
175.8 261
175.9 258
176 251
176.1 248
176.2 256
176.3 263
176.4 260
176.5 252
176.6 240
176.7 234
176.8 225
176.9 217
177 217
177.1 220
177.2 211
177.3 206
177.4 196
177.5 194
177.6 193
177.7 192
177.8 192
177.9 215
178 219
178.1 204
178.2 201
178.3 190
178.4 201
178.5 210
178.6 198
178.7 196
178.8 206
178.9 200
179 202
179.1 205
179.2 210
179.3 213
179.4 233
179.5 258
179.6 258
179.7 249
179.8 251
179.9 239
180 234
180.1 232
180.2 232
180.3 228
180.4 238
180.5 252
180.6 274
180.7 308
180.8 343
180.9 386
181 404
181.1 429
181.2 441
181.3 448
181.4 455
181.5 457
181.6 463
181.7 478
181.8 491
181.9 501
182 516
182.1 528
182.2 544
182.3 556
182.4 576
182.5 583
182.6 608
182.7 631
182.8 660
182.9 676
183 697
183.1 721
183.2 754
183.3 770
183.4 779
183.5 799
183.6 827
183.7 858
183.8 873
183.9 895
184 932
184.1 954
184.2 977
184.3 1014
184.4 1042
184.5 1080
184.6 1095
184.7 1128
184.8 1154
184.9 1179
185 1210
185.1 1237
185.2 1264
185.3 1278
185.4 1308
185.5 1336
185.6 1366
185.7 1381
185.8 1401
185.9 1432
186 1465
186.1 1490
186.2 1501
186.3 1512
186.4 1504
186.5 1442
186.6 1411
186.7 1336
186.8 1249
186.9 1200
187 1114
187.1 1019
187.2 938
187.3 874
187.4 817
187.5 777
187.6 725
187.7 678
187.8 633
187.9 592
188 551
188.1 517
188.2 501
188.3 483
188.4 462
188.5 450
188.6 425
188.7 398
188.8 377
188.9 367
189 346
189.1 339
189.2 340
189.3 333
189.4 314
189.5 344
189.6 335
189.7 333
189.8 335
189.9 337
190 328
190.1 329
190.2 313
190.3 316
190.4 333
190.5 325
190.6 300
190.7 284
190.8 274
190.9 271
191 256
191.1 247
191.2 268
191.3 280
191.4 301
191.5 326
191.6 335
191.7 309
191.8 301
191.9 300
192 279
192.1 258
192.2 256
192.3 256
192.4 248
192.5 244
192.6 241
192.7 239
192.8 239
192.9 236
193 209
193.1 202
193.2 199
193.3 192
193.4 193
193.5 207
193.6 191
193.7 199
193.8 194
193.9 194
194 211
194.1 208
194.2 224
194.3 225
194.4 229
194.5 222
194.6 212
194.7 220
194.8 233
194.9 239
195 237
195.1 246
195.2 263
195.3 284
195.4 298
195.5 311
195.6 316
195.7 324
195.8 305
195.9 286
196 266
196.1 271
196.2 257
196.3 255
196.4 244
196.5 242
196.6 249
196.7 255
196.8 268
196.9 292
197 302
197.1 308
197.2 311
197.3 310
197.4 320
197.5 311
197.6 360
197.7 384
197.8 379
197.9 378
198 384
198.1 391
198.2 390
198.3 388
198.4 375
198.5 379
198.6 357
198.7 337
198.8 339
198.9 327
199 306
199.1 305
199.2 306
199.3 291
199.4 292
199.5 295
199.6 305
199.7 304
199.8 312
199.9 301
200 289
