0 0
0.1 3
0.2 4
0.3 4
0.4 3
0.5 3
0.6 3
0.7 24
0.8 38
0.9 58
1 43
1.1 45
1.2 32
1.3 44
1.4 39
1.5 37
1.6 35
1.7 36
1.8 37
1.9 26
2 32
2.1 43
2.2 45
2.3 41
2.4 30
2.5 36
2.6 34
2.7 41
2.8 43
2.9 43
3 49
3.1 56
3.2 47
3.3 36
3.4 38
3.5 38
3.6 44
3.7 46
3.8 50
3.9 52
4 51
4.1 43
4.2 50
4.3 48
4.4 42
4.5 38
4.6 38
4.7 35
4.8 39
4.9 40
5 35
5.1 35
5.2 49
5.3 43
5.4 51
5.5 51
5.6 37
5.7 47
5.8 39
5.9 45
6 40
6.1 47
6.2 38
6.3 35
6.4 48
6.5 42
6.6 54
6.7 46
6.8 35
6.9 38
7 43
7.1 43
7.2 35
7.3 51
7.4 29
7.5 39
7.6 34
7.7 36
7.8 35
7.9 41
8 30
8.1 18
8.2 13
8.3 22
8.4 23
8.5 49
8.6 23
8.7 10
8.8 5
8.9 23
9 13
9.1 8
9.2 17
9.3 10
9.4 8
9.5 5
9.6 6
9.7 5
9.8 1
9.9 5
10 4
10.1 7
10.2 7
10.3 6
10.4 4
10.5 6
10.6 4
10.7 6
10.8 5
10.9 7
11 5
11.1 3
11.2 4
11.3 4
11.4 3
11.5 3
11.6 3
11.7 5
11.8 5
11.9 3
12 1
12.1 18
12.2 41
12.3 18
12.4 12
12.5 7
12.6 5
12.7 8
12.8 7
12.9 5
13 7
13.1 6
13.2 3
13.3 6
13.4 6
13.5 6
13.6 4
13.7 3
13.8 7
13.9 7
14 5
14.1 5
14.2 3
14.3 6
14.4 7
14.5 4
14.6 9
14.7 3
14.8 3
14.9 6
15 7
15.1 3
15.2 8
15.3 5
15.4 4
15.5 2
15.6 5
15.7 2
15.8 3
15.9 3
16 3
16.1 5
16.2 3
16.3 2
16.4 2
16.5 6
16.6 12
16.7 6
16.8 10
16.9 10
17 3
17.1 4
17.2 6
17.3 2
17.4 4
17.5 5
17.6 6
17.7 5
17.8 2
17.9 5
18 9
18.1 5
18.2 2
18.3 4
18.4 7
18.5 12
18.6 6
18.7 9
18.8 11
18.9 7
19 4
19.1 5
19.2 3
19.3 8
19.4 36
19.5 36
19.6 37
19.7 27
19.8 20
19.9 20
20 36
20.1 48
20.2 23
20.3 17
20.4 20
20.5 24
20.6 23
20.7 25
20.8 32
20.9 35
21 48
21.1 38
21.2 44
21.3 36
21.4 34
21.5 21
21.6 37
21.7 44
21.8 40
21.9 33
22 38
22.1 35
22.2 38
22.3 42
22.4 30
22.5 41
22.6 48
22.7 34
22.8 29
22.9 26
23 32
23.1 45
23.2 40
23.3 52
23.4 33
23.5 25
23.6 39
23.7 36
23.8 44
23.9 50
24 43
24.1 29
24.2 30
24.3 11
24.4 7
24.5 21
24.6 27
24.7 13
24.8 8
24.9 2
25 4
25.1 6
25.2 6
25.3 3
25.4 2
25.5 6
25.6 8
25.7 5
25.8 4
25.9 18
26 23
26.1 9
26.2 6
26.3 7
26.4 5
26.5 0
26.6 4
26.7 4
26.8 23
26.9 12
27 6
27.1 4
27.2 3
27.3 0
27.4 4
27.5 5
27.6 4
27.7 5
27.8 2
27.9 2
28 2
28.1 10
28.2 7
28.3 16
28.4 17
28.5 13
28.6 42
28.7 28
28.8 12
28.9 9
29 20
29.1 12
29.2 6
29.3 3
29.4 2
29.5 3
29.6 5
29.7 4
29.8 4
29.9 6
30 2
30.1 4
30.2 5
30.3 5
30.4 5
30.5 5
30.6 3
30.7 5
30.8 5
30.9 6
31 6
31.1 5
31.2 3
31.3 3
31.4 7
31.5 6
31.6 5
31.7 4
31.8 9
31.9 7
32 7
32.1 6
32.2 9
32.3 9
32.4 2
32.5 2
32.6 4
32.7 3
32.8 2
32.9 3
33 3
33.1 2
33.2 2
33.3 3
33.4 10
33.5 4
33.6 1
33.7 4
33.8 4
33.9 5
34 14
34.1 18
34.2 20
34.3 14
34.4 15
34.5 20
34.6 19
34.7 18
34.8 12
34.9 2
35 5
35.1 9
35.2 3
35.3 2
35.4 6
35.5 10
35.6 12
35.7 5
35.8 7
35.9 2
36 3
36.1 24
36.2 11
36.3 10
36.4 8
36.5 6
36.6 6
36.7 4
36.8 13
36.9 11
37 10
37.1 10
37.2 8
37.3 11
37.4 7
37.5 5
37.6 6
37.7 6
37.8 3
37.9 4
38 4
38.1 11
38.2 30
38.3 16
38.4 17
38.5 12
38.6 26
38.7 12
38.8 9
38.9 18
39 20
39.1 12
39.2 9
39.3 6
39.4 8
39.5 17
39.6 27
39.7 35
39.8 23
39.9 18
40 32
40.1 24
40.2 41
40.3 42
40.4 54
40.5 43
40.6 41
40.7 52
40.8 43
40.9 48
41 44
41.1 39
41.2 51
41.3 57
41.4 57
41.5 44
41.6 50
41.7 52
41.8 43
41.9 46
42 50
42.1 53
42.2 48
42.3 44
42.4 40
42.5 38
42.6 43
42.7 46
42.8 43
42.9 44
43 35
43.1 37
43.2 38
43.3 40
43.4 41
43.5 48
43.6 51
43.7 42
43.8 44
43.9 40
44 32
44.1 40
44.2 36
44.3 56
44.4 29
44.5 35
44.6 33
44.7 18
44.8 18
44.9 8
45 7
45.1 3
45.2 3
45.3 4
45.4 9
45.5 3
45.6 5
45.7 6
45.8 6
45.9 2
46 7
46.1 13
46.2 16
46.3 11
46.4 6
46.5 6
46.6 5
46.7 6
46.8 3
46.9 10
47 5
47.1 8
47.2 4
47.3 3
47.4 2
47.5 3
47.6 5
47.7 6
47.8 5
47.9 24
48 10
48.1 10
48.2 6
48.3 7
48.4 5
48.5 5
48.6 4
48.7 3
48.8 5
48.9 5
49 3
49.1 3
49.2 4
49.3 2
49.4 2
49.5 3
49.6 8
49.7 4
49.8 7
49.9 3
50 3
50.1 3
50.2 2
50.3 6
50.4 3
50.5 6
50.6 4
50.7 9
50.8 8
50.9 9
51 4
51.1 3
51.2 5
51.3 4
51.4 10
51.5 12
51.6 4
51.7 6
51.8 7
51.9 3
52 0
52.1 3
52.2 6
52.3 1
52.4 2
52.5 1
52.6 4
52.7 9
52.8 8
52.9 6
53 8
53.1 1
53.2 2
53.3 4
53.4 3
53.5 5
53.6 6
53.7 6
53.8 3
53.9 4
54 4
54.1 4
54.2 2
54.3 4
54.4 9
54.5 4
54.6 1
54.7 4
54.8 3
54.9 5
55 4
55.1 4
55.2 5
55.3 2
55.4 4
55.5 7
55.6 7
55.7 5
55.8 9
55.9 13
56 8
56.1 38
56.2 22
56.3 11
56.4 11
56.5 10
56.6 7
56.7 5
56.8 15
56.9 14
57 5
57.1 16
57.2 11
57.3 12
57.4 14
57.5 10
57.6 17
57.7 14
57.8 14
57.9 11
58 12
58.1 36
58.2 42
58.3 31
58.4 30
58.5 38
58.6 26
58.7 37
58.8 36
58.9 48
59 41
59.1 28
59.2 38
59.3 39
59.4 56
59.5 50
59.6 54
59.7 44
59.8 32
59.9 37
60 49
60.1 40
60.2 41
60.3 29
60.4 37
60.5 39
60.6 36
60.7 41
60.8 39
60.9 52
61 52
61.1 37
61.2 48
61.3 55
61.4 38
61.5 54
61.6 45
61.7 46
61.8 32
61.9 38
62 32
62.1 30
62.2 39
62.3 54
62.4 32
62.5 26
62.6 32
62.7 33
62.8 25
62.9 16
63 24
63.1 34
63.2 28
63.3 15
63.4 8
63.5 7
63.6 8
63.7 4
63.8 7
63.9 13
64 3
64.1 2
64.2 5
64.3 11
64.4 8
64.5 9
64.6 5
64.7 6
64.8 3
64.9 5
65 6
65.1 6
65.2 2
65.3 6
65.4 9
65.5 6
65.6 5
65.7 5
65.8 10
65.9 11
66 5
66.1 6
66.2 5
66.3 4
66.4 7
66.5 9
66.6 17
66.7 19
66.8 11
66.9 5
67 2
67.1 3
67.2 4
67.3 3
67.4 4
67.5 5
67.6 6
67.7 4
67.8 2
67.9 2
68 4
68.1 5
68.2 3
68.3 6
68.4 3
68.5 2
68.6 5
68.7 6
68.8 3
68.9 7
69 8
69.1 12
69.2 8
69.3 8
69.4 3
69.5 6
69.6 10
69.7 6
69.8 4
69.9 3
70 18
70.1 10
70.2 5
70.3 4
70.4 6
70.5 7
70.6 8
70.7 9
70.8 9
70.9 5
71 4
71.1 2
71.2 3
71.3 4
71.4 4
71.5 0
71.6 3
71.7 6
71.8 5
71.9 6
72 3
72.1 5
72.2 4
72.3 4
72.4 11
72.5 4
72.6 3
72.7 5
72.8 4
72.9 5
73 5
73.1 3
73.2 6
73.3 4
73.4 5
73.5 4
73.6 9
73.7 13
73.8 9
73.9 14
74 6
74.1 5
74.2 8
74.3 3
74.4 5
74.5 6
74.6 1
74.7 5
74.8 1
74.9 2
75 0
75.1 6
75.2 5
75.3 8
75.4 7
75.5 3
75.6 3
75.7 7
75.8 4
75.9 6
76 2
76.1 0
76.2 1
76.3 3
76.4 7
76.5 5
76.6 7
76.7 11
76.8 13
76.9 12
77 8
77.1 13
77.2 23
77.3 28
77.4 17
77.5 13
77.6 31
77.7 14
77.8 29
77.9 26
78 38
78.1 31
78.2 17
78.3 37
78.4 36
78.5 40
78.6 47
78.7 44
78.8 32
78.9 33
79 40
79.1 39
79.2 29
79.3 29
79.4 29
79.5 36
79.6 48
79.7 33
79.8 42
79.9 42
80 51
80.1 43
80.2 29
80.3 34
80.4 44
80.5 49
80.6 36
80.7 36
80.8 54
80.9 48
81 45
81.1 44
81.2 48
81.3 49
81.4 37
81.5 40
81.6 30
81.7 39
81.8 51
81.9 51
82 61
82.1 53
82.2 63
82.3 60
82.4 30
82.5 32
82.6 32
82.7 47
82.8 31
82.9 31
83 17
83.1 38
83.2 25
83.3 23
83.4 16
83.5 18
83.6 14
83.7 10
83.8 20
83.9 16
84 8
84.1 8
84.2 3
84.3 4
84.4 5
84.5 6
84.6 5
84.7 6
84.8 7
84.9 7
85 9
85.1 7
85.2 5
85.3 8
85.4 6
85.5 7
85.6 6
85.7 7
85.8 3
85.9 4
86 6
86.1 3
86.2 4
86.3 4
86.4 23
86.5 15
86.6 8
86.7 8
86.8 2
86.9 3
87 6
87.1 8
87.2 6
87.3 4
87.4 7
87.5 7
87.6 5
87.7 6
87.8 8
87.9 3
88 8
88.1 4
88.2 2
88.3 11
88.4 5
88.5 5
88.6 9
88.7 8
88.8 10
88.9 6
89 4
89.1 4
89.2 5
89.3 8
89.4 4
89.5 3
89.6 3
89.7 7
89.8 8
89.9 4
90 5
90.1 4
90.2 7
90.3 9
90.4 3
90.5 3
90.6 6
90.7 6
90.8 8
90.9 4
91 1
91.1 5
91.2 5
91.3 3
91.4 9
91.5 5
91.6 6
91.7 5
91.8 1
91.9 2
92 3
92.1 4
92.2 6
92.3 7
92.4 4
92.5 8
92.6 8
92.7 5
92.8 5
92.9 4
93 4
93.1 9
93.2 5
93.3 6
93.4 4
93.5 5
93.6 5
93.7 6
93.8 3
93.9 3
94 6
94.1 7
94.2 3
94.3 5
94.4 5
94.5 9
94.6 6
94.7 3
94.8 2
94.9 5
95 9
95.1 6
95.2 3
95.3 2
95.4 2
95.5 2
95.6 7
95.7 7
95.8 5
95.9 5
96 8
96.1 9
96.2 7
96.3 3
96.4 3
96.5 2
96.6 2
96.7 5
96.8 3
96.9 3
97 6
97.1 5
97.2 3
97.3 8
97.4 11
97.5 26
97.6 13
97.7 17
97.8 18
97.9 27
98 22
98.1 29
98.2 46
98.3 48
98.4 42
98.5 46
98.6 46
98.7 42
98.8 29
98.9 44
99 38
99.1 41
99.2 43
99.3 37
99.4 46
99.5 50
99.6 54
99.7 51
99.8 47
99.9 49
100 51
100.1 31
100.2 46
100.3 53
100.4 61
100.5 44
100.6 49
100.7 46
100.8 62
100.9 52
101 52
101.1 52
101.2 42
101.3 45
101.4 50
101.5 52
101.6 49
101.7 54
101.8 50
101.9 34
102 40
102.1 42
102.2 48
102.3 41
102.4 38
102.5 40
102.6 47
102.7 34
102.8 25
102.9 48
103 49
103.1 28
103.2 33
103.3 25
103.4 43
103.5 30
103.6 38
103.7 39
103.8 23
103.9 39
104 29
104.1 47
104.2 31
104.3 18
104.4 22
104.5 14
104.6 8
104.7 6
104.8 5
104.9 6
105 7
105.1 7
105.2 10
105.3 6
105.4 7
105.5 9
105.6 5
105.7 3
105.8 3
105.9 3
106 5
106.1 5
106.2 3
106.3 3
106.4 5
106.5 6
106.6 4
106.7 5
106.8 8
106.9 5
107 9
107.1 4
107.2 6
107.3 9
107.4 9
107.5 5
107.6 4
107.7 9
107.8 7
107.9 5
108 1
108.1 2
108.2 2
108.3 3
108.4 9
108.5 6
108.6 5
108.7 6
108.8 4
108.9 11
109 7
109.1 5
109.2 2
109.3 16
109.4 7
109.5 1
109.6 1
109.7 6
109.8 7
109.9 5
110 4
110.1 5
110.2 4
110.3 6
110.4 7
110.5 5
110.6 4
110.7 3
110.8 5
110.9 5
111 8
111.1 5
111.2 4
111.3 2
111.4 17
111.5 13
111.6 10
111.7 10
111.8 11
111.9 8
112 10
112.1 8
112.2 4
112.3 8
112.4 6
112.5 6
112.6 9
112.7 11
112.8 4
112.9 1
113 3
113.1 4
113.2 4
113.3 4
113.4 2
113.5 4
113.6 8
113.7 6
113.8 8
113.9 8
114 2
114.1 3
114.2 3
114.3 4
114.4 3
114.5 0
114.6 2
114.7 3
114.8 8
114.9 7
115 6
115.1 5
115.2 6
115.3 3
115.4 2
115.5 6
115.6 4
115.7 8
115.8 9
115.9 8
116 2
116.1 1
116.2 3
116.3 3
116.4 3
116.5 5
116.6 6
116.7 3
116.8 1
116.9 5
117 3
117.1 6
117.2 9
117.3 9
117.4 5
117.5 6
117.6 11
117.7 13
117.8 8
117.9 3
118 5
118.1 8
118.2 6
118.3 8
118.4 1
118.5 3
118.6 6
118.7 4
118.8 2
118.9 5
119 4
119.1 3
119.2 5
119.3 5
119.4 5
119.5 2
119.6 1
119.7 2
119.8 4
119.9 4
120 5
120.1 7
120.2 6
120.3 4
120.4 3
120.5 7
120.6 26
120.7 16
120.8 14
120.9 7
121 5
121.1 2
121.2 4
121.3 7
121.4 24
121.5 31
121.6 30
121.7 28
121.8 27
121.9 32
122 33
122.1 28
122.2 33
122.3 40
122.4 47
122.5 49
122.6 39
122.7 29
122.8 27
122.9 40
123 44
123.1 46
123.2 59
123.3 54
123.4 54
123.5 38
123.6 45
123.7 37
123.8 55
123.9 48
124 44
124.1 46
124.2 41
124.3 53
124.4 45
124.5 46
124.6 43
124.7 38
124.8 37
124.9 36
125 43
125.1 60
125.2 41
125.3 42
125.4 42
125.5 57
125.6 54
125.7 45
125.8 50
125.9 52
126 43
126.1 35
126.2 43
126.3 31
126.4 36
126.5 43
126.6 46
126.7 38
126.8 47
126.9 50
127 50
127.1 34
127.2 37
127.3 42
127.4 38
127.5 39
127.6 46
127.7 24
127.8 20
127.9 22
128 22
128.1 20
128.2 20
128.3 23
128.4 13
128.5 9
128.6 5
128.7 5
128.8 5
128.9 7
129 9
129.1 5
129.2 3
129.3 4
129.4 5
129.5 8
129.6 8
129.7 18
129.8 11
129.9 7
130 6
130.1 2
130.2 3
130.3 6
130.4 5
130.5 6
130.6 6
130.7 4
130.8 2
130.9 5
131 1
131.1 2
131.2 9
131.3 5
131.4 3
131.5 5
131.6 4
131.7 6
131.8 7
131.9 3
132 5
132.1 5
132.2 3
132.3 6
132.4 5
132.5 3
132.6 5
132.7 9
132.8 4
132.9 7
133 5
133.1 5
133.2 1
133.3 9
133.4 7
133.5 6
133.6 9
133.7 5
133.8 5
133.9 5
134 4
134.1 2
134.2 6
134.3 6
134.4 3
134.5 5
134.6 3
134.7 5
134.8 5
134.9 6
135 7
135.1 2
135.2 6
135.3 20
135.4 8
135.5 7
135.6 6
135.7 5
135.8 7
135.9 5
136 6
136.1 6
136.2 4
136.3 3
136.4 2
136.5 2
136.6 4
136.7 4
136.8 3
136.9 7
137 8
137.1 5
137.2 4
137.3 3
137.4 4
137.5 5
137.6 4
137.7 2
137.8 3
137.9 5
138 5
138.1 4
138.2 4
138.3 6
138.4 6
138.5 3
138.6 3
138.7 2
138.8 3
138.9 4
139 5
139.1 10
139.2 10
139.3 5
139.4 3
139.5 6
139.6 3
139.7 5
139.8 9
139.9 9
140 7
140.1 7
140.2 2
140.3 5
140.4 5
140.5 4
140.6 23
140.7 14
140.8 8
140.9 5
141 7
141.1 6
141.2 11
141.3 18
141.4 8
141.5 9
141.6 17
141.7 19
141.8 15
141.9 30
142 23
142.1 30
142.2 27
142.3 35
142.4 25
142.5 33
142.6 29
142.7 38
142.8 40
142.9 62
143 47
143.1 54
143.2 49
143.3 37
143.4 31
143.5 23
143.6 37
143.7 44
143.8 44
143.9 38
144 41
144.1 48
144.2 43
144.3 40
144.4 28
144.5 36
144.6 33
144.7 18
144.8 29
144.9 45
145 43
145.1 54
145.2 48
145.3 45
145.4 36
145.5 45
145.6 28
145.7 31
145.8 41
145.9 34
146 35
146.1 43
146.2 26
146.3 31
146.4 29
146.5 30
146.6 19
146.7 28
146.8 24
146.9 8
147 8
147.1 2
147.2 5
147.3 9
147.4 21
147.5 7
147.6 11
147.7 5
147.8 6
147.9 5
148 5
148.1 6
148.2 6
148.3 7
148.4 8
148.5 11
148.6 7
148.7 3
148.8 4
148.9 3
149 4
149.1 2
149.2 2
149.3 7
149.4 4
149.5 5
149.6 4
149.7 4
149.8 6
149.9 5
150 4
150.1 4
150.2 6
150.3 9
150.4 14
150.5 9
150.6 9
150.7 2
150.8 8
150.9 5
151 6
151.1 8
151.2 6
151.3 4
151.4 8
151.5 6
151.6 8
151.7 10
151.8 10
151.9 6
152 9
152.1 9
152.2 5
152.3 5
152.4 4
152.5 5
152.6 4
152.7 5
152.8 4
152.9 3
153 4
153.1 7
153.2 6
153.3 8
153.4 8
153.5 5
153.6 6
153.7 3
153.8 3
153.9 6
154 9
154.1 9
154.2 6
154.3 6
154.4 7
154.5 5
154.6 7
154.7 11
154.8 7
154.9 7
155 6
155.1 6
155.2 2
155.3 3
155.4 6
155.5 7
155.6 4
155.7 7
155.8 13
155.9 11
156 9
156.1 5
156.2 1
156.3 1
156.4 2
156.5 0
156.6 2
156.7 3
156.8 6
156.9 6
157 7
157.1 9
157.2 6
157.3 9
157.4 7
157.5 7
157.6 4
157.7 3
157.8 8
157.9 7
158 6
158.1 7
158.2 7
158.3 5
158.4 4
158.5 6
158.6 6
158.7 6
158.8 19
158.9 7
159 4
159.1 7
159.2 2
159.3 4
159.4 2
159.5 23
159.6 15
159.7 8
159.8 3
159.9 11
160 16
160.1 18
160.2 20
160.3 23
160.4 42
160.5 21
160.6 15
160.7 23
160.8 39
160.9 42
161 53
161.1 40
161.2 48
161.3 40
161.4 29
161.5 36
161.6 42
161.7 41
161.8 43
161.9 49
162 56
162.1 43
162.2 38
162.3 36
162.4 37
162.5 49
162.6 43
162.7 48
162.8 39
162.9 46
163 59
163.1 47
163.2 40
163.3 25
163.4 42
163.5 31
163.6 36
163.7 21
163.8 35
163.9 36
164 36
164.1 42
164.2 42
164.3 61
164.4 44
164.5 48
164.6 34
164.7 42
164.8 47
164.9 53
165 50
165.1 34
165.2 36
165.3 56
165.4 37
165.5 37
165.6 35
165.7 28
165.8 36
165.9 47
166 31
166.1 24
166.2 39
166.3 39
166.4 40
166.5 35
166.6 13
166.7 16
166.8 13
166.9 7
167 6
167.1 7
167.2 4
167.3 7
167.4 5
167.5 6
167.6 6
167.7 4
167.8 4
167.9 7
168 5
168.1 5
168.2 8
168.3 5
168.4 7
168.5 6
168.6 5
168.7 5
168.8 3
168.9 7
169 7
169.1 2
169.2 3
169.3 5
169.4 7
169.5 5
169.6 3
169.7 2
169.8 7
169.9 4
170 4
170.1 3
170.2 25
170.3 10
170.4 7
170.5 6
170.6 4
170.7 3
170.8 5
170.9 6
171 4
171.1 3
171.2 6
171.3 4
171.4 5
171.5 4
171.6 4
171.7 2
171.8 5
171.9 6
172 4
172.1 13
172.2 8
172.3 6
172.4 6
172.5 2
172.6 2
172.7 6
172.8 5
172.9 6
173 6
173.1 7
173.2 7
173.3 5
173.4 9
173.5 5
173.6 0
173.7 5
173.8 8
173.9 8
174 4
174.1 5
174.2 7
174.3 4
174.4 3
174.5 31
174.6 11
174.7 7
174.8 10
174.9 10
175 6
175.1 2
175.2 1
175.3 3
175.4 5
175.5 1
175.6 2
175.7 4
175.8 4
175.9 2
176 4
176.1 5
176.2 7
176.3 6
176.4 3
176.5 5
176.6 2
176.7 3
176.8 5
176.9 3
177 7
177.1 4
177.2 5
177.3 2
177.4 4
177.5 2
177.6 4
177.7 4
177.8 7
177.9 6
178 3
178.1 4
178.2 4
178.3 5
178.4 4
178.5 4
178.6 3
178.7 4
178.8 6
178.9 5
179 4
179.1 6
179.2 6
179.3 8
179.4 6
179.5 5
179.6 4
179.7 4
179.8 2
179.9 3
180 5
180.1 6
180.2 6
180.3 8
180.4 9
180.5 9
180.6 8
180.7 15
180.8 23
180.9 10
181 30
181.1 21
181.2 33
181.3 19
181.4 25
181.5 49
181.6 34
181.7 40
181.8 36
181.9 49
182 45
182.1 32
182.2 29
182.3 25
182.4 35
182.5 30
182.6 36
182.7 41
182.8 45
182.9 44
183 37
183.1 34
183.2 39
183.3 40
183.4 41
183.5 45
183.6 50
183.7 41
183.8 50
183.9 52
184 32
184.1 44
184.2 40
184.3 32
184.4 47
184.5 40
184.6 48
184.7 38
184.8 49
184.9 43
185 35
185.1 21
185.2 33
185.3 27
185.4 43
185.5 41
185.6 35
185.7 37
185.8 21
185.9 37
186 25
186.1 28
186.2 18
186.3 18
186.4 20
186.5 24
186.6 18
186.7 11
186.8 10
186.9 10
187 5
187.1 4
187.2 4
187.3 6
187.4 7
187.5 9
187.6 3
187.7 2
187.8 6
187.9 4
188 2
188.1 4
188.2 7
188.3 5
188.4 6
188.5 5
188.6 4
188.7 3
188.8 2
188.9 5
189 5
189.1 6
189.2 5
189.3 3
189.4 4
189.5 11
189.6 5
189.7 6
189.8 5
189.9 5
190 6
190.1 7
190.2 4
190.3 6
190.4 8
190.5 5
190.6 3
190.7 4
190.8 5
190.9 5
191 4
191.1 8
191.2 10
191.3 7
191.4 8
191.5 9
191.6 5
191.7 4
191.8 6
191.9 3
192 1
192.1 4
192.2 6
192.3 4
192.4 3
192.5 2
192.6 5
192.7 3
192.8 3
192.9 2
193 2
193.1 4
193.2 2
193.3 2
193.4 5
193.5 4
193.6 3
193.7 4
193.8 4
193.9 6
194 8
194.1 7
194.2 6
194.3 5
194.4 3
194.5 3
194.6 5
194.7 7
194.8 6
194.9 4
195 7
195.1 6
195.2 8
195.3 7
195.4 10
195.5 5
195.6 7
195.7 7
195.8 1
195.9 3
196 4
196.1 3
196.2 5
196.3 3
196.4 4
196.5 8
196.6 7
196.7 8
196.8 7
196.9 5
197 9
197.1 7
197.2 6
197.3 10
197.4 6
197.5 19
197.6 13
197.7 8
197.8 9
197.9 9
198 11
198.1 8
198.2 7
198.3 7
198.4 7
198.5 6
198.6 3
198.7 9
198.8 6
198.9 4
199 5
199.1 6
199.2 5
199.3 10
199.4 8
199.5 9
199.6 5
199.7 6
199.8 6
199.9 4
200 7
