0 0
0.1 0
0.2 0
0.3 0
0.4 0
0.5 2
0.6 3
0.7 3
0.8 4
0.9 5
1 10
1.1 14
1.2 15
1.3 18
1.4 17
1.5 19
1.6 19
1.7 25
1.8 29
1.9 32
2 34
2.1 38
2.2 41
2.3 44
2.4 43
2.5 42
2.6 41
2.7 42
2.8 42
2.9 48
3 51
3.1 54
3.2 53
3.3 52
3.4 51
3.5 56
3.6 53
3.7 51
3.8 55
3.9 61
4 62
4.1 60
4.2 60
4.3 56
4.4 60
4.5 60
4.6 57
4.7 62
4.8 64
4.9 68
5 67
5.1 68
5.2 66
5.3 68
5.4 69
5.5 64
5.6 66
5.7 67
5.8 64
5.9 69
6 71
6.1 72
6.2 71
6.3 65
6.4 67
6.5 66
6.6 65
6.7 64
6.8 66
6.9 63
7 62
7.1 61
7.2 57
7.3 54
7.4 55
7.5 51
7.6 50
7.7 52
7.8 53
7.9 52
8 49
8.1 46
8.2 45
8.3 42
8.4 41
8.5 40
8.6 39
8.7 39
8.8 38
8.9 38
9 36
9.1 32
9.2 31
9.3 28
9.4 25
9.5 23
9.6 20
9.7 20
9.8 20
9.9 18
10 17
10.1 16
10.2 14
10.3 14
10.4 14
10.5 12
10.6 12
10.7 11
10.8 11
10.9 11
11 10
11.1 10
11.2 9
11.3 9
11.4 8
11.5 7
11.6 7
11.7 7
11.8 7
11.9 6
12 5
12.1 5
12.2 5
12.3 4
12.4 4
12.5 4
12.6 4
12.7 4
12.8 4
12.9 4
13 4
13.1 3
13.2 3
13.3 3
13.4 3
13.5 2
13.6 2
13.7 2
13.8 2
13.9 2
14 2
14.1 2
14.2 2
14.3 2
14.4 2
14.5 2
14.6 2
14.7 2
14.8 2
14.9 2
15 2
15.1 2
15.2 2
15.3 2
15.4 2
15.5 2
15.6 2
15.7 2
15.8 2
15.9 2
16 2
16.1 2
16.2 2
16.3 2
16.4 2
16.5 1
16.6 1
16.7 1
16.8 1
16.9 0
17 0
17.1 0
17.2 0
17.3 0
17.4 0
17.5 0
17.6 0
17.7 0
17.8 0
17.9 0
18 0
18.1 0
18.2 0
18.3 0
18.4 0
18.5 0
18.6 0
18.7 0
18.8 0
18.9 0
19 0
19.1 1
19.2 1
19.3 1
19.4 1
19.5 1
19.6 1
19.7 5
19.8 5
19.9 6
20 7
20.1 6
20.2 7
20.3 11
20.4 12
20.5 13
20.6 13
20.7 13
20.8 16
20.9 20
21 20
21.1 26
21.2 27
21.3 26
21.4 28
21.5 31
21.6 35
21.7 38
21.8 35
21.9 38
22 41
22.1 39
22.2 40
22.3 42
22.4 45
22.5 45
22.6 45
22.7 49
22.8 52
22.9 58
23 57
23.1 61
23.2 61
23.3 66
23.4 64
23.5 66
23.6 63
23.7 65
23.8 66
23.9 65
24 63
24.1 62
24.2 63
24.3 68
24.4 69
24.5 67
24.6 65
24.7 58
24.8 54
24.9 50
25 49
25.1 48
25.2 45
25.3 43
25.4 42
25.5 40
25.6 38
25.7 35
25.8 33
25.9 30
26 29
26.1 28
26.2 28
26.3 27
26.4 24
26.5 24
26.6 22
26.7 21
26.8 19
26.9 18
27 17
27.1 16
27.2 16
27.3 16
27.4 13
27.5 13
27.6 12
27.7 11
27.8 11
27.9 11
28 11
28.1 11
28.2 11
28.3 11
28.4 10
28.5 10
28.6 10
28.7 10
28.8 9
28.9 8
29 8
29.1 8
29.2 7
29.3 7
29.4 7
29.5 7
29.6 7
29.7 7
29.8 7
29.9 7
30 6
30.1 5
30.2 5
30.3 5
30.4 5
30.5 5
30.6 4
30.7 4
30.8 4
30.9 4
31 4
31.1 4
31.2 4
31.3 4
31.4 4
31.5 4
31.6 2
31.7 2
31.8 2
31.9 2
32 2
32.1 1
32.2 1
32.3 1
32.4 1
32.5 1
32.6 1
32.7 1
32.8 1
32.9 1
33 1
33.1 1
33.2 1
33.3 1
33.4 1
33.5 1
33.6 1
33.7 1
33.8 1
33.9 1
34 1
34.1 1
34.2 1
34.3 1
34.4 1
34.5 1
34.6 1
34.7 0
34.8 1
34.9 1
35 1
35.1 1
35.2 1
35.3 1
35.4 1
35.5 1
35.6 1
35.7 1
35.8 1
35.9 1
36 1
36.1 1
36.2 1
36.3 1
36.4 1
36.5 1
36.6 1
36.7 1
36.8 1
36.9 1
37 1
37.1 2
37.2 2
37.3 2
37.4 2
37.5 2
37.6 2
37.7 2
37.8 2
37.9 3
38 3
38.1 2
38.2 2
38.3 2
38.4 1
38.5 1
38.6 3
38.7 4
38.8 5
38.9 5
39 5
39.1 6
39.2 7
39.3 10
39.4 11
39.5 10
39.6 10
39.7 10
39.8 10
39.9 11
40 13
40.1 15
40.2 16
40.3 17
40.4 19
40.5 22
40.6 25
40.7 27
40.8 26
40.9 30
41 32
41.1 34
41.2 37
41.3 40
41.4 43
41.5 44
41.6 41
41.7 41
41.8 44
41.9 49
42 49
42.1 51
42.2 51
42.3 52
42.4 56
42.5 60
42.6 60
42.7 59
42.8 58
42.9 56
43 56
43.1 59
43.2 59
43.3 57
43.4 57
43.5 61
43.6 59
43.7 58
43.8 62
43.9 61
44 61
44.1 58
44.2 59
44.3 60
44.4 60
44.5 58
44.6 58
44.7 53
44.8 50
44.9 49
45 44
45.1 42
45.2 40
45.3 35
45.4 35
45.5 33
45.6 30
45.7 27
45.8 25
45.9 24
46 24
46.1 24
46.2 24
46.3 24
46.4 22
46.5 21
46.6 19
46.7 18
46.8 17
46.9 17
47 17
47.1 16
47.2 14
47.3 13
47.4 13
47.5 13
47.6 13
47.7 13
47.8 12
47.9 12
48 12
48.1 11
48.2 11
48.3 10
48.4 10
48.5 10
48.6 10
48.7 8
48.8 8
48.9 7
49 7
49.1 6
49.2 5
49.3 5
49.4 5
49.5 5
49.6 5
49.7 5
49.8 5
49.9 4
50 4
50.1 4
50.2 4
50.3 4
50.4 4
50.5 4
50.6 4
50.7 6
50.8 6
50.9 6
51 5
51.1 5
51.2 5
51.3 5
51.4 5
51.5 3
51.6 3
51.7 3
51.8 3
51.9 3
52 3
52.1 3
52.2 3
52.3 3
52.4 3
52.5 2
52.6 2
52.7 2
52.8 2
52.9 2
53 2
53.1 2
53.2 2
53.3 2
53.4 2
53.5 2
53.6 1
53.7 1
53.8 1
53.9 1
54 0
54.1 0
54.2 0
54.3 0
54.4 0
54.5 0
54.6 0
54.7 0
54.8 0
54.9 0
55 0
55.1 0
55.2 0
55.3 0
55.4 0
55.5 0
55.6 1
55.7 1
55.8 1
55.9 0
56 0
56.1 0
56.2 2
56.3 2
56.4 6
56.5 8
56.6 8
56.7 7
56.8 8
56.9 7
57 7
57.1 7
57.2 7
57.3 7
57.4 7
57.5 7
57.6 7
57.7 7
57.8 8
57.9 6
58 6
58.1 9
58.2 9
58.3 9
58.4 14
58.5 21
58.6 23
58.7 25
58.8 29
58.9 29
59 32
59.1 31
59.2 31
59.3 29
59.4 34
59.5 35
59.6 36
59.7 43
59.8 41
59.9 42
60 45
60.1 46
60.2 46
60.3 48
60.4 53
60.5 51
60.6 42
60.7 41
60.8 39
60.9 43
61 43
61.1 43
61.2 46
61.3 46
61.4 47
61.5 50
61.6 51
61.7 57
61.8 59
61.9 63
62 62
62.1 63
62.2 65
62.3 62
62.4 64
62.5 66
62.6 66
62.7 64
62.8 68
62.9 68
63 66
63.1 64
63.2 61
63.3 55
63.4 52
63.5 45
63.6 44
63.7 42
63.8 39
63.9 38
64 34
64.1 34
64.2 34
64.3 33
64.4 32
64.5 32
64.6 30
64.7 27
64.8 26
64.9 25
65 24
65.1 23
65.2 21
65.3 21
65.4 19
65.5 16
65.6 14
65.7 13
65.8 11
65.9 10
66 10
66.1 10
66.2 10
66.3 10
66.4 10
66.5 10
66.6 10
66.7 9
66.8 9
66.9 9
67 7
67.1 6
67.2 5
67.3 5
67.4 5
67.5 5
67.6 5
67.7 5
67.8 4
67.9 4
68 4
68.1 4
68.2 4
68.3 4
68.4 4
68.5 4
68.6 4
68.7 4
68.8 4
68.9 4
69 4
69.1 3
69.2 2
69.3 2
69.4 2
69.5 2
69.6 1
69.7 1
69.8 1
69.9 1
70 1
70.1 1
70.2 1
70.3 1
70.4 1
70.5 1
70.6 1
70.7 0
70.8 0
70.9 0
71 0
71.1 0
71.2 0
71.3 0
71.4 0
71.5 0
71.6 0
71.7 0
71.8 0
71.9 0
72 0
72.1 0
72.2 0
72.3 0
72.4 0
72.5 0
72.6 0
72.7 0
72.8 0
72.9 0
73 0
73.1 0
73.2 0
73.3 0
73.4 0
73.5 0
73.6 0
73.7 0
73.8 0
73.9 0
74 0
74.1 0
74.2 0
74.3 0
74.4 0
74.5 0
74.6 0
74.7 0
74.8 0
74.9 0
75 0
75.1 0
75.2 0
75.3 0
75.4 0
75.5 0
75.6 0
75.7 0
75.8 0
75.9 0
76 1
76.1 1
76.2 1
76.3 1
76.4 1
76.5 1
76.6 1
76.7 1
76.8 1
76.9 1
77 2
77.1 2
77.2 1
77.3 1
77.4 2
77.5 2
77.6 4
77.7 5
77.8 8
77.9 12
78 14
78.1 16
78.2 17
78.3 15
78.4 15
78.5 19
78.6 22
78.7 22
78.8 22
78.9 23
79 25
79.1 23
79.2 27
79.3 33
79.4 34
79.5 34
79.6 34
79.7 41
79.8 50
79.9 46
80 44
80.1 47
80.2 46
80.3 48
80.4 48
80.5 45
80.6 46
80.7 46
80.8 47
80.9 51
81 52
81.1 55
81.2 57
81.3 57
81.4 54
81.5 56
81.6 55
81.7 61
81.8 59
81.9 59
82 69
82.1 67
82.2 66
82.3 64
82.4 67
82.5 69
82.6 69
82.7 71
82.8 68
82.9 68
83 64
83.1 65
83.2 65
83.3 60
83.4 59
83.5 56
83.6 54
83.7 52
83.8 52
83.9 49
84 44
84.1 44
84.2 43
84.3 39
84.4 39
84.5 34
84.6 33
84.7 31
84.8 30
84.9 27
85 25
85.1 24
85.2 21
85.3 20
85.4 20
85.5 20
85.6 18
85.7 18
85.8 16
85.9 14
86 13
86.1 13
86.2 12
86.3 11
86.4 11
86.5 11
86.6 11
86.7 10
86.8 10
86.9 10
87 10
87.1 10
87.2 10
87.3 8
87.4 8
87.5 8
87.6 8
87.7 8
87.8 8
87.9 7
88 7
88.1 7
88.2 7
88.3 7
88.4 6
88.5 6
88.6 6
88.7 7
88.8 7
88.9 6
89 5
89.1 5
89.2 5
89.3 4
89.4 3
89.5 3
89.6 3
89.7 3
89.8 3
89.9 3
90 3
90.1 3
90.2 3
90.3 3
90.4 2
90.5 2
90.6 2
90.7 2
90.8 2
90.9 2
91 2
91.1 2
91.2 1
91.3 1
91.4 1
91.5 1
91.6 1
91.7 1
91.8 1
91.9 1
92 1
92.1 1
92.2 1
92.3 1
92.4 1
92.5 1
92.6 1
92.7 1
92.8 1
92.9 1
93 1
93.1 1
93.2 1
93.3 1
93.4 1
93.5 0
93.6 0
93.7 0
93.8 0
93.9 0
94 0
94.1 0
94.2 0
94.3 0
94.4 0
94.5 0
94.6 0
94.7 0
94.8 0
94.9 0
95 0
95.1 0
95.2 0
95.3 0
95.4 0
95.5 0
95.6 0
95.7 0
95.8 0
95.9 0
96 0
96.1 0
96.2 0
96.3 0
96.4 0
96.5 0
96.6 0
96.7 0
96.8 0
96.9 0
97 0
97.1 0
97.2 0
97.3 0
97.4 0
97.5 0
97.6 0
97.7 0
97.8 0
97.9 0
98 2
98.1 3
98.2 4
98.3 6
98.4 9
98.5 11
98.6 14
98.7 15
98.8 17
98.9 25
99 23
99.1 24
99.2 24
99.3 28
99.4 30
99.5 33
99.6 33
99.7 29
99.8 30
99.9 35
100 41
100.1 39
100.2 41
100.3 44
100.4 44
100.5 47
100.6 47
100.7 44
100.8 48
100.9 51
101 59
101.1 62
101.2 62
101.3 67
101.4 62
101.5 62
101.6 64
101.7 65
101.8 64
101.9 62
102 59
102.1 63
102.2 60
102.3 60
102.4 57
102.5 63
102.6 66
102.7 67
102.8 67
102.9 66
103 65
103.1 65
103.2 68
103.3 70
103.4 69
103.5 69
103.6 67
103.7 64
103.8 64
103.9 63
104 62
104.1 62
104.2 63
104.3 64
104.4 60
104.5 57
104.6 53
104.7 51
104.8 48
104.9 44
105 42
105.1 40
105.2 36
105.3 36
105.4 36
105.5 33
105.6 31
105.7 31
105.8 29
105.9 27
106 27
106.1 27
106.2 27
106.3 27
106.4 25
106.5 24
106.6 24
106.7 24
106.8 20
106.9 18
107 17
107.1 17
107.2 17
107.3 16
107.4 15
107.5 14
107.6 13
107.7 12
107.8 12
107.9 12
108 11
108.1 11
108.2 11
108.3 11
108.4 11
108.5 11
108.6 10
108.7 10
108.8 10
108.9 12
109 12
109.1 12
109.2 12
109.3 12
109.4 11
109.5 11
109.6 10
109.7 10
109.8 9
109.9 8
110 7
110.1 7
110.2 7
110.3 7
110.4 7
110.5 7
110.6 7
110.7 7
110.8 7
110.9 7
111 6
111.1 6
111.2 6
111.3 5
111.4 5
111.5 5
111.6 5
111.7 5
111.8 3
111.9 1
112 1
112.1 1
112.2 1
112.3 1
112.4 1
112.5 1
112.6 1
112.7 1
112.8 1
112.9 1
113 1
113.1 1
113.2 1
113.3 1
113.4 1
113.5 1
113.6 1
113.7 1
113.8 1
113.9 1
114 1
114.1 1
114.2 1
114.3 1
114.4 1
114.5 1
114.6 1
114.7 1
114.8 1
114.9 1
115 1
115.1 1
115.2 1
115.3 1
115.4 1
115.5 1
115.6 1
115.7 1
115.8 1
115.9 1
116 1
116.1 1
116.2 1
116.3 1
116.4 1
116.5 0
116.6 0
116.7 0
116.8 0
116.9 0
117 0
117.1 0
117.2 0
117.3 0
117.4 0
117.5 0
117.6 0
117.7 0
117.8 0
117.9 0
118 0
118.1 0
118.2 0
118.3 0
118.4 0
118.5 0
118.6 0
118.7 0
118.8 0
118.9 0
119 0
119.1 0
119.2 0
119.3 0
119.4 0
119.5 0
119.6 0
119.7 0
119.8 0
119.9 0
120 0
120.1 0
120.2 0
120.3 0
120.4 0
120.5 0
120.6 5
120.7 6
120.8 4
120.9 5
121 5
121.1 4
121.2 4
121.3 4
121.4 4
121.5 3
121.6 3
121.7 3
121.8 3
121.9 3
122 4
122.1 6
122.2 5
122.3 7
122.4 8
122.5 12
122.6 12
122.7 16
122.8 19
122.9 21
123 24
123.1 33
123.2 36
123.3 38
123.4 45
123.5 49
123.6 46
123.7 46
123.8 45
123.9 47
124 50
124.1 49
124.2 48
124.3 50
124.4 50
124.5 48
124.6 50
124.7 56
124.8 59
124.9 56
125 58
125.1 56
125.2 55
125.3 60
125.4 62
125.5 67
125.6 67
125.7 66
125.8 65
125.9 69
126 71
126.1 71
126.2 71
126.3 69
126.4 66
126.5 64
126.6 64
126.7 63
126.8 59
126.9 55
127 59
127.1 57
127.2 59
127.3 58
127.4 59
127.5 60
127.6 59
127.7 56
127.8 51
127.9 46
128 43
128.1 44
128.2 43
128.3 42
128.4 40
128.5 37
128.6 37
128.7 34
128.8 31
128.9 30
129 29
129.1 27
129.2 27
129.3 26
129.4 26
129.5 26
129.6 24
129.7 24
129.8 23
129.9 22
130 22
130.1 21
130.2 21
130.3 20
130.4 20
130.5 20
130.6 20
130.7 19
130.8 19
130.9 19
131 18
131.1 18
131.2 18
131.3 16
131.4 16
131.5 16
131.6 16
131.7 14
131.8 13
131.9 12
132 12
132.1 11
132.2 11
132.3 10
132.4 10
132.5 10
132.6 10
132.7 10
132.8 10
132.9 9
133 9
133.1 9
133.2 9
133.3 8
133.4 8
133.5 7
133.6 7
133.7 7
133.8 7
133.9 6
134 6
134.1 6
134.2 6
134.3 6
134.4 5
134.5 4
134.6 4
134.7 4
134.8 4
134.9 3
135 2
135.1 2
135.2 2
135.3 2
135.4 2
135.5 2
135.6 2
135.7 2
135.8 2
135.9 2
136 2
136.1 1
136.2 1
136.3 1
136.4 1
136.5 1
136.6 1
136.7 1
136.8 1
136.9 1
137 1
137.1 1
137.2 1
137.3 1
137.4 1
137.5 1
137.6 1
137.7 1
137.8 0
137.9 0
138 0
138.1 0
138.2 0
138.3 0
138.4 0
138.5 0
138.6 0
138.7 0
138.8 0
138.9 0
139 0
139.1 0
139.2 0
139.3 0
139.4 0
139.5 0
139.6 0
139.7 0
139.8 0
139.9 0
140 0
140.1 0
140.2 0
140.3 0
140.4 0
140.5 0
140.6 0
140.7 0
140.8 0
140.9 0
141 0
141.1 0
141.2 0
141.3 1
141.4 1
141.5 1
141.6 4
141.7 4
141.8 6
141.9 6
142 8
142.1 10
142.2 10
142.3 14
142.4 15
142.5 17
142.6 19
142.7 22
142.8 24
142.9 31
143 36
143.1 37
143.2 39
143.3 45
143.4 43
143.5 45
143.6 48
143.7 47
143.8 46
143.9 49
144 52
144.1 51
144.2 52
144.3 53
144.4 53
144.5 54
144.6 58
144.7 63
144.8 65
144.9 65
145 65
145.1 67
145.2 65
145.3 60
145.4 59
145.5 57
145.6 60
145.7 58
145.8 55
145.9 56
146 53
146.1 50
146.2 49
146.3 51
146.4 50
146.5 53
146.6 51
146.7 50
146.8 49
146.9 46
147 47
147.1 46
147.2 46
147.3 42
147.4 38
147.5 35
147.6 33
147.7 30
147.8 28
147.9 26
148 26
148.1 25
148.2 25
148.3 24
148.4 23
148.5 23
148.6 23
148.7 23
148.8 22
148.9 21
149 20
149.1 19
149.2 18
149.3 18
149.4 18
149.5 16
149.6 14
149.7 14
149.8 14
149.9 13
150 13
150.1 11
150.2 10
150.3 9
150.4 7
150.5 7
150.6 7
150.7 7
150.8 7
150.9 7
151 6
151.1 6
151.2 6
151.3 5
151.4 5
151.5 5
151.6 4
151.7 4
151.8 4
151.9 4
152 3
152.1 3
152.2 3
152.3 3
152.4 3
152.5 2
152.6 2
152.7 1
152.8 1
152.9 1
153 1
153.1 1
153.2 1
153.3 1
153.4 0
153.5 0
153.6 1
153.7 1
153.8 1
153.9 1
154 1
154.1 1
154.2 1
154.3 1
154.4 0
154.5 0
154.6 0
154.7 0
154.8 0
154.9 0
155 0
155.1 0
155.2 0
155.3 0
155.4 0
155.5 0
155.6 0
155.7 0
155.8 0
155.9 0
156 0
156.1 0
156.2 0
156.3 0
156.4 0
156.5 0
156.6 0
156.7 0
156.8 0
156.9 0
157 0
157.1 0
157.2 0
157.3 0
157.4 0
157.5 1
157.6 1
157.7 1
157.8 1
157.9 1
158 1
158.1 1
158.2 1
158.3 1
158.4 1
158.5 1
158.6 1
158.7 1
158.8 3
158.9 3
159 3
159.1 3
159.2 3
159.3 3
159.4 3
159.5 3
159.6 3
159.7 4
159.8 4
159.9 4
160 5
160.1 8
160.2 9
160.3 12
160.4 11
160.5 11
160.6 16
160.7 21
160.8 20
160.9 20
161 22
161.1 25
161.2 33
161.3 35
161.4 38
161.5 39
161.6 40
161.7 42
161.8 50
161.9 44
162 45
162.1 47
162.2 43
162.3 42
162.4 42
162.5 41
162.6 43
162.7 44
162.8 43
162.9 46
163 44
163.1 47
163.2 50
163.3 55
163.4 52
163.5 55
163.6 52
163.7 54
163.8 53
163.9 55
164 56
164.1 54
164.2 58
164.3 60
164.4 58
164.5 58
164.6 57
164.7 55
164.8 59
164.9 61
165 71
165.1 71
165.2 71
165.3 69
165.4 68
165.5 69
165.6 63
165.7 62
165.8 59
165.9 59
166 56
166.1 54
166.2 56
166.3 54
166.4 52
166.5 54
166.6 52
166.7 50
166.8 49
166.9 46
167 45
167.1 44
167.2 41
167.3 35
167.4 31
167.5 28
167.6 27
167.7 24
167.8 23
167.9 23
168 23
168.1 22
168.2 20
168.3 18
168.4 18
168.5 17
168.6 16
168.7 16
168.8 16
168.9 15
169 15
169.1 14
169.2 13
169.3 11
169.4 11
169.5 11
169.6 10
169.7 10
169.8 10
169.9 9
170 9
170.1 9
170.2 9
170.3 9
170.4 9
170.5 8
170.6 8
170.7 7
170.8 7
170.9 6
171 6
171.1 6
171.2 6
171.3 6
171.4 6
171.5 6
171.6 6
171.7 5
171.8 5
171.9 5
172 5
172.1 5
172.2 5
172.3 5
172.4 5
172.5 5
172.6 4
172.7 4
172.8 4
172.9 3
173 3
173.1 3
173.2 3
173.3 3
173.4 2
173.5 2
173.6 2
173.7 2
173.8 2
173.9 2
174 2
174.1 2
174.2 2
174.3 2
174.4 2
174.5 2
174.6 2
174.7 1
174.8 1
174.9 1
175 1
175.1 1
175.2 1
175.3 1
175.4 0
175.5 0
175.6 0
175.7 0
175.8 0
175.9 0
176 0
176.1 0
176.2 0
176.3 0
176.4 0
176.5 0
176.6 0
176.7 0
176.8 0
176.9 0
177 0
177.1 0
177.2 0
177.3 0
177.4 0
177.5 0
177.6 0
177.7 0
177.8 0
177.9 0
178 0
178.1 0
178.2 0
178.3 0
178.4 0
178.5 0
178.6 0
178.7 0
178.8 0
178.9 0
179 0
179.1 0
179.2 0
179.3 0
179.4 0
179.5 0
179.6 0
179.7 0
179.8 0
179.9 0
180 0
180.1 0
180.2 0
180.3 0
180.4 0
180.5 4
180.6 4
180.7 4
180.8 4
180.9 4
181 3
181.1 4
181.2 6
181.3 6
181.4 12
181.5 15
181.6 16
181.7 20
181.8 26
181.9 29
182 31
182.1 36
182.2 37
182.3 36
182.4 37
182.5 34
182.6 40
182.7 41
182.8 42
182.9 40
183 45
183.1 45
183.2 44
183.3 42
183.4 41
183.5 42
183.6 44
183.7 45
183.8 46
183.9 45
184 43
184.1 47
184.2 50
184.3 53
184.4 53
184.5 55
184.6 53
184.7 55
184.8 52
184.9 58
185 59
185.1 58
185.2 57
185.3 55
185.4 56
185.5 59
185.6 56
185.7 57
185.8 59
185.9 60
186 60
186.1 60
186.2 60
186.3 59
186.4 57
186.5 55
186.6 55
186.7 53
186.8 53
186.9 49
187 49
187.1 47
187.2 42
187.3 37
187.4 35
187.5 32
187.6 31
187.7 30
187.8 29
187.9 29
188 29
188.1 29
188.2 27
188.3 25
188.4 25
188.5 23
188.6 23
188.7 22
188.8 22
188.9 18
189 17
189.1 15
189.2 14
189.3 14
189.4 13
189.5 13
189.6 13
189.7 13
189.8 13
189.9 12
190 12
190.1 12
190.2 11
190.3 11
190.4 11
190.5 11
190.6 10
190.7 10
190.8 10
190.9 10
191 9
191.1 8
191.2 8
191.3 8
191.4 8
191.5 8
191.6 7
191.7 7
191.8 7
191.9 7
192 7
192.1 6
192.2 6
192.3 6
192.4 6
192.5 6
192.6 5
192.7 5
192.8 5
192.9 5
193 5
193.1 3
193.2 3
193.3 3
193.4 3
193.5 3
193.6 2
193.7 2
193.8 2
193.9 2
194 2
194.1 2
194.2 2
194.3 2
194.4 2
194.5 2
194.6 1
194.7 1
194.8 1
194.9 1
195 1
195.1 3
195.2 3
195.3 3
195.4 3
195.5 3
195.6 4
195.7 4
195.8 4
195.9 4
196 4
196.1 4
196.2 4
196.3 3
196.4 3
196.5 2
196.6 2
196.7 2
196.8 2
196.9 2
197 2
197.1 2
197.2 2
197.3 2
197.4 2
197.5 2
197.6 2
197.7 2
197.8 2
197.9 1
198 1
198.1 1
198.2 1
198.3 2
198.4 1
198.5 1
198.6 1
198.7 1
198.8 1
198.9 1
199 1
199.1 1
199.2 1
199.3 1
199.4 1
199.5 1
199.6 1
199.7 1
199.8 1
199.9 1
200 1
