0 0
0.1 5
0.2 5
0.3 9
0.4 7
0.5 46
0.6 13
0.7 43
0.8 33
0.9 52
1 44
1.1 34
1.2 22
1.3 44
1.4 44
1.5 46
1.6 30
1.7 28
1.8 32
1.9 30
2 39
2.1 38
2.2 35
2.3 52
2.4 50
2.5 45
2.6 38
2.7 35
2.8 37
2.9 43
3 34
3.1 31
3.2 28
3.3 31
3.4 26
3.5 45
3.6 56
3.7 45
3.8 47
3.9 40
4 40
4.1 44
4.2 58
4.3 32
4.4 44
4.5 37
4.6 48
4.7 50
4.8 50
4.9 45
5 44
5.1 34
5.2 37
5.3 47
5.4 40
5.5 37
5.6 45
5.7 49
5.8 35
5.9 55
6 54
6.1 50
6.2 51
6.3 49
6.4 56
6.5 44
6.6 56
6.7 45
6.8 42
6.9 45
7 39
7.1 51
7.2 50
7.3 30
7.4 31
7.5 24
7.6 31
7.7 41
7.8 46
7.9 29
8 16
8.1 43
8.2 34
8.3 25
8.4 10
8.5 9
8.6 8
8.7 1
8.8 5
8.9 5
9 4
9.1 6
9.2 5
9.3 4
9.4 6
9.5 6
9.6 5
9.7 4
9.8 2
9.9 8
10 4
10.1 2
10.2 3
10.3 5
10.4 2
10.5 5
10.6 6
10.7 6
10.8 8
10.9 6
11 8
11.1 7
11.2 4
11.3 4
11.4 8
11.5 3
11.6 3
11.7 5
11.8 3
11.9 8
12 3
12.1 2
12.2 5
12.3 6
12.4 5
12.5 4
12.6 6
12.7 4
12.8 3
12.9 3
13 6
13.1 7
13.2 4
13.3 6
13.4 2
13.5 3
13.6 4
13.7 3
13.8 4
13.9 2
14 3
14.1 6
14.2 7
14.3 3
14.4 4
14.5 7
14.6 7
14.7 4
14.8 5
14.9 3
15 5
15.1 8
15.2 2
15.3 4
15.4 3
15.5 5
15.6 3
15.7 4
15.8 7
15.9 2
16 4
16.1 7
16.2 4
16.3 1
16.4 10
16.5 6
16.6 12
16.7 16
16.8 6
16.9 3
17 5
17.1 6
17.2 8
17.3 5
17.4 6
17.5 5
17.6 5
17.7 8
17.8 8
17.9 8
18 9
18.1 5
18.2 8
18.3 7
18.4 4
18.5 4
18.6 14
18.7 16
18.8 10
18.9 7
19 6
19.1 5
19.2 9
19.3 6
19.4 4
19.5 4
19.6 3
19.7 6
19.8 5
19.9 5
20 6
20.1 9
20.2 9
20.3 8
20.4 2
20.5 2
20.6 6
20.7 8
20.8 8
20.9 4
21 6
21.1 6
21.2 4
21.3 3
21.4 4
21.5 5
21.6 8
21.7 5
21.8 6
21.9 8
22 7
22.1 20
22.2 14
22.3 9
22.4 8
22.5 6
22.6 5
22.7 4
22.8 7
22.9 3
23 1
23.1 1
23.2 3
23.3 5
23.4 6
23.5 15
23.6 13
23.7 11
23.8 7
23.9 12
24 10
24.1 7
24.2 10
24.3 10
24.4 15
24.5 7
24.6 7
24.7 3
24.8 6
24.9 6
25 6
25.1 6
25.2 4
25.3 7
25.4 5
25.5 4
25.6 2
25.7 3
25.8 5
25.9 7
26 5
26.1 4
26.2 5
26.3 2
26.4 5
26.5 3
26.6 8
26.7 9
26.8 7
26.9 6
27 4
27.1 4
27.2 8
27.3 8
27.4 4
27.5 7
27.6 7
27.7 4
27.8 5
27.9 5
28 5
28.1 5
28.2 8
28.3 5
28.4 11
28.5 6
28.6 8
28.7 14
28.8 9
28.9 6
29 7
29.1 8
29.2 5
29.3 11
29.4 8
29.5 2
29.6 4
29.7 7
29.8 6
29.9 5
30 5
30.1 7
30.2 4
30.3 1
30.4 3
30.5 17
30.6 16
30.7 30
30.8 24
30.9 33
31 17
31.1 33
31.2 35
31.3 36
31.4 53
31.5 54
31.6 54
31.7 45
31.8 46
31.9 42
32 36
32.1 35
32.2 33
32.3 34
32.4 32
32.5 38
32.6 40
32.7 33
32.8 34
32.9 44
33 44
33.1 52
33.2 24
33.3 38
33.4 54
33.5 42
33.6 36
33.7 46
33.8 53
33.9 63
34 58
34.1 48
34.2 38
34.3 43
34.4 22
34.5 44
34.6 37
34.7 42
34.8 45
34.9 46
35 39
35.1 37
35.2 45
35.3 47
35.4 38
35.5 23
35.6 24
35.7 38
35.8 33
35.9 30
36 30
36.1 24
36.2 33
36.3 41
36.4 36
36.5 15
36.6 9
36.7 9
36.8 15
36.9 12
37 5
37.1 5
37.2 5
37.3 7
37.4 6
37.5 7
37.6 5
37.7 6
37.8 6
37.9 7
38 7
38.1 6
38.2 5
38.3 4
38.4 3
38.5 7
38.6 9
38.7 3
38.8 8
38.9 5
39 5
39.1 4
39.2 7
39.3 5
39.4 8
39.5 6
39.6 6
39.7 6
39.8 5
39.9 8
40 6
40.1 3
40.2 3
40.3 3
40.4 2
40.5 6
40.6 5
40.7 8
40.8 6
40.9 5
41 2
41.1 7
41.2 6
41.3 4
41.4 7
41.5 8
41.6 5
41.7 9
41.8 4
41.9 3
42 5
42.1 5
42.2 3
42.3 2
42.4 2
42.5 2
42.6 3
42.7 6
42.8 4
42.9 5
43 5
43.1 4
43.2 6
43.3 7
43.4 6
43.5 9
43.6 3
43.7 2
43.8 4
43.9 2
44 4
44.1 4
44.2 5
44.3 7
44.4 11
44.5 9
44.6 14
44.7 7
44.8 6
44.9 6
45 4
45.1 6
45.2 8
45.3 8
45.4 6
45.5 4
45.6 1
45.7 11
45.8 28
45.9 15
46 10
46.1 9
46.2 13
46.3 8
46.4 12
46.5 9
46.6 8
46.7 3
46.8 9
46.9 6
47 7
47.1 5
47.2 3
47.3 3
47.4 6
47.5 16
47.6 20
47.7 30
47.8 11
47.9 9
48 7
48.1 4
48.2 5
48.3 13
48.4 14
48.5 13
48.6 24
48.7 20
48.8 14
48.9 39
49 46
49.1 49
49.2 38
49.3 41
49.4 40
49.5 29
49.6 34
49.7 35
49.8 38
49.9 30
50 26
50.1 28
50.2 27
50.3 32
50.4 31
50.5 42
50.6 47
50.7 44
50.8 29
50.9 37
51 52
51.1 45
51.2 32
51.3 21
51.4 42
51.5 35
51.6 31
51.7 32
51.8 37
51.9 40
52 44
52.1 33
52.2 33
52.3 44
52.4 47
52.5 34
52.6 42
52.7 35
52.8 44
52.9 28
53 34
53.1 40
53.2 41
53.3 37
53.4 38
53.5 43
53.6 37
53.7 39
53.8 41
53.9 46
54 35
54.1 28
54.2 11
54.3 21
54.4 26
54.5 9
54.6 5
54.7 3
54.8 5
54.9 5
55 5
55.1 6
55.2 6
55.3 8
55.4 7
55.5 7
55.6 3
55.7 7
55.8 7
55.9 6
56 9
56.1 7
56.2 5
56.3 5
56.4 3
56.5 6
56.6 5
56.7 4
56.8 4
56.9 4
57 6
57.1 8
57.2 6
57.3 7
57.4 0
57.5 3
57.6 2
57.7 3
57.8 5
57.9 4
58 4
58.1 4
58.2 7
58.3 7
58.4 3
58.5 4
58.6 2
58.7 6
58.8 2
58.9 3
59 5
59.1 4
59.2 4
59.3 5
59.4 8
59.5 5
59.6 2
59.7 1
59.8 3
59.9 3
60 3
60.1 6
60.2 6
60.3 5
60.4 8
60.5 12
60.6 7
60.7 6
60.8 4
60.9 4
61 5
61.1 4
61.2 12
61.3 8
61.4 8
61.5 6
61.6 3
61.7 2
61.8 4
61.9 4
62 7
62.1 5
62.2 6
62.3 7
62.4 9
62.5 7
62.6 8
62.7 2
62.8 3
62.9 6
63 5
63.1 5
63.2 6
63.3 6
63.4 7
63.5 8
63.6 4
63.7 4
63.8 6
63.9 3
64 6
64.1 4
64.2 6
64.3 8
64.4 13
64.5 33
64.6 12
64.7 7
64.8 14
64.9 21
65 14
65.1 9
65.2 9
65.3 32
65.4 26
65.5 41
65.6 46
65.7 18
65.8 26
65.9 33
66 42
66.1 50
66.2 38
66.3 44
66.4 43
66.5 46
66.6 47
66.7 36
66.8 40
66.9 39
67 35
67.1 40
67.2 48
67.3 53
67.4 55
67.5 56
67.6 50
67.7 34
67.8 45
67.9 48
68 55
68.1 52
68.2 61
68.3 54
68.4 59
68.5 42
68.6 40
68.7 43
68.8 39
68.9 49
69 48
69.1 69
69.2 56
69.3 49
69.4 38
69.5 37
69.6 52
69.7 43
69.8 35
69.9 45
70 39
70.1 47
70.2 47
70.3 49
70.4 56
70.5 42
70.6 44
70.7 30
70.8 28
70.9 31
71 29
71.1 18
71.2 11
71.3 5
71.4 5
71.5 18
71.6 16
71.7 10
71.8 8
71.9 6
72 1
72.1 4
72.2 6
72.3 8
72.4 3
72.5 6
72.6 7
72.7 11
72.8 6
72.9 7
73 9
73.1 4
73.2 5
73.3 5
73.4 5
73.5 6
73.6 4
73.7 5
73.8 5
73.9 9
74 6
74.1 4
74.2 5
74.3 4
74.4 4
74.5 6
74.6 4
74.7 6
74.8 21
74.9 11
75 5
75.1 5
75.2 6
75.3 5
75.4 5
75.5 6
75.6 9
75.7 13
75.8 3
75.9 4
76 2
76.1 4
76.2 5
76.3 7
76.4 6
76.5 3
76.6 3
76.7 4
76.8 5
76.9 4
77 2
77.1 3
77.2 7
77.3 8
77.4 9
77.5 5
77.6 5
77.7 5
77.8 3
77.9 5
78 3
78.1 2
78.2 5
78.3 1
78.4 6
78.5 8
78.6 7
78.7 7
78.8 6
78.9 6
79 4
79.1 4
79.2 8
79.3 8
79.4 5
79.5 4
79.6 4
79.7 4
79.8 2
79.9 2
80 5
80.1 3
80.2 4
80.3 6
80.4 3
80.5 3
80.6 15
80.7 7
80.8 4
80.9 2
81 6
81.1 7
81.2 9
81.3 8
81.4 6
81.5 7
81.6 8
81.7 9
81.8 2
81.9 3
82 5
82.1 7
82.2 8
82.3 4
82.4 4
82.5 3
82.6 2
82.7 3
82.8 6
82.9 6
83 4
83.1 1
83.2 0
83.3 7
83.4 5
83.5 2
83.6 4
83.7 4
83.8 4
83.9 1
84 2
84.1 3
84.2 0
84.3 2
84.4 2
84.5 3
84.6 2
84.7 2
84.8 2
84.9 3
85 2
85.1 3
85.2 5
85.3 5
85.4 9
85.5 8
85.6 6
85.7 9
85.8 3
85.9 3
86 6
86.1 5
86.2 5
86.3 5
86.4 3
86.5 7
86.6 6
86.7 7
86.8 6
86.9 5
87 4
87.1 3
87.2 8
87.3 29
87.4 23
87.5 10
87.6 21
87.7 38
87.8 30
87.9 19
88 32
88.1 42
88.2 38
88.3 45
88.4 40
88.5 30
88.6 31
88.7 22
88.8 41
88.9 38
89 34
89.1 42
89.2 58
89.3 46
89.4 46
89.5 41
89.6 33
89.7 33
89.8 43
89.9 47
90 34
90.1 37
90.2 42
90.3 36
90.4 42
90.5 40
90.6 44
90.7 46
90.8 45
90.9 38
91 42
91.1 36
91.2 29
91.3 41
91.4 46
91.5 44
91.6 38
91.7 34
91.8 35
91.9 37
92 32
92.1 49
92.2 46
92.3 37
92.4 38
92.5 49
92.6 31
92.7 41
92.8 40
92.9 36
93 28
93.1 37
93.2 39
93.3 31
93.4 18
93.5 13
93.6 11
93.7 13
93.8 11
93.9 8
94 7
94.1 6
94.2 12
94.3 9
94.4 5
94.5 7
94.6 10
94.7 6
94.8 5
94.9 3
95 8
95.1 4
95.2 5
95.3 9
95.4 7
95.5 5
95.6 6
95.7 3
95.8 7
95.9 6
96 6
96.1 3
96.2 0
96.3 5
96.4 5
96.5 7
96.6 4
96.7 7
96.8 7
96.9 4
97 7
97.1 6
97.2 6
97.3 7
97.4 5
97.5 4
97.6 4
97.7 7
97.8 8
97.9 5
98 7
98.1 2
98.2 5
98.3 7
98.4 6
98.5 35
98.6 25
98.7 13
98.8 11
98.9 3
99 5
99.1 7
99.2 31
99.3 19
99.4 11
99.5 5
99.6 4
99.7 2
99.8 7
99.9 4
100 9
100.1 5
100.2 6
100.3 8
100.4 9
100.5 7
100.6 5
100.7 6
100.8 6
100.9 10
101 9
101.1 8
101.2 16
101.3 11
101.4 9
101.5 8
101.6 12
101.7 10
101.8 6
101.9 3
102 3
102.1 4
102.2 4
102.3 0
102.4 1
102.5 2
102.6 2
102.7 8
102.8 5
102.9 5
103 3
103.1 5
103.2 14
103.3 11
103.4 8
103.5 3
103.6 2
103.7 0
103.8 4
103.9 7
104 7
104.1 6
104.2 7
104.3 6
104.4 3
104.5 4
104.6 7
104.7 3
104.8 6
104.9 5
105 1
105.1 3
105.2 3
105.3 6
105.4 3
105.5 4
105.6 2
105.7 7
105.8 6
105.9 5
106 5
106.1 6
106.2 6
106.3 4
106.4 5
106.5 11
106.6 6
106.7 4
106.8 3
106.9 5
107 1
107.1 7
107.2 4
107.3 4
107.4 3
107.5 3
107.6 5
107.7 5
107.8 33
107.9 37
108 20
108.1 23
108.2 41
108.3 25
108.4 28
108.5 32
108.6 45
108.7 36
108.8 33
108.9 18
109 28
109.1 36
109.2 18
109.3 33
109.4 21
109.5 26
109.6 37
109.7 42
109.8 42
109.9 43
110 39
110.1 45
110.2 38
110.3 32
110.4 32
110.5 41
110.6 40
110.7 46
110.8 48
110.9 56
111 47
111.1 49
111.2 46
111.3 44
111.4 38
111.5 35
111.6 52
111.7 39
111.8 41
111.9 41
112 38
112.1 48
112.2 45
112.3 26
112.4 33
112.5 31
112.6 43
112.7 40
112.8 24
112.9 28
113 46
113.1 52
113.2 60
113.3 34
113.4 54
113.5 44
113.6 29
113.7 40
113.8 42
113.9 33
114 32
114.1 25
114.2 27
114.3 15
114.4 16
114.5 17
114.6 10
114.7 5
114.8 3
114.9 6
115 4
115.1 7
115.2 5
115.3 2
115.4 4
115.5 8
115.6 5
115.7 6
115.8 10
115.9 5
116 5
116.1 4
116.2 6
116.3 6
116.4 4
116.5 3
116.6 6
116.7 5
116.8 1
116.9 7
117 6
117.1 7
117.2 4
117.3 4
117.4 5
117.5 4
117.6 6
117.7 6
117.8 6
117.9 4
118 10
118.1 6
118.2 2
118.3 7
118.4 3
118.5 5
118.6 4
118.7 5
118.8 3
118.9 3
119 4
119.1 5
119.2 3
119.3 4
119.4 5
119.5 10
119.6 9
119.7 6
119.8 8
119.9 8
120 7
120.1 6
120.2 5
120.3 1
120.4 1
120.5 7
120.6 4
120.7 11
120.8 8
120.9 0
121 4
121.1 3
121.2 3
121.3 6
121.4 7
121.5 2
121.6 3
121.7 5
121.8 8
121.9 4
122 6
122.1 6
122.2 6
122.3 3
122.4 2
122.5 6
122.6 5
122.7 4
122.8 4
122.9 3
123 5
123.1 5
123.2 2
123.3 4
123.4 6
123.5 8
123.6 20
123.7 20
123.8 11
123.9 6
124 7
124.1 5
124.2 5
124.3 5
124.4 6
124.5 7
124.6 6
124.7 2
124.8 4
124.9 5
125 4
125.1 7
125.2 8
125.3 12
125.4 11
125.5 11
125.6 16
125.7 8
125.8 4
125.9 1
126 6
126.1 6
126.2 3
126.3 3
126.4 7
126.5 6
126.6 3
126.7 3
126.8 3
126.9 4
127 16
127.1 8
127.2 4
127.3 4
127.4 21
127.5 7
127.6 7
127.7 11
127.8 13
127.9 31
128 34
128.1 22
128.2 22
128.3 19
128.4 35
128.5 13
128.6 33
128.7 43
128.8 32
128.9 48
129 44
129.1 41
129.2 52
129.3 41
129.4 35
129.5 43
129.6 35
129.7 40
129.8 39
129.9 44
130 43
130.1 36
130.2 46
130.3 44
130.4 42
130.5 42
130.6 44
130.7 41
130.8 31
130.9 47
131 51
131.1 39
131.2 41
131.3 33
131.4 40
131.5 47
131.6 37
131.7 38
131.8 40
131.9 44
132 34
132.1 40
132.2 49
132.3 42
132.4 49
132.5 46
132.6 48
132.7 43
132.8 37
132.9 19
133 48
133.1 26
133.2 38
133.3 42
133.4 40
133.5 37
133.6 28
133.7 31
133.8 46
133.9 20
134 8
134.1 20
134.2 15
134.3 5
134.4 8
134.5 9
134.6 7
134.7 7
134.8 5
134.9 7
135 10
135.1 5
135.2 6
135.3 4
135.4 6
135.5 4
135.6 8
135.7 3
135.8 10
135.9 16
136 4
136.1 5
136.2 5
136.3 7
136.4 4
136.5 3
136.6 1
136.7 4
136.8 6
136.9 6
137 5
137.1 1
137.2 0
137.3 2
137.4 4
137.5 7
137.6 6
137.7 6
137.8 4
137.9 5
138 2
138.1 10
138.2 5
138.3 5
138.4 5
138.5 4
138.6 1
138.7 2
138.8 3
138.9 4
139 4
139.1 6
139.2 6
139.3 5
139.4 2
139.5 3
139.6 5
139.7 4
139.8 1
139.9 6
140 4
140.1 9
140.2 6
140.3 7
140.4 5
140.5 9
140.6 8
140.7 7
140.8 7
140.9 3
141 1
141.1 8
141.2 2
141.3 6
141.4 5
141.5 5
141.6 1
141.7 17
141.8 10
141.9 4
142 1
142.1 1
142.2 1
142.3 1
142.4 3
142.5 3
142.6 5
142.7 5
142.8 9
142.9 5
143 5
143.1 4
143.2 5
143.3 4
143.4 5
143.5 4
143.6 4
143.7 6
143.8 6
143.9 5
144 3
144.1 6
144.2 4
144.3 7
144.4 9
144.5 10
144.6 6
144.7 5
144.8 5
144.9 5
145 2
145.1 2
145.2 7
145.3 7
145.4 3
145.5 4
145.6 25
145.7 8
145.8 6
145.9 6
146 2
146.1 6
146.2 5
146.3 3
146.4 6
146.5 5
146.6 4
146.7 4
146.8 1
146.9 3
147 5
147.1 5
147.2 9
147.3 10
147.4 10
147.5 6
147.6 6
147.7 4
147.8 5
147.9 29
148 28
148.1 14
148.2 11
148.3 7
148.4 10
148.5 10
148.6 9
148.7 8
148.8 3
148.9 13
149 24
149.1 25
149.2 12
149.3 17
149.4 37
149.5 37
149.6 31
149.7 33
149.8 41
149.9 42
150 39
150.1 42
150.2 43
150.3 57
150.4 57
150.5 48
150.6 43
150.7 40
150.8 52
150.9 57
151 53
151.1 43
151.2 46
151.3 40
151.4 43
151.5 52
151.6 54
151.7 43
151.8 48
151.9 54
152 50
152.1 56
152.2 57
152.3 48
152.4 38
152.5 40
152.6 43
152.7 45
152.8 40
152.9 29
153 48
153.1 48
153.2 53
153.3 36
153.4 23
153.5 23
153.6 29
153.7 34
153.8 41
153.9 43
154 34
154.1 32
154.2 37
154.3 44
154.4 43
154.5 39
154.6 36
154.7 32
154.8 47
154.9 27
155 44
155.1 33
155.2 21
155.3 32
155.4 21
155.5 14
155.6 13
155.7 3
155.8 9
155.9 10
156 10
156.1 5
156.2 5
156.3 7
156.4 4
156.5 3
156.6 5
156.7 4
156.8 7
156.9 7
157 5
157.1 3
157.2 1
157.3 6
157.4 5
157.5 9
157.6 12
157.7 10
157.8 8
157.9 6
158 5
158.1 2
158.2 4
158.3 2
158.4 5
158.5 0
158.6 4
158.7 2
158.8 6
158.9 6
159 8
159.1 4
159.2 6
159.3 12
159.4 5
159.5 6
159.6 4
159.7 2
159.8 3
159.9 4
160 4
160.1 5
160.2 8
160.3 6
160.4 3
160.5 4
160.6 6
160.7 6
160.8 3
160.9 5
161 5
161.1 4
161.2 3
161.3 11
161.4 11
161.5 6
161.6 8
161.7 3
161.8 4
161.9 3
162 6
162.1 3
162.2 3
162.3 3
162.4 1
162.5 4
162.6 3
162.7 6
162.8 1
162.9 6
163 9
163.1 7
163.2 4
163.3 6
163.4 4
163.5 4
163.6 4
163.7 4
163.8 4
163.9 3
164 2
164.1 5
164.2 5
164.3 6
164.4 8
164.5 7
164.6 4
164.7 4
164.8 7
164.9 3
165 2
165.1 7
165.2 3
165.3 2
165.4 2
165.5 5
165.6 4
165.7 5
165.8 4
165.9 5
166 5
166.1 2
166.2 3
166.3 5
166.4 2
166.5 1
166.6 1
166.7 0
166.8 1
166.9 0
167 5
167.1 9
167.2 5
167.3 3
167.4 6
167.5 2
167.6 3
167.7 20
167.8 15
167.9 6
168 17
168.1 9
168.2 11
168.3 8
168.4 8
168.5 8
168.6 9
168.7 10
168.8 7
168.9 13
169 11
169.1 10
169.2 6
169.3 2
169.4 3
169.5 4
169.6 3
169.7 4
169.8 5
169.9 3
170 4
170.1 3
170.2 2
170.3 14
170.4 8
170.5 7
170.6 5
170.7 4
170.8 4
170.9 6
171 5
171.1 4
171.2 6
171.3 7
171.4 7
171.5 8
171.6 30
171.7 27
171.8 19
171.9 25
172 33
172.1 33
172.2 23
172.3 30
172.4 34
172.5 34
172.6 53
172.7 34
172.8 31
172.9 33
173 53
173.1 43
173.2 47
173.3 46
173.4 44
173.5 40
173.6 45
173.7 49
173.8 35
173.9 35
174 47
174.1 51
174.2 42
174.3 42
174.4 37
174.5 39
174.6 29
174.7 43
174.8 29
174.9 28
175 32
175.1 29
175.2 37
175.3 49
175.4 50
175.5 46
175.6 36
175.7 55
175.8 50
175.9 47
176 51
176.1 44
176.2 51
176.3 46
176.4 49
176.5 47
176.6 41
176.7 53
176.8 57
176.9 42
177 46
177.1 42
177.2 47
177.3 52
177.4 49
177.5 63
177.6 41
177.7 37
177.8 45
177.9 34
178 35
178.1 27
178.2 40
178.3 38
178.4 36
178.5 52
178.6 43
178.7 48
178.8 40
178.9 49
179 33
179.1 24
179.2 28
179.3 19
179.4 14
179.5 5
179.6 5
179.7 14
179.8 14
179.9 9
180 5
180.1 9
180.2 7
180.3 3
180.4 4
180.5 7
180.6 6
180.7 4
180.8 8
180.9 8
181 4
181.1 5
181.2 3
181.3 5
181.4 6
181.5 6
181.6 10
181.7 5
181.8 3
181.9 4
182 1
182.1 3
182.2 4
182.3 4
182.4 1
182.5 1
182.6 3
182.7 2
182.8 3
182.9 1
183 5
183.1 8
183.2 8
183.3 8
183.4 5
183.5 5
183.6 8
183.7 7
183.8 3
183.9 3
184 4
184.1 6
184.2 2
184.3 3
184.4 5
184.5 4
184.6 4
184.7 4
184.8 8
184.9 7
185 6
185.1 5
185.2 4
185.3 6
185.4 5
185.5 4
185.6 4
185.7 7
185.8 4
185.9 5
186 1
186.1 4
186.2 6
186.3 3
186.4 4
186.5 4
186.6 6
186.7 8
186.8 4
186.9 3
187 6
187.1 5
187.2 10
187.3 4
187.4 2
187.5 2
187.6 7
187.7 7
187.8 7
187.9 4
188 7
188.1 3
188.2 10
188.3 6
188.4 7
188.5 3
188.6 5
188.7 6
188.8 9
188.9 8
189 6
189.1 4
189.2 5
189.3 4
189.4 1
189.5 3
189.6 7
189.7 7
189.8 6
189.9 7
190 4
190.1 5
190.2 4
190.3 3
190.4 3
190.5 7
190.6 7
190.7 6
190.8 5
190.9 7
191 6
191.1 10
191.2 14
191.3 15
191.4 5
191.5 5
191.6 7
191.7 6
191.8 5
191.9 4
192 6
192.1 7
192.2 5
192.3 7
192.4 4
192.5 5
192.6 5
192.7 6
192.8 8
192.9 4
193 5
193.1 3
193.2 19
193.3 14
193.4 10
193.5 6
193.6 2
193.7 3
193.8 3
193.9 3
194 3
194.1 2
194.2 2
194.3 5
194.4 2
194.5 5
194.6 3
194.7 4
194.8 4
194.9 5
195 8
195.1 3
195.2 5
195.3 5
195.4 3
195.5 5
195.6 25
195.7 13
195.8 17
195.9 11
196 6
196.1 22
196.2 14
196.3 10
196.4 3
196.5 22
196.6 20
196.7 12
196.8 23
196.9 41
197 26
197.1 36
197.2 42
197.3 38
197.4 43
197.5 32
197.6 38
197.7 32
197.8 36
197.9 41
198 51
198.1 55
198.2 47
198.3 46
198.4 57
198.5 57
198.6 38
198.7 38
198.8 45
198.9 42
199 51
199.1 44
199.2 48
199.3 44
199.4 46
199.5 55
199.6 38
199.7 42
199.8 57
199.9 43
200 40
