0 300
0.05 292
0.1 278
0.15 265
0.2 257
0.25 248
0.3 245
0.35 237
0.4 234
0.45 227
0.5 225
0.55 219
0.6 211
0.65 207
0.7 205
0.75 202
0.8 195
0.85 191
0.9 186
0.95 180
1 177
1.05 169
1.1 168
1.15 164
1.2 161
1.25 160
1.3 153
1.35 151
1.4 148
1.45 144
1.5 143
1.55 139
1.6 136
1.65 134
1.7 130
1.75 127
1.8 125
1.85 123
1.9 122
1.95 118
2 116
2.05 113
2.1 111
2.15 106
2.2 106
2.25 106
2.3 104
2.35 103
2.4 102
2.45 101
2.5 100
2.55 100
2.6 98
2.65 96
2.7 92
2.75 87
2.8 87
2.85 85
2.9 84
2.95 84
3 82
3.05 81
3.1 79
3.15 79
3.2 79
3.25 78
3.3 77
3.35 76
3.4 72
3.45 70
3.5 69
3.55 69
3.6 68
3.65 66
3.7 66
3.75 65
3.8 62
3.85 62
3.9 61
3.95 61
4 57
4.05 57
4.1 57
4.15 57
4.2 57
4.25 55
4.3 53
4.35 51
4.4 50
4.45 49
4.5 48
4.55 48
4.6 47
4.65 47
4.7 47
4.75 47
4.8 46
4.85 46
4.9 45
4.95 45
5 44
5.05 42
5.1 42
5.15 40
5.2 39
5.25 39
5.3 38
5.35 38
5.4 38
5.45 38
5.5 36
5.55 35
5.6 35
5.65 35
5.7 34
5.75 34
5.8 34
5.85 34
5.9 34
5.95 34
6 34
6.05 33
6.1 33
6.15 33
6.2 33
6.25 33
6.3 33
6.35 32
6.4 30
6.45 30
6.5 30
6.55 30
6.6 30
6.65 29
6.7 29
6.75 29
6.8 28
6.85 28
6.9 26
6.95 25
7 24
7.05 23
7.1 23
7.15 23
7.2 22
7.25 22
7.3 22
7.35 22
7.4 21
7.45 21
7.5 21
7.55 21
7.6 21
7.65 20
7.7 20
7.75 19
7.8 19
7.85 19
7.9 19
7.95 19
8 19
8.05 19
8.1 18
8.15 17
8.2 17
8.25 17
8.3 16
8.35 14
8.4 14
8.45 14
8.5 14
8.55 14
8.6 14
8.65 14
8.7 14
8.75 14
8.8 14
8.85 12
8.9 12
8.95 12
9 12
9.05 12
9.1 12
9.15 12
9.2 11
9.25 11
9.3 10
9.35 10
9.4 10
9.45 10
9.5 10
9.55 10
9.6 10
9.65 10
9.7 10
9.75 10
9.8 10
9.85 8
9.9 8
9.95 8
10 8
