0 0
0.1 0
0.2 0
0.3 0
0.4 0
0.5 0
0.6 0
0.7 0
0.8 0
0.9 3
1 7
1.1 11
1.2 16
1.3 18
1.4 27
1.5 34
1.6 47
1.7 67
1.8 79
1.9 100
2 125
2.1 151
2.2 177
2.3 199
2.4 215
2.5 234
2.6 248
2.7 267
2.8 311
2.9 345
3 376
3.1 412
3.2 438
3.3 457
3.4 489
3.5 521
3.6 539
3.7 563
3.8 591
3.9 615
4 642
4.1 666
4.2 700
4.3 722
4.4 742
4.5 764
4.6 799
4.7 828
4.8 850
4.9 876
5 905
5.1 930
5.2 949
5.3 983
5.4 1015
5.5 1041
5.6 1065
5.7 1090
5.8 1115
5.9 1138
6 1165
6.1 1188
6.2 1218
6.3 1245
6.4 1277
6.5 1303
6.6 1338
6.7 1358
6.8 1374
6.9 1398
7 1410
7.1 1446
7.2 1463
7.3 1472
7.4 1487
7.5 1499
7.6 1520
7.7 1518
7.8 1492
7.9 1456
8 1432
8.1 1435
8.2 1345
8.3 1250
8.4 1169
8.5 1080
8.6 980
8.7 922
8.8 883
8.9 823
9 753
9.1 700
9.2 660
9.3 625
9.4 586
9.5 547
9.6 508
9.7 475
9.8 450
9.9 424
10 417
10.1 434
10.2 433
10.3 421
10.4 410
10.5 406
10.6 408
10.7 384
10.8 362
10.9 336
11 326
11.1 310
11.2 298
11.3 283
11.4 284
11.5 283
11.6 278
11.7 318
11.8 326
11.9 311
12 308
12.1 313
12.2 304
12.3 324
12.4 305
12.5 291
12.6 289
12.7 290
12.8 295
12.9 309
13 305
13.1 287
13.2 274
13.3 266
13.4 260
13.5 253
13.6 258
13.7 251
13.8 249
13.9 248
14 257
14.1 258
14.2 254
14.3 253
14.4 244
14.5 244
14.6 239
14.7 239
14.8 240
14.9 240
15 235
15.1 244
15.2 248
15.3 253
15.4 238
15.5 223
15.6 209
15.7 213
15.8 213
15.9 225
16 220
16.1 218
16.2 207
16.3 210
16.4 220
16.5 231
16.6 217
16.7 222
16.8 223
16.9 216
17 211
17.1 201
17.2 208
17.3 224
17.4 235
17.5 248
17.6 272
17.7 275
17.8 273
17.9 264
18 254
18.1 235
18.2 237
18.3 248
18.4 242
18.5 229
18.6 241
18.7 239
18.8 246
18.9 245
19 214
19.1 216
19.2 220
19.3 223
19.4 222
19.5 201
19.6 209
19.7 208
19.8 198
19.9 188
20 197
20.1 210
20.2 213
20.3 216
20.4 232
20.5 254
20.6 252
20.7 280
20.8 268
20.9 274
21 285
21.1 283
21.2 269
21.3 262
21.4 253
21.5 244
21.6 237
21.7 228
21.8 220
21.9 219
22 208
22.1 226
22.2 274
22.3 297
22.4 316
22.5 318
22.6 335
22.7 367
22.8 373
22.9 367
23 378
23.1 385
23.2 387
23.3 387
23.4 403
23.5 419
23.6 424
23.7 435
23.8 453
23.9 463
24 479
24.1 493
24.2 501
24.3 514
24.4 533
24.5 544
24.6 555
24.7 568
24.8 579
24.9 594
25 610
25.1 622
25.2 644
25.3 661
25.4 685
25.5 702
25.6 727
25.7 757
25.8 781
25.9 812
26 842
26.1 873
26.2 900
26.3 933
26.4 961
26.5 983
26.6 1020
26.7 1050
26.8 1082
26.9 1120
27 1148
27.1 1178
27.2 1210
27.3 1226
27.4 1264
27.5 1286
27.6 1316
27.7 1356
27.8 1388
27.9 1437
28 1476
28.1 1499
28.2 1525
28.3 1559
28.4 1589
28.5 1635
28.6 1653
28.7 1682
28.8 1679
28.9 1697
29 1727
29.1 1720
29.2 1687
29.3 1605
29.4 1530
29.5 1424
29.6 1325
29.7 1240
29.8 1172
29.9 1097
30 1007
30.1 930
30.2 849
30.3 775
30.4 737
30.5 692
30.6 658
30.7 630
30.8 613
30.9 585
31 550
31.1 516
31.2 500
31.3 474
31.4 450
31.5 435
31.6 417
31.7 410
31.8 410
31.9 407
32 382
32.1 368
32.2 390
32.3 387
32.4 349
32.5 332
32.6 323
32.7 317
32.8 309
32.9 321
33 322
33.1 340
33.2 323
33.3 317
33.4 304
33.5 288
33.6 282
33.7 286
33.8 301
33.9 282
34 283
34.1 279
34.2 278
34.3 276
34.4 267
34.5 279
34.6 317
34.7 307
34.8 303
34.9 303
35 305
35.1 294
35.2 274
35.3 275
35.4 268
35.5 295
35.6 293
35.7 290
35.8 291
35.9 279
36 271
36.1 255
36.2 261
36.3 262
36.4 268
36.5 262
36.6 264
36.7 256
36.8 250
36.9 244
37 236
37.1 237
37.2 230
37.3 240
37.4 253
37.5 273
37.6 266
37.7 275
37.8 282
37.9 292
38 294
38.1 285
38.2 288
38.3 285
38.4 286
38.5 292
38.6 306
38.7 300
38.8 305
38.9 313
39 316
39.1 290
39.2 283
39.3 305
39.4 313
39.5 295
39.6 287
39.7 274
39.8 272
39.9 280
40 288
40.1 297
40.2 300
40.3 313
40.4 327
40.5 342
40.6 335
40.7 326
40.8 337
40.9 328
41 315
41.1 299
41.2 290
41.3 261
41.4 249
41.5 239
41.6 237
41.7 224
41.8 222
41.9 218
42 225
42.1 227
42.2 230
42.3 220
42.4 200
42.5 204
42.6 190
42.7 191
42.8 202
42.9 216
43 220
43.1 255
43.2 263
43.3 275
43.4 307
43.5 345
43.6 405
43.7 421
43.8 429
43.9 427
44 431
44.1 436
44.2 436
44.3 448
44.4 446
44.5 455
44.6 461
44.7 468
44.8 475
44.9 479
45 490
45.1 500
45.2 508
45.3 523
45.4 538
45.5 548
45.6 561
45.7 571
45.8 582
45.9 596
46 617
46.1 632
46.2 656
46.3 670
46.4 687
46.5 715
46.6 751
46.7 771
46.8 798
46.9 828
47 852
47.1 876
47.2 908
47.3 941
47.4 969
47.5 997
47.6 1055
47.7 1089
47.8 1120
47.9 1156
48 1189
48.1 1229
48.2 1262
48.3 1296
48.4 1319
48.5 1343
48.6 1381
48.7 1412
48.8 1450
48.9 1475
49 1494
49.1 1533
49.2 1562
49.3 1577
49.4 1584
49.5 1598
49.6 1604
49.7 1606
49.8 1623
49.9 1617
50 1568
50.1 1484
50.2 1398
50.3 1294
50.4 1166
50.5 1063
50.6 967
50.7 890
50.8 842
50.9 820
51 754
51.1 702
51.2 655
51.3 636
51.4 600
51.5 552
51.6 527
51.7 498
51.8 475
51.9 455
52 439
52.1 420
52.2 406
52.3 399
52.4 381
52.5 354
52.6 338
52.7 319
52.8 306
52.9 309
53 323
53.1 337
53.2 315
53.3 298
53.4 284
53.5 265
53.6 271
53.7 291
53.8 277
53.9 279
54 266
54.1 246
54.2 241
54.3 231
54.4 214
54.5 211
54.6 229
54.7 254
54.8 277
54.9 284
55 284
55.1 280
55.2 274
55.3 274
55.4 275
55.5 275
55.6 273
55.7 265
55.8 257
55.9 257
56 270
56.1 261
56.2 255
56.3 264
56.4 249
56.5 264
56.6 259
56.7 256
56.8 260
56.9 299
57 369
57.1 407
57.2 439
57.3 434
57.4 422
57.5 446
57.6 424
57.7 421
57.8 404
57.9 392
58 389
58.1 382
58.2 366
58.3 344
58.4 335
58.5 358
58.6 366
58.7 368
58.8 350
58.9 347
59 316
59.1 301
59.2 304
59.3 290
59.4 272
59.5 258
59.6 253
59.7 229
59.8 227
59.9 208
60 196
60.1 202
60.2 248
60.3 255
60.4 248
60.5 250
60.6 231
60.7 224
60.8 222
60.9 213
61 214
61.1 209
61.2 216
61.3 213
61.4 217
61.5 225
61.6 218
61.7 234
61.8 253
61.9 278
62 280
62.1 266
62.2 252
62.3 244
62.4 249
62.5 245
62.6 254
62.7 237
62.8 234
62.9 226
63 234
63.1 228
63.2 239
63.3 256
63.4 250
63.5 248
63.6 246
63.7 245
63.8 241
63.9 237
64 277
64.1 295
64.2 292
64.3 311
64.4 314
64.5 297
64.6 296
64.7 286
64.8 267
64.9 257
65 254
65.1 258
65.2 259
65.3 264
65.4 242
65.5 236
65.6 229
65.7 227
65.8 272
65.9 336
66 359
66.1 370
66.2 376
66.3 393
66.4 404
66.5 410
66.6 419
66.7 429
66.8 439
66.9 440
67 453
67.1 458
67.2 464
67.3 478
67.4 489
67.5 503
67.6 517
67.7 547
67.8 571
67.9 600
68 621
68.1 649
68.2 667
68.3 708
68.4 729
68.5 750
68.6 772
68.7 796
68.8 822
68.9 846
69 880
69.1 915
69.2 946
69.3 978
69.4 1004
69.5 1025
69.6 1049
69.7 1071
69.8 1100
69.9 1122
70 1151
70.1 1175
70.2 1201
70.3 1222
70.4 1258
70.5 1283
70.6 1310
70.7 1347
70.8 1371
70.9 1415
71 1454
71.1 1474
71.2 1500
71.3 1550
71.4 1591
71.5 1610
71.6 1643
71.7 1669
71.8 1644
71.9 1622
72 1575
72.1 1470
72.2 1342
72.3 1234
72.4 1152
72.5 1053
72.6 975
72.7 900
72.8 808
72.9 758
73 699
73.1 659
73.2 627
73.3 600
73.4 568
73.5 557
73.6 560
73.7 536
73.8 529
73.9 533
74 508
74.1 479
74.2 451
74.3 424
74.4 392
74.5 381
74.6 353
74.7 341
74.8 328
74.9 316
75 291
75.1 297
75.2 291
75.3 285
75.4 278
75.5 294
75.6 292
75.7 285
75.8 288
75.9 295
76 280
76.1 270
76.2 269
76.3 268
76.4 260
76.5 272
76.6 248
76.7 235
76.8 224
76.9 222
77 214
77.1 213
77.2 213
77.3 217
77.4 237
77.5 256
77.6 263
77.7 273
77.8 298
77.9 283
78 281
78.1 290
78.2 292
78.3 289
78.4 267
78.5 259
78.6 256
78.7 320
78.8 342
78.9 368
79 404
79.1 445
79.2 438
79.3 411
79.4 391
79.5 378
79.6 366
79.7 360
79.8 361
79.9 353
80 329
80.1 310
80.2 281
80.3 277
80.4 288
80.5 295
80.6 300
80.7 293
80.8 282
80.9 267
81 244
81.1 230
81.2 236
81.3 227
81.4 225
81.5 231
81.6 232
81.7 255
81.8 243
81.9 231
82 224
82.1 229
82.2 243
82.3 234
82.4 229
82.5 230
82.6 215
82.7 206
82.8 199
82.9 193
83 196
83.1 195
83.2 193
83.3 196
83.4 188
83.5 194
83.6 206
83.7 206
83.8 213
83.9 212
84 217
84.1 245
84.2 270
84.3 274
84.4 271
84.5 287
84.6 286
84.7 270
84.8 263
84.9 263
85 274
85.1 259
85.2 272
85.3 295
85.4 314
85.5 316
85.6 323
85.7 335
85.8 327
85.9 306
86 287
86.1 271
86.2 258
86.3 248
86.4 256
86.5 284
86.6 294
86.7 300
86.8 284
86.9 276
87 264
87.1 242
87.2 241
87.3 247
87.4 248
87.5 254
87.6 287
87.7 302
87.8 292
87.9 284
88 279
88.1 269
88.2 258
88.3 348
88.4 408
88.5 419
88.6 425
88.7 432
88.8 433
88.9 444
89 455
89.1 458
89.2 480
89.3 493
89.4 498
89.5 505
89.6 518
89.7 540
89.8 557
89.9 576
90 591
90.1 618
90.2 644
90.3 660
90.4 686
90.5 707
90.6 744
90.7 771
90.8 793
90.9 819
91 854
91.1 877
91.2 908
91.3 940
91.4 966
91.5 988
91.6 1019
91.7 1043
91.8 1077
91.9 1102
92 1140
92.1 1174
92.2 1201
92.3 1235
92.4 1275
92.5 1303
92.6 1336
92.7 1364
92.8 1389
92.9 1414
93 1439
93.1 1477
93.2 1495
93.3 1526
93.4 1558
93.5 1603
93.6 1631
93.7 1670
93.8 1689
93.9 1715
94 1751
94.1 1753
94.2 1752
94.3 1711
94.4 1581
94.5 1438
94.6 1339
94.7 1225
94.8 1148
94.9 1061
95 985
95.1 927
95.2 853
95.3 802
95.4 760
95.5 674
95.6 638
95.7 613
95.8 592
95.9 547
96 518
96.1 500
96.2 479
96.3 464
96.4 436
96.5 409
96.6 381
96.7 362
96.8 350
96.9 337
97 338
97.1 320
97.2 307
97.3 304
97.4 316
97.5 340
97.6 339
97.7 342
97.8 350
97.9 339
98 325
98.1 318
98.2 302
98.3 304
98.4 304
98.5 305
98.6 306
98.7 288
98.8 291
98.9 285
99 298
99.1 298
99.2 278
99.3 274
99.4 291
99.5 280
99.6 285
99.7 284
99.8 291
99.9 300
100 301
100.1 303
100.2 296
100.3 287
100.4 279
100.5 276
100.6 279
100.7 264
100.8 248
100.9 258
101 267
101.1 265
101.2 295
101.3 348
101.4 379
101.5 362
101.6 346
101.7 327
101.8 306
101.9 303
102 303
102.1 324
102.2 329
102.3 321
102.4 329
102.5 320
102.6 299
102.7 283
102.8 302
102.9 321
103 322
103.1 307
103.2 317
103.3 311
103.4 307
103.5 310
103.6 298
103.7 270
103.8 257
103.9 249
104 235
104.1 227
104.2 234
104.3 240
104.4 241
104.5 247
104.6 234
104.7 237
104.8 255
104.9 271
105 271
105.1 268
105.2 253
105.3 246
105.4 241
105.5 254
105.6 251
105.7 245
105.8 238
105.9 239
106 286
106.1 343
106.2 352
106.3 355
106.4 325
106.5 309
106.6 282
106.7 277
106.8 266
106.9 282
107 286
107.1 291
107.2 331
107.3 373
107.4 430
107.5 461
107.6 469
107.7 472
107.8 477
107.9 497
108 505
108.1 507
108.2 516
108.3 520
108.4 525
108.5 539
108.6 552
108.7 572
108.8 584
108.9 594
109 612
109.1 633
109.2 652
109.3 660
109.4 682
109.5 706
109.6 720
109.7 726
109.8 754
109.9 782
110 820
110.1 846
110.2 870
110.3 895
110.4 927
110.5 961
110.6 987
110.7 1022
110.8 1061
110.9 1085
111 1116
111.1 1155
111.2 1189
111.3 1222
111.4 1253
111.5 1287
111.6 1319
111.7 1357
111.8 1387
111.9 1421
112 1448
112.1 1483
112.2 1507
112.3 1535
112.4 1574
112.5 1590
112.6 1615
112.7 1644
112.8 1657
112.9 1666
113 1689
113.1 1713
113.2 1730
113.3 1729
113.4 1710
113.5 1597
113.6 1553
113.7 1448
113.8 1326
113.9 1226
114 1145
114.1 1069
114.2 977
114.3 906
114.4 862
114.5 810
114.6 768
114.7 700
114.8 665
114.9 633
115 609
115.1 578
115.2 560
115.3 542
115.4 506
115.5 475
115.6 452
115.7 445
115.8 447
115.9 436
116 418
116.1 397
116.2 372
116.3 352
116.4 327
116.5 325
116.6 307
116.7 325
116.8 327
116.9 311
117 298
117.1 284
117.2 294
117.3 289
117.4 292
117.5 302
117.6 312
117.7 290
117.8 278
117.9 304
118 356
118.1 362
118.2 351
118.3 313
118.4 287
118.5 268
118.6 269
118.7 261
118.8 267
118.9 265
119 261
119.1 255
119.2 264
119.3 310
119.4 315
119.5 311
119.6 299
119.7 284
119.8 265
119.9 255
120 248
120.1 237
120.2 228
120.3 229
120.4 251
120.5 265
120.6 254
120.7 240
120.8 227
120.9 222
121 224
121.1 220
121.2 206
121.3 191
121.4 174
121.5 176
121.6 173
121.7 169
121.8 166
121.9 160
122 161
122.1 162
122.2 168
122.3 183
122.4 187
122.5 190
122.6 201
122.7 204
122.8 207
122.9 203
123 197
123.1 200
123.2 197
123.3 208
123.4 216
123.5 214
123.6 223
123.7 222
123.8 229
123.9 223
124 233
124.1 243
124.2 248
124.3 240
124.4 225
124.5 241
124.6 257
124.7 264
124.8 265
124.9 258
125 243
125.1 236
125.2 221
125.3 222
125.4 219
125.5 231
125.6 232
125.7 250
125.8 259
125.9 282
126 276
126.1 279
126.2 273
126.3 263
126.4 261
126.5 249
126.6 266
126.7 279
126.8 277
126.9 277
127 285
127.1 278
127.2 268
127.3 258
127.4 239
127.5 237
127.6 238
127.7 261
127.8 264
127.9 285
128 283
128.1 281
128.2 276
128.3 279
128.4 289
128.5 297
128.6 285
128.7 286
128.8 285
128.9 323
129 374
129.1 401
129.2 413
129.3 427
129.4 416
129.5 432
129.6 440
129.7 446
129.8 453
129.9 462
130 471
130.1 481
130.2 495
130.3 506
130.4 517
130.5 527
130.6 540
130.7 566
130.8 585
130.9 601
131 621
131.1 630
131.2 654
131.3 680
131.4 702
131.5 731
131.6 759
131.7 791
131.8 822
131.9 849
132 871
132.1 889
132.2 917
132.3 944
132.4 975
132.5 1016
132.6 1052
132.7 1077
132.8 1108
132.9 1145
133 1173
133.1 1198
133.2 1210
133.3 1249
133.4 1288
133.5 1327
133.6 1349
133.7 1379
133.8 1409
133.9 1436
134 1456
134.1 1484
134.2 1510
134.3 1524
134.4 1563
134.5 1594
134.6 1609
134.7 1618
134.8 1625
134.9 1624
135 1661
135.1 1668
135.2 1610
135.3 1498
135.4 1393
135.5 1273
135.6 1166
135.7 1082
135.8 1057
135.9 957
136 897
136.1 839
136.2 777
136.3 730
136.4 677
136.5 648
136.6 611
136.7 570
136.8 536
136.9 503
137 461
137.1 435
137.2 419
137.3 408
137.4 409
137.5 401
137.6 390
137.7 365
137.8 349
137.9 340
138 332
138.1 313
138.2 329
138.3 326
138.4 316
138.5 308
138.6 296
138.7 300
138.8 287
138.9 292
139 290
139.1 275
139.2 276
139.3 285
139.4 288
139.5 280
139.6 259
139.7 247
139.8 236
139.9 217
140 220
140.1 214
140.2 199
140.3 200
140.4 194
140.5 196
140.6 192
140.7 225
140.8 315
140.9 329
141 328
141.1 326
141.2 318
141.3 299
141.4 290
141.5 297
141.6 294
141.7 285
141.8 281
141.9 295
142 302
142.1 289
142.2 289
142.3 348
142.4 372
142.5 367
142.6 366
142.7 362
142.8 348
142.9 323
143 339
143.1 404
143.2 441
143.3 437
143.4 416
143.5 420
143.6 406
143.7 388
143.8 453
143.9 502
144 509
144.1 545
144.2 580
144.3 596
144.4 608
144.5 679
144.6 719
144.7 728
144.8 725
144.9 732
145 737
145.1 742
145.2 744
145.3 752
145.4 760
145.5 762
145.6 758
145.7 767
145.8 771
145.9 772
146 786
146.1 791
146.2 798
146.3 802
146.4 814
146.5 830
146.6 834
146.7 846
146.8 858
146.9 870
147 883
147.1 904
147.2 920
147.3 933
147.4 964
147.5 964
147.6 985
147.7 1013
147.8 1034
147.9 1055
148 1077
148.1 1107
148.2 1128
148.3 1159
148.4 1184
148.5 1205
148.6 1231
148.7 1260
148.8 1292
148.9 1308
149 1340
149.1 1368
149.2 1387
149.3 1419
149.4 1440
149.5 1474
149.6 1506
149.7 1518
149.8 1544
149.9 1556
150 1561
150.1 1586
150.2 1562
150.3 1509
150.4 1427
150.5 1322
150.6 1243
150.7 1158
150.8 1068
150.9 968
151 885
151.1 808
151.2 749
151.3 704
151.4 651
151.5 589
151.6 611
151.7 699
151.8 716
151.9 693
152 646
152.1 603
152.2 559
152.3 526
152.4 485
152.5 460
152.6 433
152.7 409
152.8 398
152.9 384
153 360
153.1 354
153.2 361
153.3 354
153.4 347
153.5 364
153.6 364
153.7 359
153.8 351
153.9 352
154 346
154.1 333
154.2 309
154.3 288
154.4 285
154.5 266
154.6 270
154.7 266
154.8 253
154.9 260
155 264
155.1 254
155.2 249
155.3 253
155.4 267
155.5 281
155.6 282
155.7 287
155.8 268
155.9 261
156 266
156.1 265
156.2 271
156.3 245
156.4 244
156.5 254
156.6 256
156.7 255
156.8 262
156.9 281
157 300
157.1 291
157.2 307
157.3 328
157.4 331
157.5 359
157.6 457
157.7 527
157.8 564
157.9 542
158 552
158.1 568
158.2 553
158.3 518
158.4 471
158.5 437
158.6 410
158.7 374
158.8 358
158.9 342
159 340
159.1 332
159.2 315
159.3 293
159.4 273
159.5 271
159.6 258
159.7 263
159.8 248
159.9 231
160 240
160.1 250
160.2 257
160.3 267
160.4 273
160.5 282
160.6 283
160.7 262
160.8 259
160.9 313
161 348
161.1 372
161.2 391
161.3 379
161.4 361
161.5 348
161.6 330
161.7 314
161.8 304
161.9 300
162 296
162.1 267
162.2 253
162.3 238
162.4 224
162.5 212
162.6 203
162.7 177
162.8 178
162.9 170
163 154
163.1 151
163.2 162
163.3 155
163.4 160
163.5 165
163.6 181
163.7 181
163.8 170
163.9 162
164 168
164.1 168
164.2 167
164.3 172
164.4 181
164.5 185
164.6 176
164.7 186
164.8 227
164.9 257
165 256
165.1 262
165.2 265
165.3 252
165.4 232
165.5 242
165.6 246
165.7 252
165.8 248
165.9 245
166 232
166.1 214
166.2 235
166.3 255
166.4 270
166.5 262
166.6 272
166.7 267
166.8 265
166.9 285
167 299
167.1 310
167.2 305
167.3 314
167.4 327
167.5 331
167.6 331
167.7 333
167.8 331
167.9 330
168 337
168.1 329
168.2 312
168.3 307
168.4 304
168.5 292
168.6 287
168.7 272
168.8 265
168.9 270
169 288
169.1 308
169.2 324
169.3 325
169.4 339
169.5 343
169.6 340
169.7 324
169.8 331
169.9 342
170 387
170.1 397
170.2 400
170.3 409
170.4 424
170.5 429
170.6 437
170.7 438
170.8 447
170.9 457
171 468
171.1 488
171.2 493
171.3 514
171.4 523
171.5 541
171.6 562
171.7 578
171.8 608
171.9 634
172 641
172.1 654
172.2 677
172.3 703
172.4 728
172.5 751
172.6 775
172.7 823
172.8 845
172.9 875
173 908
173.1 949
173.2 978
173.3 1020
173.4 1047
173.5 1068
173.6 1097
173.7 1139
173.8 1159
173.9 1186
174 1220
174.1 1249
174.2 1274
174.3 1311
174.4 1319
174.5 1356
174.6 1380
174.7 1404
174.8 1406
174.9 1374
175 1398
175.1 1388
175.2 1350
175.3 1270
175.4 1187
175.5 1101
175.6 984
175.7 894
175.8 845
175.9 772
176 721
176.1 680
176.2 635
176.3 585
176.4 546
176.5 527
176.6 509
176.7 486
176.8 465
176.9 430
177 423
177.1 416
177.2 406
177.3 397
177.4 388
177.5 372
177.6 439
177.7 523
177.8 533
177.9 538
178 538
178.1 504
178.2 466
178.3 427
178.4 393
178.5 385
178.6 386
178.7 366
178.8 345
178.9 324
179 325
179.1 310
179.2 315
179.3 317
179.4 307
179.5 309
179.6 319
179.7 326
179.8 326
179.9 314
180 326
180.1 309
180.2 314
180.3 312
180.4 325
180.5 334
180.6 333
180.7 319
180.8 309
180.9 291
181 275
181.1 254
181.2 238
181.3 251
181.4 241
181.5 244
181.6 248
181.7 243
181.8 246
181.9 226
182 218
182.1 213
182.2 224
182.3 228
182.4 232
182.5 238
182.6 248
182.7 246
182.8 248
182.9 264
183 267
183.1 268
183.2 269
183.3 282
183.4 285
183.5 336
183.6 353
183.7 349
183.8 345
183.9 335
184 318
184.1 309
184.2 290
184.3 276
184.4 282
184.5 285
184.6 280
184.7 265
184.8 268
184.9 260
185 267
185.1 270
185.2 277
185.3 261
185.4 260
185.5 242
185.6 232
185.7 240
185.8 253
185.9 260
186 267
186.1 273
186.2 278
186.3 269
186.4 264
186.5 271
186.6 280
186.7 281
186.8 311
186.9 315
187 325
187.1 317
187.2 305
187.3 299
187.4 303
187.5 302
187.6 304
187.7 293
187.8 286
187.9 289
188 274
188.1 268
188.2 263
188.3 268
188.4 256
188.5 261
188.6 268
188.7 281
188.8 291
188.9 287
189 282
189.1 292
189.2 345
189.3 398
189.4 422
189.5 429
189.6 441
189.7 443
189.8 445
189.9 456
190 466
190.1 470
190.2 487
190.3 494
190.4 503
190.5 513
190.6 522
190.7 542
190.8 552
190.9 567
191 580
191.1 608
191.2 619
191.3 629
191.4 645
191.5 665
191.6 684
191.7 700
191.8 731
191.9 759
192 786
192.1 805
192.2 830
192.3 862
192.4 889
192.5 920
192.6 962
192.7 1000
192.8 1023
192.9 1066
193 1087
193.1 1106
193.2 1136
193.3 1155
193.4 1183
193.5 1229
193.6 1275
193.7 1298
193.8 1325
193.9 1364
194 1380
194.1 1421
194.2 1450
194.3 1481
194.4 1532
194.5 1559
194.6 1593
194.7 1622
194.8 1647
194.9 1681
195 1713
195.1 1703
195.2 1715
195.3 1698
195.4 1642
195.5 1515
195.6 1398
195.7 1291
195.8 1187
195.9 1095
196 1049
196.1 992
196.2 960
196.3 892
196.4 832
196.5 785
196.6 731
196.7 705
196.8 655
196.9 599
197 563
197.1 520
197.2 508
197.3 478
197.4 435
197.5 431
197.6 422
197.7 427
197.8 430
197.9 413
198 393
198.1 384
198.2 391
198.3 393
198.4 377
198.5 343
198.6 325
198.7 304
198.8 279
198.9 269
199 277
199.1 269
199.2 269
199.3 281
199.4 288
199.5 297
199.6 306
199.7 310
199.8 377
199.9 414
200 402
