0 0
0.1 0
0.2 0
0.3 0
0.4 0
0.5 0
0.6 2
0.7 2
0.8 2
0.9 4
1 5
1.1 8
1.2 9
1.3 12
1.4 18
1.5 22
1.6 28
1.7 29
1.8 31
1.9 38
2 43
2.1 44
2.2 47
2.3 44
2.4 48
2.5 51
2.6 50
2.7 55
2.8 56
2.9 56
3 55
3.1 55
3.2 57
3.3 54
3.4 53
3.5 51
3.6 52
3.7 51
3.8 53
3.9 56
4 57
4.1 57
4.2 52
4.3 53
4.4 54
4.5 57
4.6 59
4.7 60
4.8 59
4.9 56
5 56
5.1 56
5.2 57
5.3 56
5.4 53
5.5 54
5.6 55
5.7 51
5.8 49
5.9 49
6 49
6.1 47
6.2 47
6.3 49
6.4 50
6.5 50
6.6 50
6.7 50
6.8 53
6.9 49
7 49
7.1 48
7.2 49
7.3 46
7.4 48
7.5 45
7.6 44
7.7 41
7.8 39
7.9 37
8 35
8.1 34
8.2 32
8.3 32
8.4 31
8.5 31
8.6 28
8.7 28
8.8 25
8.9 23
9 22
9.1 22
9.2 20
9.3 19
9.4 19
9.5 17
9.6 14
9.7 14
9.8 14
9.9 14
10 12
10.1 11
10.2 11
10.3 10
10.4 9
10.5 8
10.6 8
10.7 7
10.8 6
10.9 6
11 6
11.1 6
11.2 6
11.3 6
11.4 4
11.5 4
11.6 4
11.7 4
11.8 3
11.9 3
12 2
12.1 1
12.2 1
12.3 1
12.4 1
12.5 1
12.6 1
12.7 1
12.8 1
12.9 1
13 1
13.1 1
13.2 1
13.3 1
13.4 1
13.5 1
13.6 1
13.7 1
13.8 1
13.9 1
14 1
14.1 1
14.2 1
14.3 1
14.4 1
14.5 1
14.6 1
14.7 1
14.8 1
14.9 0
15 0
15.1 0
15.2 0
15.3 0
15.4 0
15.5 0
15.6 0
15.7 0
15.8 0
15.9 0
16 0
16.1 0
16.2 0
16.3 0
16.4 0
16.5 0
16.6 0
16.7 0
16.8 0
16.9 0
17 0
17.1 0
17.2 0
17.3 0
17.4 0
17.5 0
17.6 0
17.7 0
17.8 0
17.9 0
18 0
18.1 0
18.2 0
18.3 1
18.4 1
18.5 1
18.6 1
18.7 1
18.8 1
18.9 0
19 0
19.1 0
19.2 0
19.3 0
19.4 0
19.5 0
19.6 0
19.7 0
19.8 0
19.9 0
20 0
20.1 0
20.2 0
20.3 0
20.4 0
20.5 1
20.6 1
20.7 1
20.8 1
20.9 1
21 1
21.1 0
21.2 0
21.3 0
21.4 0
21.5 0
21.6 0
21.7 0
21.8 0
21.9 0
22 0
22.1 0
22.2 0
22.3 0
22.4 0
22.5 0
22.6 0
22.7 0
22.8 0
22.9 1
23 5
23.1 10
23.2 11
23.3 13
23.4 15
23.5 17
23.6 19
23.7 22
23.8 24
23.9 26
24 23
24.1 26
24.2 24
24.3 28
24.4 27
24.5 26
24.6 27
24.7 26
24.8 29
24.9 30
25 30
25.1 36
25.2 42
25.3 44
25.4 46
25.5 51
25.6 55
25.7 50
25.8 52
25.9 53
26 55
26.1 58
26.2 62
26.3 61
26.4 58
26.5 57
26.6 57
26.7 56
26.8 58
26.9 55
27 56
27.1 58
27.2 61
27.3 60
27.4 63
27.5 62
27.6 61
27.7 64
27.8 58
27.9 62
28 62
28.1 66
28.2 66
28.3 64
28.4 61
28.5 60
28.6 64
28.7 60
28.8 59
28.9 53
29 54
29.1 54
29.2 53
29.3 51
29.4 48
29.5 46
29.6 41
29.7 40
29.8 38
29.9 38
30 36
30.1 34
30.2 33
30.3 31
30.4 29
30.5 26
30.6 26
30.7 25
30.8 23
30.9 19
31 16
31.1 15
31.2 15
31.3 14
31.4 14
31.5 14
31.6 14
31.7 13
31.8 14
31.9 14
32 14
32.1 12
32.2 11
32.3 10
32.4 10
32.5 9
32.6 8
32.7 8
32.8 7
32.9 7
33 7
33.1 6
33.2 6
33.3 6
33.4 5
33.5 5
33.6 5
33.7 4
33.8 4
33.9 3
34 3
34.1 3
34.2 3
34.3 3
34.4 3
34.5 2
34.6 2
34.7 2
34.8 2
34.9 2
35 2
35.1 2
35.2 2
35.3 2
35.4 3
35.5 3
35.6 3
35.7 3
35.8 3
35.9 3
36 3
36.1 3
36.2 3
36.3 2
36.4 2
36.5 2
36.6 2
36.7 2
36.8 2
36.9 2
37 2
37.1 2
37.2 2
37.3 2
37.4 1
37.5 1
37.6 1
37.7 1
37.8 1
37.9 1
38 1
38.1 1
38.2 1
38.3 1
38.4 1
38.5 1
38.6 1
38.7 0
38.8 0
38.9 0
39 0
39.1 0
39.2 0
39.3 0
39.4 0
39.5 0
39.6 0
39.7 0
39.8 0
39.9 0
40 0
40.1 0
40.2 0
40.3 0
40.4 0
40.5 0
40.6 0
40.7 0
40.8 0
40.9 0
41 0
41.1 0
41.2 0
41.3 0
41.4 0
41.5 0
41.6 0
41.7 0
41.8 0
41.9 0
42 0
42.1 0
42.2 0
42.3 0
42.4 0
42.5 0
42.6 0
42.7 0
42.8 0
42.9 0
43 0
43.1 0
43.2 0
43.3 0
43.4 0
43.5 0
43.6 1
43.7 1
43.8 4
43.9 5
44 6
44.1 9
44.2 10
44.3 9
44.4 10
44.5 10
44.6 11
44.7 10
44.8 14
44.9 19
45 20
45.1 24
45.2 26
45.3 31
45.4 30
45.5 31
45.6 31
45.7 32
45.8 31
45.9 29
46 36
46.1 41
46.2 44
46.3 44
46.4 46
46.5 49
46.6 53
46.7 54
46.8 58
46.9 57
47 58
47.1 58
47.2 57
47.3 56
47.4 57
47.5 59
47.6 61
47.7 59
47.8 63
47.9 62
48 59
48.1 60
48.2 58
48.3 59
48.4 61
48.5 63
48.6 64
48.7 65
48.8 61
48.9 60
49 59
49.1 54
49.2 55
49.3 52
49.4 51
49.5 48
49.6 48
49.7 47
49.8 40
49.9 38
50 36
50.1 33
50.2 33
50.3 27
50.4 26
50.5 25
50.6 24
50.7 22
50.8 21
50.9 21
51 18
51.1 18
51.2 17
51.3 16
51.4 15
51.5 14
51.6 14
51.7 10
51.8 10
51.9 9
52 9
52.1 8
52.2 7
52.3 7
52.4 6
52.5 6
52.6 6
52.7 5
52.8 5
52.9 5
53 5
53.1 5
53.2 5
53.3 4
53.4 4
53.5 4
53.6 4
53.7 4
53.8 4
53.9 3
54 3
54.1 3
54.2 2
54.3 2
54.4 2
54.5 2
54.6 2
54.7 2
54.8 2
54.9 2
55 2
55.1 2
55.2 2
55.3 2
55.4 2
55.5 2
55.6 2
55.7 2
55.8 2
55.9 2
56 2
56.1 2
56.2 2
56.3 1
56.4 1
56.5 1
56.6 1
56.7 1
56.8 1
56.9 0
57 0
57.1 0
57.2 0
57.3 0
57.4 0
57.5 0
57.6 0
57.7 0
57.8 0
57.9 0
58 0
58.1 0
58.2 2
58.3 2
58.4 2
58.5 1
58.6 1
58.7 1
58.8 1
58.9 1
59 1
59.1 0
59.2 0
59.3 0
59.4 0
59.5 0
59.6 1
59.7 1
59.8 1
59.9 1
60 1
60.1 1
60.2 0
60.3 0
60.4 0
60.5 0
60.6 0
60.7 0
60.8 0
60.9 0
61 0
61.1 0
61.2 0
61.3 0
61.4 0
61.5 0
61.6 0
61.7 0
61.8 0
61.9 0
62 0
62.1 0
62.2 0
62.3 0
62.4 0
62.5 0
62.6 0
62.7 0
62.8 0
62.9 0
63 0
63.1 0
63.2 1
63.3 1
63.4 1
63.5 1
63.6 1
63.7 1
63.8 1
63.9 0
64 0
64.1 0
64.2 0
64.3 2
64.4 2
64.5 2
64.6 3
64.7 3
64.8 3
64.9 3
65 3
65.1 3
65.2 3
65.3 3
65.4 3
65.5 3
65.6 3
65.7 3
65.8 3
65.9 6
66 9
66.1 9
66.2 10
66.3 12
66.4 12
66.5 13
66.6 13
66.7 15
66.8 14
66.9 14
67 16
67.1 17
67.2 21
67.3 26
67.4 28
67.5 30
67.6 39
67.7 38
67.8 38
67.9 40
68 42
68.1 45
68.2 47
68.3 51
68.4 49
68.5 51
68.6 50
68.7 54
68.8 50
68.9 54
69 54
69.1 55
69.2 56
69.3 56
69.4 55
69.5 55
69.6 53
69.7 55
69.8 56
69.9 58
70 58
70.1 58
70.2 59
70.3 63
70.4 62
70.5 61
70.6 64
70.7 66
70.8 70
70.9 68
71 70
71.1 72
71.2 78
71.3 77
71.4 76
71.5 73
71.6 69
71.7 63
71.8 61
71.9 58
72 58
72.1 56
72.2 54
72.3 53
72.4 52
72.5 49
72.6 48
72.7 47
72.8 47
72.9 43
73 41
73.1 41
73.2 41
73.3 37
73.4 35
73.5 35
73.6 32
73.7 29
73.8 29
73.9 29
74 28
74.1 28
74.2 27
74.3 26
74.4 25
74.5 24
74.6 24
74.7 23
74.8 23
74.9 22
75 19
75.1 19
75.2 19
75.3 18
75.4 17
75.5 16
75.6 14
75.7 11
75.8 11
75.9 11
76 11
76.1 11
76.2 11
76.3 11
76.4 10
76.5 10
76.6 10
76.7 9
76.8 8
76.9 8
77 8
77.1 7
77.2 7
77.3 7
77.4 7
77.5 6
77.6 6
77.7 6
77.8 6
77.9 6
78 6
78.1 6
78.2 6
78.3 6
78.4 6
78.5 6
78.6 6
78.7 6
78.8 6
78.9 6
79 6
79.1 5
79.2 5
79.3 5
79.4 5
79.5 5
79.6 5
79.7 5
79.8 5
79.9 4
80 4
80.1 4
80.2 4
80.3 4
80.4 4
80.5 3
80.6 3
80.7 3
80.8 2
80.9 2
81 1
81.1 1
81.2 1
81.3 1
81.4 1
81.5 1
81.6 1
81.7 1
81.8 1
81.9 1
82 1
82.1 1
82.2 1
82.3 1
82.4 1
82.5 1
82.6 1
82.7 1
82.8 1
82.9 1
83 1
83.1 1
83.2 1
83.3 1
83.4 1
83.5 1
83.6 1
83.7 1
83.8 1
83.9 1
84 1
84.1 1
84.2 1
84.3 1
84.4 1
84.5 1
84.6 3
84.7 3
84.8 3
84.9 5
85 5
85.1 5
85.2 5
85.3 6
85.4 5
85.5 5
85.6 4
85.7 4
85.8 4
85.9 4
86 4
86.1 4
86.2 4
86.3 4
86.4 4
86.5 4
86.6 6
86.7 6
86.8 5
86.9 5
87 5
87.1 5
87.2 5
87.3 5
87.4 5
87.5 5
87.6 5
87.7 5
87.8 6
87.9 6
88 6
88.1 6
88.2 6
88.3 5
88.4 5
88.5 5
88.6 5
88.7 5
88.8 14
88.9 16
89 18
89.1 19
89.2 19
89.3 20
89.4 24
89.5 26
89.6 32
89.7 37
89.8 38
89.9 42
90 43
90.1 44
90.2 45
90.3 47
90.4 45
90.5 47
90.6 49
90.7 50
90.8 49
90.9 52
91 54
91.1 56
91.2 58
91.3 57
91.4 58
91.5 60
91.6 60
91.7 60
91.8 63
91.9 62
92 63
92.1 67
92.2 67
92.3 68
92.4 71
92.5 73
92.6 70
92.7 65
92.8 64
92.9 61
93 60
93.1 59
93.2 61
93.3 66
93.4 67
93.5 68
93.6 70
93.7 68
93.8 68
93.9 71
94 67
94.1 66
94.2 64
94.3 63
94.4 60
94.5 57
94.6 54
94.7 51
94.8 49
94.9 47
95 44
95.1 42
95.2 39
95.3 35
95.4 34
95.5 30
95.6 27
95.7 24
95.8 22
95.9 22
96 22
96.1 21
96.2 19
96.3 18
96.4 18
96.5 18
96.6 17
96.7 16
96.8 15
96.9 14
97 14
97.1 14
97.2 14
97.3 12
97.4 11
97.5 11
97.6 10
97.7 9
97.8 9
97.9 8
98 8
98.1 7
98.2 6
98.3 6
98.4 5
98.5 5
98.6 5
98.7 5
98.8 5
98.9 5
99 5
99.1 5
99.2 4
99.3 4
99.4 3
99.5 3
99.6 3
99.7 3
99.8 2
99.9 2
100 2
100.1 2
100.2 2
100.3 2
100.4 2
100.5 2
100.6 2
100.7 2
100.8 2
100.9 2
101 2
101.1 2
101.2 2
101.3 2
101.4 2
101.5 2
101.6 2
101.7 1
101.8 1
101.9 1
102 1
102.1 1
102.2 1
102.3 0
102.4 0
102.5 0
102.6 0
102.7 0
102.8 0
102.9 0
103 0
103.1 0
103.2 0
103.3 0
103.4 0
103.5 0
103.6 4
103.7 4
103.8 4
103.9 4
104 4
104.1 4
104.2 4
104.3 4
104.4 3
104.5 2
104.6 2
104.7 2
104.8 2
104.9 1
105 1
105.1 1
105.2 1
105.3 1
105.4 1
105.5 1
105.6 1
105.7 1
105.8 1
105.9 3
106 3
106.1 3
106.2 3
106.3 3
106.4 3
106.5 3
106.6 3
106.7 3
106.8 3
106.9 3
107 4
107.1 4
107.2 4
107.3 4
107.4 3
107.5 5
107.6 5
107.7 5
107.8 6
107.9 7
108 7
108.1 10
108.2 12
108.3 19
108.4 20
108.5 24
108.6 28
108.7 27
108.8 27
108.9 29
109 33
109.1 33
109.2 36
109.3 37
109.4 36
109.5 38
109.6 43
109.7 44
109.8 50
109.9 52
110 57
110.1 56
110.2 53
110.3 54
110.4 55
110.5 62
110.6 64
110.7 63
110.8 65
110.9 65
111 65
111.1 65
111.2 64
111.3 63
111.4 60
111.5 61
111.6 64
111.7 67
111.8 69
111.9 72
112 65
112.1 60
112.2 58
112.3 55
112.4 56
112.5 56
112.6 56
112.7 58
112.8 59
112.9 58
113 57
113.1 57
113.2 59
113.3 55
113.4 54
113.5 51
113.6 49
113.7 49
113.8 47
113.9 45
114 42
114.1 43
114.2 42
114.3 41
114.4 36
114.5 32
114.6 30
114.7 29
114.8 29
114.9 28
115 26
115.1 24
115.2 22
115.3 19
115.4 19
115.5 18
115.6 18
115.7 18
115.8 16
115.9 16
116 16
116.1 15
116.2 15
116.3 15
116.4 15
116.5 15
116.6 14
116.7 14
116.8 13
116.9 11
117 10
117.1 10
117.2 10
117.3 10
117.4 10
117.5 10
117.6 10
117.7 10
117.8 8
117.9 8
118 7
118.1 6
118.2 6
118.3 5
118.4 5
118.5 5
118.6 5
118.7 4
118.8 4
118.9 3
119 3
119.1 3
119.2 3
119.3 3
119.4 3
119.5 4
119.6 3
119.7 3
119.8 3
119.9 3
120 3
120.1 3
120.2 3
120.3 3
120.4 3
120.5 3
120.6 3
120.7 3
120.8 3
120.9 2
121 2
121.1 2
121.2 2
121.3 2
121.4 2
121.5 2
121.6 2
121.7 2
121.8 2
121.9 2
122 2
122.1 2
122.2 2
122.3 2
122.4 2
122.5 1
122.6 1
122.7 1
122.8 1
122.9 1
123 1
123.1 1
123.2 1
123.3 1
123.4 1
123.5 1
123.6 1
123.7 1
123.8 1
123.9 1
124 1
124.1 1
124.2 1
124.3 1
124.4 1
124.5 1
124.6 1
124.7 1
124.8 1
124.9 1
125 1
125.1 1
125.2 1
125.3 1
125.4 1
125.5 1
125.6 1
125.7 1
125.8 1
125.9 1
126 1
126.1 1
126.2 1
126.3 1
126.4 1
126.5 1
126.6 1
126.7 1
126.8 1
126.9 1
127 1
127.1 1
127.2 1
127.3 1
127.4 1
127.5 1
127.6 1
127.7 4
127.8 4
127.9 4
128 4
128.1 4
128.2 4
128.3 4
128.4 3
128.5 3
128.6 3
128.7 3
128.8 3
128.9 3
129 3
129.1 3
129.2 5
129.3 10
129.4 10
129.5 10
129.6 12
129.7 11
129.8 17
129.9 18
130 18
130.1 23
130.2 27
130.3 27
130.4 29
130.5 31
130.6 32
130.7 32
130.8 36
130.9 35
131 38
131.1 41
131.2 46
131.3 49
131.4 51
131.5 56
131.6 54
131.7 53
131.8 52
131.9 53
132 53
132.1 56
132.2 58
132.3 62
132.4 63
132.5 66
132.6 63
132.7 62
132.8 66
132.9 66
133 64
133.1 58
133.2 55
133.3 57
133.4 58
133.5 57
133.6 58
133.7 60
133.8 57
133.9 58
134 60
134.1 58
134.2 59
134.3 57
134.4 56
134.5 58
134.6 56
134.7 54
134.8 52
134.9 48
135 44
135.1 43
135.2 42
135.3 40
135.4 39
135.5 38
135.6 38
135.7 37
135.8 34
135.9 32
136 30
136.1 29
136.2 28
136.3 27
136.4 27
136.5 26
136.6 26
136.7 24
136.8 24
136.9 22
137 20
137.1 19
137.2 19
137.3 18
137.4 17
137.5 17
137.6 16
137.7 15
137.8 14
137.9 14
138 13
138.1 12
138.2 12
138.3 12
138.4 9
138.5 9
138.6 9
138.7 8
138.8 8
138.9 8
139 8
139.1 7
139.2 6
139.3 6
139.4 5
139.5 5
139.6 5
139.7 5
139.8 5
139.9 5
140 5
140.1 5
140.2 5
140.3 5
140.4 5
140.5 5
140.6 3
140.7 3
140.8 3
140.9 3
141 3
141.1 3
141.2 3
141.3 3
141.4 2
141.5 2
141.6 2
141.7 2
141.8 2
141.9 2
142 2
142.1 2
142.2 2
142.3 2
142.4 2
142.5 2
142.6 2
142.7 2
142.8 2
142.9 2
143 2
143.1 2
143.2 2
143.3 2
143.4 2
143.5 2
143.6 2
143.7 2
143.8 2
143.9 2
144 2
144.1 3
144.2 3
144.3 3
144.4 3
144.5 3
144.6 3
144.7 4
144.8 4
144.9 5
145 7
145.1 10
145.2 10
145.3 10
145.4 8
145.5 6
145.6 7
145.7 8
145.8 10
145.9 12
146 14
146.1 15
146.2 18
146.3 19
146.4 20
146.5 21
146.6 22
146.7 26
146.8 28
146.9 24
147 28
147.1 32
147.2 32
147.3 33
147.4 38
147.5 38
147.6 43
147.7 45
147.8 45
147.9 50
148 52
148.1 57
148.2 57
148.3 58
148.4 56
148.5 58
148.6 57
148.7 58
148.8 55
148.9 50
149 52
149.1 56
149.2 63
149.3 63
149.4 60
149.5 56
149.6 55
149.7 54
149.8 51
149.9 56
150 53
150.1 53
150.2 52
150.3 49
150.4 47
150.5 45
150.6 44
150.7 43
150.8 42
150.9 41
151 39
151.1 35
151.2 33
151.3 32
151.4 31
151.5 29
151.6 28
151.7 27
151.8 26
151.9 24
152 23
152.1 23
152.2 23
152.3 22
152.4 22
152.5 20
152.6 19
152.7 19
152.8 19
152.9 18
153 18
153.1 18
153.2 16
153.3 16
153.4 16
153.5 15
153.6 15
153.7 15
153.8 15
153.9 15
154 12
154.1 11
154.2 11
154.3 10
154.4 10
154.5 9
154.6 9
154.7 9
154.8 9
154.9 9
155 9
155.1 9
155.2 9
155.3 9
155.4 8
155.5 8
155.6 8
155.7 8
155.8 8
155.9 8
156 8
156.1 8
156.2 8
156.3 8
156.4 8
156.5 8
156.6 8
156.7 8
156.8 8
156.9 8
157 8
157.1 8
157.2 8
157.3 8
157.4 8
157.5 8
157.6 7
157.7 6
157.8 9
157.9 9
158 8
158.1 8
158.2 8
158.3 7
158.4 7
158.5 7
158.6 7
158.7 7
158.8 6
158.9 6
159 6
159.1 6
159.2 6
159.3 6
159.4 6
159.5 6
159.6 5
159.7 4
159.8 3
159.9 3
160 3
160.1 3
160.2 3
160.3 3
160.4 3
160.5 3
160.6 3
160.7 3
160.8 3
160.9 5
161 5
161.1 5
161.2 5
161.3 5
161.4 5
161.5 5
161.6 5
161.7 2
161.8 2
161.9 2
162 2
162.1 2
162.2 2
162.3 2
162.4 1
162.5 1
162.6 1
162.7 1
162.8 1
162.9 1
163 1
163.1 1
163.2 1
163.3 1
163.4 1
163.5 1
163.6 1
163.7 0
163.8 0
163.9 0
164 0
164.1 0
164.2 0
164.3 0
164.4 0
164.5 0
164.6 0
164.7 0
164.8 0
164.9 0
165 0
165.1 0
165.2 0
165.3 0
165.4 0
165.5 0
165.6 0
165.7 0
165.8 0
165.9 0
166 1
166.1 1
166.2 1
166.3 1
166.4 6
166.5 6
166.6 6
166.7 6
166.8 5
166.9 5
167 5
167.1 5
167.2 5
167.3 5
167.4 5
167.5 5
167.6 5
167.7 5
167.8 5
167.9 5
168 5
168.1 4
168.2 4
168.3 4
168.4 4
168.5 4
168.6 4
168.7 4
168.8 4
168.9 4
169 4
169.1 4
169.2 4
169.3 4
169.4 3
169.5 4
169.6 8
169.7 9
169.8 10
169.9 10
170 11
170.1 12
170.2 10
170.3 11
170.4 13
170.5 14
170.6 14
170.7 17
170.8 18
170.9 21
171 24
171.1 23
171.2 24
171.3 25
171.4 32
171.5 33
171.6 33
171.7 35
171.8 35
171.9 41
172 46
172.1 48
172.2 52
172.3 51
172.4 53
172.5 58
172.6 60
172.7 60
172.8 63
172.9 61
173 63
173.1 61
173.2 60
173.3 62
173.4 63
173.5 61
173.6 58
173.7 59
173.8 57
173.9 56
174 57
174.1 58
174.2 62
174.3 63
174.4 63
174.5 64
174.6 59
174.7 60
174.8 59
174.9 58
175 55
175.1 55
175.2 54
175.3 52
175.4 48
175.5 47
175.6 44
175.7 39
175.8 39
175.9 35
176 31
176.1 28
176.2 27
176.3 27
176.4 25
176.5 25
176.6 23
176.7 23
176.8 21
176.9 21
177 20
177.1 20
177.2 19
177.3 17
177.4 16
177.5 16
177.6 15
177.7 15
177.8 14
177.9 13
178 13
178.1 13
178.2 13
178.3 12
178.4 12
178.5 11
178.6 11
178.7 9
178.8 9
178.9 9
179 8
179.1 8
179.2 8
179.3 8
179.4 7
179.5 7
179.6 7
179.7 7
179.8 6
179.9 6
180 5
180.1 4
180.2 4
180.3 4
180.4 4
180.5 3
180.6 3
180.7 3
180.8 3
180.9 3
181 3
181.1 3
181.2 3
181.3 4
181.4 4
181.5 4
181.6 3
181.7 3
181.8 2
181.9 2
182 2
182.1 2
182.2 2
182.3 2
182.4 2
182.5 2
182.6 2
182.7 2
182.8 2
182.9 1
183 1
183.1 1
183.2 1
183.3 1
183.4 1
183.5 1
183.6 2
183.7 2
183.8 1
183.9 1
184 0
184.1 0
184.2 0
184.3 0
184.4 0
184.5 0
184.6 0
184.7 0
184.8 0
184.9 0
185 0
185.1 0
185.2 0
185.3 0
185.4 0
185.5 0
185.6 0
185.7 0
185.8 0
185.9 0
186 0
186.1 0
186.2 0
186.3 0
186.4 0
186.5 0
186.6 1
186.7 1
186.8 1
186.9 1
187 1
187.1 1
187.2 1
187.3 1
187.4 1
187.5 1
187.6 1
187.7 1
187.8 1
187.9 1
188 1
188.1 1
188.2 1
188.3 1
188.4 1
188.5 1
188.6 1
188.7 1
188.8 2
188.9 2
189 2
189.1 4
189.2 4
189.3 5
189.4 5
189.5 5
189.6 7
189.7 7
189.8 9
189.9 15
190 17
190.1 15
190.2 17
190.3 21
190.4 24
190.5 26
190.6 28
190.7 27
190.8 29
190.9 30
191 30
191.1 32
191.2 32
191.3 31
191.4 31
191.5 35
191.6 40
191.7 47
191.8 49
191.9 48
192 48
192.1 51
192.2 54
192.3 55
192.4 56
192.5 58
192.6 61
192.7 63
192.8 59
192.9 58
193 59
193.1 62
193.2 61
193.3 64
193.4 64
193.5 68
193.6 66
193.7 70
193.8 71
193.9 73
194 73
194.1 71
194.2 72
194.3 72
194.4 76
194.5 84
194.6 81
194.7 82
194.8 78
194.9 78
195 77
195.1 76
195.2 72
195.3 71
195.4 64
195.5 57
195.6 55
195.7 50
195.8 46
195.9 46
196 44
196.1 43
196.2 41
196.3 38
196.4 37
196.5 37
196.6 36
196.7 35
196.8 31
196.9 28
197 28
197.1 24
197.2 23
197.3 22
197.4 21
197.5 19
197.6 19
197.7 17
197.8 17
197.9 15
198 14
198.1 12
198.2 9
198.3 9
198.4 9
198.5 9
198.6 9
198.7 9
198.8 8
198.9 8
199 8
199.1 8
199.2 8
199.3 7
199.4 6
199.5 5
199.6 5
199.7 5
199.8 5
199.9 5
200 5
