0 0
0.1 0
0.2 0
0.3 0
0.4 0
0.5 0
0.6 0
0.7 2
0.8 3
0.9 7
1 8
1.1 11
1.2 11
1.3 12
1.4 17
1.5 27
1.6 39
1.7 47
1.8 52
1.9 56
2 72
2.1 83
2.2 95
2.3 101
2.4 108
2.5 125
2.6 144
2.7 159
2.8 181
2.9 211
3 241
3.1 261
3.2 274
3.3 302
3.4 341
3.5 366
3.6 397
3.7 427
3.8 453
3.9 490
4 516
4.1 545
4.2 581
4.3 604
4.4 629
4.5 666
4.6 698
4.7 727
4.8 756
4.9 787
5 821
5.1 852
5.2 873
5.3 909
5.4 940
5.5 964
5.6 1002
5.7 1033
5.8 1080
5.9 1120
6 1153
6.1 1201
6.2 1235
6.3 1256
6.4 1284
6.5 1318
6.6 1357
6.7 1391
6.8 1416
6.9 1441
7 1469
7.1 1501
7.2 1525
7.3 1565
7.4 1582
7.5 1625
7.6 1656
7.7 1683
7.8 1708
7.9 1725
8 1707
8.1 1688
8.2 1676
8.3 1608
8.4 1544
8.5 1453
8.6 1375
8.7 1311
8.8 1225
8.9 1123
9 1027
9.1 954
9.2 887
9.3 815
9.4 766
9.5 714
9.6 637
9.7 600
9.8 587
9.9 563
10 539
10.1 508
10.2 500
10.3 492
10.4 464
10.5 451
10.6 445
10.7 441
10.8 430
10.9 411
11 393
11.1 363
11.2 338
11.3 326
11.4 310
11.5 310
11.6 285
11.7 284
11.8 293
11.9 304
12 333
12.1 326
12.2 335
12.3 320
12.4 316
12.5 311
12.6 311
12.7 313
12.8 300
12.9 297
13 291
13.1 282
13.2 286
13.3 286
13.4 281
13.5 281
13.6 267
13.7 255
13.8 254
13.9 250
14 249
14.1 237
14.2 226
14.3 236
14.4 238
14.5 239
14.6 225
14.7 207
14.8 203
14.9 206
15 205
15.1 223
15.2 233
15.3 231
15.4 229
15.5 235
15.6 245
15.7 261
15.8 247
15.9 250
16 262
16.1 249
16.2 237
16.3 231
16.4 235
16.5 240
16.6 241
16.7 244
16.8 237
16.9 220
17 206
17.1 210
17.2 202
17.3 189
17.4 195
17.5 188
17.6 188
17.7 189
17.8 192
17.9 194
18 208
18.1 197
18.2 203
18.3 200
18.4 200
18.5 212
18.6 212
18.7 208
18.8 229
18.9 239
19 241
19.1 233
19.2 242
19.3 242
19.4 241
19.5 240
19.6 238
19.7 237
19.8 225
19.9 223
20 216
20.1 219
20.2 216
20.3 227
20.4 221
20.5 229
20.6 226
20.7 229
20.8 253
20.9 257
21 272
21.1 278
21.2 269
21.3 255
21.4 245
21.5 264
21.6 305
21.7 305
21.8 300
21.9 280
22 275
22.1 266
22.2 258
22.3 265
22.4 292
22.5 307
22.6 286
22.7 283
22.8 281
22.9 304
23 324
23.1 346
23.2 343
23.3 393
23.4 419
23.5 418
23.6 441
23.7 455
23.8 461
23.9 469
24 479
24.1 489
24.2 506
24.3 512
24.4 533
24.5 550
24.6 561
24.7 580
24.8 594
24.9 611
25 635
25.1 653
25.2 665
25.3 687
25.4 717
25.5 735
25.6 765
25.7 789
25.8 819
25.9 842
26 888
26.1 915
26.2 941
26.3 967
26.4 993
26.5 1020
26.6 1050
26.7 1080
26.8 1107
26.9 1141
27 1159
27.1 1190
27.2 1228
27.3 1254
27.4 1288
27.5 1307
27.6 1332
27.7 1354
27.8 1373
27.9 1407
28 1442
28.1 1469
28.2 1493
28.3 1529
28.4 1546
28.5 1574
28.6 1592
28.7 1617
28.8 1643
28.9 1660
29 1677
29.1 1686
29.2 1708
29.3 1689
29.4 1661
29.5 1595
29.6 1496
29.7 1396
29.8 1308
29.9 1220
30 1146
30.1 1042
30.2 935
30.3 874
30.4 814
30.5 745
30.6 677
30.7 641
30.8 600
30.9 578
31 541
31.1 511
31.2 481
31.3 452
31.4 414
31.5 382
31.6 387
31.7 378
31.8 431
31.9 474
32 481
32.1 460
32.2 428
32.3 397
32.4 386
32.5 370
32.6 378
32.7 385
32.8 446
32.9 493
33 517
33.1 504
33.2 482
33.3 496
33.4 488
33.5 473
33.6 451
33.7 426
33.8 428
33.9 420
34 396
34.1 377
34.2 361
34.3 362
34.4 336
34.5 321
34.6 318
34.7 328
34.8 328
34.9 334
35 344
35.1 346
35.2 361
35.3 378
35.4 354
35.5 342
35.6 315
35.7 286
35.8 272
35.9 260
36 255
36.1 266
36.2 276
36.3 268
36.4 262
36.5 258
36.6 249
36.7 249
36.8 250
36.9 251
37 272
37.1 278
37.2 292
37.3 282
37.4 284
37.5 267
37.6 247
37.7 232
37.8 223
37.9 212
38 204
38.1 208
38.2 208
38.3 204
38.4 199
38.5 195
38.6 192
38.7 211
38.8 229
38.9 288
39 330
39.1 349
39.2 357
39.3 329
39.4 309
39.5 321
39.6 320
39.7 306
39.8 315
39.9 406
40 483
40.1 523
40.2 562
40.3 556
40.4 539
40.5 521
40.6 489
40.7 482
40.8 500
40.9 503
41 524
41.1 530
41.2 510
41.3 481
41.4 472
41.5 445
41.6 429
41.7 419
41.8 394
41.9 397
42 384
42.1 373
42.2 365
42.3 368
42.4 363
42.5 373
42.6 367
42.7 373
42.8 368
42.9 338
43 318
43.1 295
43.2 274
43.3 272
43.4 274
43.5 280
43.6 287
43.7 295
43.8 310
43.9 294
44 289
44.1 271
44.2 288
44.3 291
44.4 288
44.5 292
44.6 274
44.7 258
44.8 253
44.9 236
45 224
45.1 238
45.2 256
45.3 268
45.4 282
45.5 293
45.6 290
45.7 284
45.8 282
45.9 256
46 252
46.1 249
46.2 257
46.3 264
46.4 289
46.5 324
46.6 352
46.7 375
46.8 384
46.9 378
47 366
47.1 361
47.2 383
47.3 405
47.4 411
47.5 426
47.6 423
47.7 423
47.8 435
47.9 447
48 452
48.1 455
48.2 470
48.3 488
48.4 508
48.5 526
48.6 539
48.7 550
48.8 572
48.9 594
49 614
49.1 642
49.2 661
49.3 689
49.4 721
49.5 759
49.6 778
49.7 812
49.8 836
49.9 877
50 915
50.1 944
50.2 970
50.3 997
50.4 1038
50.5 1075
50.6 1093
50.7 1146
50.8 1170
50.9 1201
51 1229
51.1 1261
51.2 1286
51.3 1323
51.4 1336
51.5 1384
51.6 1402
51.7 1425
51.8 1457
51.9 1477
52 1504
52.1 1521
52.2 1535
52.3 1567
52.4 1591
52.5 1615
52.6 1629
52.7 1649
52.8 1661
52.9 1686
53 1690
53.1 1675
53.2 1680
53.3 1634
53.4 1533
53.5 1411
53.6 1312
53.7 1256
53.8 1163
53.9 1087
54 1001
54.1 930
54.2 869
54.3 828
54.4 765
54.5 712
54.6 652
54.7 617
54.8 588
54.9 567
55 530
55.1 494
55.2 469
55.3 429
55.4 436
55.5 413
55.6 391
55.7 376
55.8 364
55.9 344
56 340
56.1 334
56.2 343
56.3 359
56.4 373
56.5 378
56.6 379
56.7 385
56.8 373
56.9 351
57 326
57.1 305
57.2 292
57.3 282
57.4 288
57.5 293
57.6 293
57.7 282
57.8 264
57.9 249
58 231
58.1 229
58.2 223
58.3 277
58.4 280
58.5 298
58.6 365
58.7 458
58.8 460
58.9 550
59 647
59.1 662
59.2 646
59.3 607
59.4 570
59.5 544
59.6 520
59.7 492
59.8 485
59.9 488
60 467
60.1 484
60.2 487
60.3 488
60.4 481
60.5 474
60.6 444
60.7 431
60.8 412
60.9 398
61 379
61.1 360
61.2 344
61.3 337
61.4 322
61.5 312
61.6 301
61.7 288
61.8 281
61.9 279
62 282
62.1 277
62.2 259
62.3 243
62.4 247
62.5 251
62.6 253
62.7 244
62.8 239
62.9 251
63 246
63.1 233
63.2 251
63.3 265
63.4 273
63.5 259
63.6 260
63.7 262
63.8 292
63.9 323
64 362
64.1 381
64.2 371
64.3 348
64.4 344
64.5 336
64.6 351
64.7 346
64.8 345
64.9 336
65 334
65.1 315
65.2 312
65.3 304
65.4 296
65.5 291
65.6 302
65.7 301
65.8 303
65.9 296
66 281
66.1 278
66.2 286
66.3 286
66.4 292
66.5 280
66.6 278
66.7 281
66.8 258
66.9 274
67 311
67.1 375
67.2 406
67.3 423
67.4 422
67.5 431
67.6 430
67.7 419
67.8 412
67.9 436
68 443
68.1 452
68.2 488
68.3 493
68.4 498
68.5 500
68.6 503
68.7 510
68.8 516
68.9 523
69 531
69.1 537
69.2 545
69.3 551
69.4 562
69.5 573
69.6 583
69.7 595
69.8 604
69.9 615
70 628
70.1 634
70.2 643
70.3 662
70.4 691
70.5 712
70.6 737
70.7 754
70.8 782
70.9 797
71 814
71.1 834
71.2 859
71.3 875
71.4 903
71.5 930
71.6 956
71.7 981
71.8 1006
71.9 1035
72 1060
72.1 1073
72.2 1101
72.3 1120
72.4 1139
72.5 1160
72.6 1181
72.7 1198
72.8 1213
72.9 1263
73 1286
73.1 1312
73.2 1326
73.3 1360
73.4 1387
73.5 1411
73.6 1431
73.7 1453
73.8 1485
73.9 1514
74 1531
74.1 1553
74.2 1572
74.3 1596
74.4 1598
74.5 1622
74.6 1633
74.7 1622
74.8 1574
74.9 1460
75 1317
75.1 1210
75.2 1118
75.3 1051
75.4 973
75.5 900
75.6 822
75.7 766
75.8 707
75.9 655
76 622
76.1 595
76.2 584
76.3 562
76.4 550
76.5 548
76.6 525
76.7 489
76.8 458
76.9 421
77 397
77.1 365
77.2 357
77.3 347
77.4 343
77.5 331
77.6 306
77.7 287
77.8 288
77.9 289
78 282
78.1 295
78.2 280
78.3 271
78.4 262
78.5 267
78.6 282
78.7 281
78.8 251
78.9 246
79 237
79.1 225
79.2 211
79.3 209
79.4 209
79.5 221
79.6 217
79.7 217
79.8 206
79.9 199
80 235
80.1 262
80.2 269
80.3 256
80.4 255
80.5 238
80.6 230
80.7 215
80.8 217
80.9 224
81 218
81.1 209
81.2 193
81.3 187
81.4 181
81.5 193
81.6 193
81.7 203
81.8 207
81.9 226
82 235
82.1 231
82.2 230
82.3 223
82.4 225
82.5 224
82.6 230
82.7 237
82.8 237
82.9 240
83 240
83.1 237
83.2 226
83.3 221
83.4 221
83.5 217
83.6 225
83.7 201
83.8 202
83.9 198
84 194
84.1 208
84.2 214
84.3 223
84.4 253
84.5 255
84.6 259
84.7 254
84.8 253
84.9 241
85 246
85.1 251
85.2 243
85.3 233
85.4 224
85.5 211
85.6 205
85.7 203
85.8 203
85.9 200
86 192
86.1 204
86.2 208
86.3 213
86.4 236
86.5 282
86.6 394
86.7 472
86.8 503
86.9 510
87 518
87.1 515
87.2 521
87.3 528
87.4 548
87.5 557
87.6 576
87.7 587
87.8 612
87.9 632
88 665
88.1 684
88.2 705
88.3 728
88.4 751
88.5 787
88.6 816
88.7 837
88.8 868
88.9 893
89 922
89.1 941
89.2 966
89.3 1007
89.4 1028
89.5 1056
89.6 1084
89.7 1124
89.8 1152
89.9 1174
90 1199
90.1 1233
90.2 1271
90.3 1308
90.4 1334
90.5 1370
90.6 1398
90.7 1432
90.8 1474
90.9 1497
91 1536
91.1 1563
91.2 1589
91.3 1616
91.4 1651
91.5 1676
91.6 1687
91.7 1708
91.8 1742
91.9 1751
92 1732
92.1 1705
92.2 1706
92.3 1699
92.4 1633
92.5 1532
92.6 1427
92.7 1323
92.8 1205
92.9 1110
93 1026
93.1 956
93.2 885
93.3 818
93.4 752
93.5 670
93.6 609
93.7 566
93.8 524
93.9 506
94 477
94.1 463
94.2 448
94.3 442
94.4 410
94.5 391
94.6 373
94.7 488
94.8 564
94.9 581
95 589
95.1 548
95.2 517
95.3 496
95.4 484
95.5 465
95.6 452
95.7 415
95.8 387
95.9 376
96 348
96.1 336
96.2 326
96.3 336
96.4 349
96.5 344
96.6 327
96.7 329
96.8 323
96.9 306
97 285
97.1 280
97.2 288
97.3 282
97.4 284
97.5 300
97.6 293
97.7 292
97.8 296
97.9 293
98 300
98.1 301
98.2 299
98.3 284
98.4 273
98.5 275
98.6 283
98.7 267
98.8 256
98.9 241
99 245
99.1 237
99.2 228
99.3 220
99.4 210
99.5 202
99.6 197
99.7 204
99.8 216
99.9 216
100 211
100.1 227
100.2 257
100.3 266
100.4 262
100.5 250
100.6 259
100.7 249
100.8 239
100.9 237
101 238
101.1 254
101.2 243
101.3 247
101.4 246
101.5 233
101.6 237
101.7 236
101.8 230
101.9 223
102 228
102.1 219
102.2 206
102.3 203
102.4 198
102.5 209
102.6 201
102.7 198
102.8 189
102.9 183
103 180
103.1 192
103.2 205
103.3 203
103.4 202
103.5 215
103.6 239
103.7 330
103.8 399
103.9 419
104 402
104.1 393
104.2 399
104.3 386
104.4 407
104.5 436
104.6 440
104.7 435
104.8 425
104.9 440
105 424
105.1 421
105.2 412
105.3 416
105.4 405
105.5 399
105.6 380
105.7 350
105.8 315
105.9 297
106 276
106.1 337
106.2 404
106.3 466
106.4 488
106.5 492
106.6 502
106.7 497
106.8 511
106.9 513
107 518
107.1 531
107.2 541
107.3 539
107.4 540
107.5 555
107.6 558
107.7 573
107.8 576
107.9 585
108 597
108.1 610
108.2 623
108.3 633
108.4 643
108.5 664
108.6 684
108.7 709
108.8 726
108.9 741
109 755
109.1 776
109.2 791
109.3 811
109.4 826
109.5 846
109.6 867
109.7 894
109.8 914
109.9 941
110 974
110.1 994
110.2 1023
110.3 1052
110.4 1082
110.5 1115
110.6 1133
110.7 1167
110.8 1187
110.9 1213
111 1232
111.1 1276
111.2 1304
111.3 1335
111.4 1374
111.5 1400
111.6 1419
111.7 1452
111.8 1469
111.9 1487
112 1485
112.1 1421
112.2 1347
112.3 1231
112.4 1138
112.5 1074
112.6 1006
112.7 936
112.8 877
112.9 847
113 802
113.1 760
113.2 690
113.3 639
113.4 605
113.5 588
113.6 571
113.7 623
113.8 732
113.9 769
114 754
114.1 709
114.2 667
114.3 616
114.4 604
114.5 621
114.6 606
114.7 582
114.8 567
114.9 513
115 490
115.1 460
115.2 437
115.3 418
115.4 397
115.5 372
115.6 344
115.7 334
115.8 338
115.9 345
116 345
116.1 343
116.2 329
116.3 315
116.4 293
116.5 272
116.6 275
116.7 281
116.8 264
116.9 264
117 247
117.1 246
117.2 234
117.3 228
117.4 234
117.5 256
117.6 271
117.7 293
117.8 304
117.9 315
118 306
118.1 285
118.2 270
118.3 252
118.4 249
118.5 233
118.6 219
118.7 208
118.8 240
118.9 288
119 293
119.1 283
119.2 266
119.3 242
119.4 240
119.5 257
119.6 263
119.7 254
119.8 247
119.9 257
120 268
120.1 268
120.2 267
120.3 266
120.4 301
120.5 305
120.6 305
120.7 296
120.8 352
120.9 399
121 404
121.1 395
121.2 377
121.3 360
121.4 390
121.5 390
121.6 372
121.7 356
121.8 348
121.9 339
122 336
122.1 346
122.2 325
122.3 326
122.4 328
122.5 318
122.6 308
122.7 308
122.8 320
122.9 326
123 319
123.1 341
123.2 340
123.3 329
123.4 315
123.5 297
123.6 281
123.7 279
123.8 275
123.9 265
124 252
124.1 222
124.2 205
124.3 214
124.4 210
124.5 207
124.6 212
124.7 206
124.8 197
124.9 190
125 189
125.1 179
125.2 179
125.3 176
125.4 190
125.5 203
125.6 214
125.7 220
125.8 222
125.9 217
126 219
126.1 215
126.2 210
126.3 216
126.4 224
126.5 225
126.6 216
126.7 208
126.8 212
126.9 201
127 204
127.1 209
127.2 209
127.3 204
127.4 200
127.5 196
127.6 237
127.7 236
127.8 230
127.9 216
128 207
128.1 210
128.2 229
128.3 228
128.4 254
128.5 262
128.6 255
128.7 253
128.8 294
128.9 311
129 331
129.1 350
129.2 356
129.3 360
129.4 349
129.5 365
129.6 378
129.7 381
129.8 385
129.9 394
130 405
130.1 395
130.2 408
130.3 416
130.4 426
130.5 441
130.6 442
130.7 457
130.8 474
130.9 480
131 500
131.1 508
131.2 528
131.3 543
131.4 566
131.5 583
131.6 607
131.7 622
131.8 641
131.9 655
132 683
132.1 701
132.2 729
132.3 751
132.4 781
132.5 804
132.6 829
132.7 853
132.8 886
132.9 921
133 945
133.1 986
133.2 1012
133.3 1048
133.4 1085
133.5 1123
133.6 1151
133.7 1179
133.8 1220
133.9 1247
134 1275
134.1 1315
134.2 1353
134.3 1391
134.4 1424
134.5 1443
134.6 1492
134.7 1522
134.8 1557
134.9 1581
135 1603
135.1 1620
135.2 1641
135.3 1637
135.4 1660
135.5 1603
135.6 1515
135.7 1407
135.8 1283
135.9 1199
136 1100
136.1 1019
136.2 943
136.3 866
136.4 808
136.5 748
136.6 702
136.7 663
136.8 659
136.9 617
137 584
137.1 566
137.2 568
137.3 592
137.4 559
137.5 532
137.6 495
137.7 478
137.8 452
137.9 417
138 395
138.1 366
138.2 367
138.3 359
138.4 346
138.5 358
138.6 342
138.7 337
138.8 344
138.9 340
139 330
139.1 308
139.2 295
139.3 304
139.4 299
139.5 288
139.6 287
139.7 298
139.8 319
139.9 317
140 319
140.1 313
140.2 301
140.3 287
140.4 274
140.5 272
140.6 273
140.7 266
140.8 262
140.9 270
141 271
141.1 283
141.2 361
141.3 397
141.4 411
141.5 398
141.6 379
141.7 354
141.8 339
141.9 337
142 323
142.1 290
142.2 268
142.3 262
142.4 260
142.5 268
142.6 281
142.7 286
142.8 277
142.9 263
143 248
143.1 247
143.2 240
143.3 243
143.4 252
143.5 253
143.6 253
143.7 253
143.8 242
143.9 229
144 223
144.1 233
144.2 227
144.3 220
144.4 286
144.5 352
144.6 366
144.7 396
144.8 435
144.9 455
145 454
145.1 440
145.2 472
145.3 527
145.4 529
145.5 519
145.6 495
145.7 448
145.8 414
145.9 384
146 359
146.1 362
146.2 355
146.3 357
146.4 341
146.5 348
146.6 346
146.7 342
146.8 350
146.9 349
147 333
147.1 341
147.2 356
147.3 364
147.4 362
147.5 381
147.6 391
147.7 373
147.8 374
147.9 357
148 354
148.1 350
148.2 346
148.3 348
148.4 342
148.5 330
148.6 322
148.7 338
148.8 325
148.9 320
149 310
149.1 295
149.2 307
149.3 304
149.4 309
149.5 320
149.6 332
149.7 330
149.8 339
149.9 342
150 360
150.1 369
150.2 370
150.3 378
150.4 387
150.5 380
150.6 381
150.7 378
150.8 368
150.9 337
151 321
151.1 307
151.2 296
151.3 292
151.4 304
151.5 315
151.6 325
151.7 321
151.8 327
151.9 309
152 285
152.1 265
152.2 289
152.3 324
152.4 344
152.5 360
152.6 356
152.7 413
152.8 439
152.9 461
153 470
153.1 471
153.2 473
153.3 473
153.4 477
153.5 482
153.6 486
153.7 493
153.8 498
153.9 506
154 516
154.1 526
154.2 543
154.3 555
154.4 572
154.5 598
154.6 617
154.7 636
154.8 660
154.9 674
155 696
155.1 720
155.2 739
155.3 750
155.4 765
155.5 795
155.6 822
155.7 852
155.8 878
155.9 905
156 924
156.1 949
156.2 976
156.3 1004
156.4 1027
156.5 1045
156.6 1075
156.7 1104
156.8 1137
156.9 1168
157 1182
157.1 1212
157.2 1235
157.3 1277
157.4 1304
157.5 1321
157.6 1357
157.7 1386
157.8 1423
157.9 1448
158 1478
158.1 1517
158.2 1541
158.3 1555
158.4 1565
158.5 1585
158.6 1602
158.7 1631
158.8 1621
158.9 1644
159 1648
159.1 1568
159.2 1473
159.3 1376
159.4 1285
159.5 1190
159.6 1107
159.7 1019
159.8 924
159.9 865
160 804
160.1 756
160.2 736
160.3 713
160.4 665
160.5 632
160.6 608
160.7 574
160.8 548
160.9 519
161 491
161.1 485
161.2 443
161.3 427
161.4 415
161.5 386
161.6 369
161.7 358
161.8 347
161.9 360
162 365
162.1 360
162.2 350
162.3 326
162.4 318
162.5 309
162.6 306
162.7 300
162.8 288
162.9 280
163 276
163.1 289
163.2 295
163.3 273
163.4 249
163.5 233
163.6 225
163.7 221
163.8 222
163.9 217
164 211
164.1 200
164.2 188
164.3 184
164.4 182
164.5 198
164.6 203
164.7 220
164.8 242
164.9 243
165 235
165.1 231
165.2 235
165.3 221
165.4 206
165.5 205
165.6 211
165.7 200
165.8 193
165.9 202
166 225
166.1 238
166.2 247
166.3 252
166.4 263
166.5 270
166.6 270
166.7 284
166.8 284
166.9 273
167 268
167.1 259
167.2 253
167.3 275
167.4 287
167.5 307
167.6 311
167.7 288
167.8 294
167.9 303
168 288
168.1 290
168.2 272
168.3 247
168.4 248
168.5 255
168.6 251
168.7 248
168.8 234
168.9 242
169 269
169.1 266
169.2 267
169.3 257
169.4 256
169.5 263
169.6 279
169.7 280
169.8 259
169.9 251
170 247
170.1 250
170.2 262
170.3 269
170.4 248
170.5 232
170.6 224
170.7 232
170.8 225
170.9 229
171 220
171.1 208
171.2 196
171.3 205
171.4 202
171.5 189
171.6 208
171.7 225
171.8 236
171.9 247
172 241
172.1 234
172.2 250
172.3 255
172.4 264
172.5 243
172.6 236
172.7 239
172.8 242
172.9 232
173 230
173.1 228
173.2 225
173.3 236
173.4 230
173.5 236
173.6 243
173.7 245
173.8 242
173.9 239
174 231
174.1 236
174.2 255
174.3 256
174.4 254
174.5 254
174.6 262
174.7 261
174.8 253
174.9 247
175 251
175.1 255
175.2 260
175.3 265
175.4 276
175.5 273
175.6 269
175.7 276
175.8 269
175.9 265
176 252
176.1 254
176.2 242
176.3 220
176.4 213
176.5 207
176.6 221
176.7 209
176.8 215
176.9 214
177 204
177.1 210
177.2 226
177.3 225
177.4 214
177.5 222
177.6 242
177.7 262
177.8 269
177.9 256
178 246
178.1 245
178.2 260
178.3 272
178.4 281
178.5 315
178.6 335
178.7 347
178.8 349
178.9 344
179 350
179.1 359
179.2 364
179.3 371
179.4 380
179.5 391
179.6 403
179.7 420
179.8 431
179.9 444
180 456
180.1 477
180.2 488
180.3 504
180.4 532
180.5 549
180.6 576
180.7 594
180.8 614
180.9 627
181 642
181.1 657
181.2 674
181.3 697
181.4 715
181.5 732
181.6 751
181.7 781
181.8 801
181.9 816
182 848
182.1 882
182.2 912
182.3 939
182.4 967
182.5 1000
182.6 1030
182.7 1059
182.8 1088
182.9 1116
183 1153
183.1 1198
183.2 1220
183.3 1253
183.4 1275
183.5 1297
183.6 1330
183.7 1358
183.8 1386
183.9 1421
184 1437
184.1 1457
184.2 1469
184.3 1497
184.4 1505
184.5 1519
184.6 1539
184.7 1553
184.8 1560
184.9 1568
185 1585
185.1 1543
185.2 1477
185.3 1360
185.4 1283
185.5 1203
185.6 1115
185.7 1056
185.8 979
185.9 916
186 858
186.1 814
186.2 750
186.3 739
186.4 764
186.5 728
186.6 672
186.7 644
186.8 620
186.9 602
187 554
187.1 512
187.2 475
187.3 463
187.4 453
187.5 433
187.6 419
187.7 412
187.8 395
187.9 400
188 379
188.1 355
188.2 335
188.3 326
188.4 321
188.5 310
188.6 292
188.7 287
188.8 276
188.9 277
189 275
189.1 280
189.2 278
189.3 293
189.4 307
189.5 299
189.6 304
189.7 305
189.8 314
189.9 314
190 299
190.1 311
190.2 312
190.3 333
190.4 342
190.5 344
190.6 350
190.7 341
190.8 342
190.9 323
191 305
191.1 291
191.2 272
191.3 264
191.4 258
191.5 242
191.6 241
191.7 242
191.8 265
191.9 306
192 314
192.1 302
192.2 299
192.3 295
192.4 281
192.5 263
192.6 263
192.7 280
192.8 296
192.9 292
193 299
193.1 316
193.2 322
193.3 325
193.4 321
193.5 304
193.6 306
193.7 317
193.8 320
193.9 324
194 328
194.1 314
194.2 331
194.3 333
194.4 315
194.5 301
194.6 295
194.7 309
194.8 326
194.9 326
195 335
195.1 333
195.2 326
195.3 316
195.4 298
195.5 278
195.6 281
195.7 278
195.8 278
195.9 276
196 261
196.1 290
196.2 287
196.3 290
196.4 301
196.5 289
196.6 275
196.7 267
196.8 274
196.9 281
197 287
197.1 282
197.2 285
197.3 288
197.4 300
197.5 320
197.6 328
197.7 324
197.8 323
197.9 309
198 301
198.1 308
198.2 306
198.3 299
198.4 298
198.5 295
198.6 278
198.7 316
198.8 394
198.9 428
199 438
199.1 441
199.2 468
199.3 485
199.4 499
199.5 511
199.6 516
199.7 528
199.8 530
199.9 544
200 550
