0 0
0.1 0
0.2 0
0.3 0
0.4 0
0.5 0
0.6 0
0.7 5
0.8 8
0.9 11
1 20
1.1 25
1.2 37
1.3 48
1.4 63
1.5 76
1.6 93
1.7 118
1.8 135
1.9 149
2 167
2.1 185
2.2 210
2.3 222
2.4 240
2.5 257
2.6 275
2.7 301
2.8 323
2.9 345
3 370
3.1 389
3.2 402
3.3 420
3.4 443
3.5 471
3.6 495
3.7 524
3.8 560
3.9 585
4 619
4.1 656
4.2 681
4.3 712
4.4 732
4.5 766
4.6 804
4.7 832
4.8 862
4.9 887
5 910
5.1 937
5.2 965
5.3 995
5.4 1023
5.5 1054
5.6 1085
5.7 1116
5.8 1142
5.9 1175
6 1205
6.1 1250
6.2 1275
6.3 1314
6.4 1353
6.5 1384
6.6 1418
6.7 1453
6.8 1474
6.9 1506
7 1531
7.1 1561
7.2 1588
7.3 1619
7.4 1636
7.5 1660
7.6 1701
7.7 1717
7.8 1714
7.9 1688
8 1700
8.1 1607
8.2 1484
8.3 1360
8.4 1255
8.5 1146
8.6 1055
8.7 980
8.8 920
8.9 878
9 831
9.1 770
9.2 728
9.3 654
9.4 614
9.5 591
9.6 564
9.7 514
9.8 480
9.9 456
10 458
10.1 446
10.2 440
10.3 437
10.4 434
10.5 433
10.6 424
10.7 414
10.8 399
10.9 366
11 360
11.1 334
11.2 321
11.3 319
11.4 306
11.5 319
11.6 321
11.7 315
11.8 304
11.9 303
12 299
12.1 302
12.2 298
12.3 287
12.4 269
12.5 259
12.6 258
12.7 255
12.8 270
12.9 269
13 266
13.1 272
13.2 280
13.3 303
13.4 316
13.5 307
13.6 332
13.7 342
13.8 344
13.9 325
14 334
14.1 354
14.2 358
14.3 358
14.4 352
14.5 345
14.6 322
14.7 295
14.8 301
14.9 291
15 290
15.1 291
15.2 299
15.3 287
15.4 273
15.5 266
15.6 267
15.7 259
15.8 261
15.9 254
16 253
16.1 234
16.2 214
16.3 201
16.4 193
16.5 190
16.6 219
16.7 236
16.8 221
16.9 221
17 224
17.1 219
17.2 214
17.3 212
17.4 207
17.5 195
17.6 202
17.7 199
17.8 237
17.9 257
18 281
18.1 290
18.2 304
18.3 301
18.4 312
18.5 320
18.6 311
18.7 330
18.8 313
18.9 327
19 341
19.1 324
19.2 320
19.3 304
19.4 288
19.5 280
19.6 279
19.7 288
19.8 283
19.9 283
20 269
20.1 270
20.2 264
20.3 254
20.4 234
20.5 236
20.6 246
20.7 260
20.8 262
20.9 240
21 225
21.1 218
21.2 212
21.3 211
21.4 236
21.5 235
21.6 243
21.7 243
21.8 225
21.9 202
22 201
22.1 203
22.2 206
22.3 213
22.4 235
22.5 235
22.6 227
22.7 221
22.8 206
22.9 213
23 201
23.1 210
23.2 224
23.3 220
23.4 218
23.5 207
23.6 215
23.7 230
23.8 244
23.9 244
24 242
24.1 242
24.2 231
24.3 241
24.4 261
24.5 266
24.6 274
24.7 272
24.8 275
24.9 326
25 352
25.1 365
25.2 375
25.3 375
25.4 377
25.5 387
25.6 387
25.7 391
25.8 406
25.9 409
26 425
26.1 428
26.2 437
26.3 446
26.4 458
26.5 469
26.6 482
26.7 497
26.8 510
26.9 525
27 549
27.1 568
27.2 590
27.3 609
27.4 627
27.5 655
27.6 679
27.7 699
27.8 720
27.9 747
28 772
28.1 799
28.2 826
28.3 844
28.4 884
28.5 918
28.6 950
28.7 992
28.8 1040
28.9 1067
29 1106
29.1 1144
29.2 1175
29.3 1201
29.4 1236
29.5 1266
29.6 1292
29.7 1313
29.8 1337
29.9 1359
30 1389
30.1 1424
30.2 1450
30.3 1478
30.4 1500
30.5 1521
30.6 1548
30.7 1566
30.8 1588
30.9 1609
31 1614
31.1 1614
31.2 1600
31.3 1565
31.4 1490
31.5 1390
31.6 1262
31.7 1148
31.8 1045
31.9 967
32 906
32.1 843
32.2 805
32.3 758
32.4 733
32.5 715
32.6 663
32.7 641
32.8 627
32.9 592
33 554
33.1 551
33.2 517
33.3 481
33.4 475
33.5 442
33.6 431
33.7 418
33.8 396
33.9 377
34 357
34.1 344
34.2 328
34.3 304
34.4 284
34.5 271
34.6 248
34.7 245
34.8 238
34.9 240
35 239
35.1 244
35.2 255
35.3 283
35.4 281
35.5 271
35.6 264
35.7 251
35.8 255
35.9 242
36 238
36.1 222
36.2 242
36.3 253
36.4 286
36.5 285
36.6 279
36.7 267
36.8 255
36.9 252
37 259
37.1 261
37.2 264
37.3 249
37.4 232
37.5 241
37.6 263
37.7 275
37.8 276
37.9 270
38 278
38.1 284
38.2 271
38.3 262
38.4 257
38.5 249
38.6 234
38.7 222
38.8 221
38.9 211
39 204
39.1 222
39.2 253
39.3 273
39.4 325
39.5 342
39.6 346
39.7 339
39.8 325
39.9 313
40 325
40.1 313
40.2 316
40.3 342
40.4 336
40.5 386
40.6 405
40.7 397
40.8 406
40.9 410
41 391
41.1 398
41.2 393
41.3 381
41.4 365
41.5 377
41.6 379
41.7 379
41.8 368
41.9 359
42 363
42.1 348
42.2 325
42.3 298
42.4 282
42.5 272
42.6 267
42.7 249
42.8 252
42.9 243
43 286
43.1 319
43.2 326
43.3 312
43.4 296
43.5 316
43.6 336
43.7 337
43.8 344
43.9 326
44 309
44.1 302
44.2 288
44.3 279
44.4 269
44.5 306
44.6 314
44.7 308
44.8 347
44.9 401
45 416
45.1 459
45.2 474
45.3 486
45.4 500
45.5 505
45.6 509
45.7 521
45.8 530
45.9 542
46 558
46.1 567
46.2 579
46.3 588
46.4 607
46.5 630
46.6 644
46.7 658
46.8 679
46.9 697
47 722
47.1 736
47.2 757
47.3 774
47.4 795
47.5 822
47.6 852
47.7 867
47.8 896
47.9 923
48 950
48.1 967
48.2 993
48.3 1018
48.4 1036
48.5 1054
48.6 1076
48.7 1104
48.8 1122
48.9 1138
49 1165
49.1 1186
49.2 1212
49.3 1235
49.4 1253
49.5 1285
49.6 1291
49.7 1313
49.8 1337
49.9 1361
50 1372
50.1 1384
50.2 1402
50.3 1427
50.4 1426
50.5 1447
50.6 1463
50.7 1451
50.8 1438
50.9 1372
51 1303
51.1 1217
51.2 1120
51.3 1030
51.4 950
51.5 900
51.6 833
51.7 770
51.8 714
51.9 674
52 643
52.1 589
52.2 559
52.3 532
52.4 497
52.5 544
52.6 605
52.7 601
52.8 573
52.9 562
53 555
53.1 566
53.2 548
53.3 502
53.4 477
53.5 460
53.6 449
53.7 419
53.8 389
53.9 370
54 354
54.1 358
54.2 364
54.3 365
54.4 366
54.5 349
54.6 352
54.7 333
54.8 308
54.9 310
55 288
55.1 282
55.2 267
55.3 258
55.4 255
55.5 252
55.6 258
55.7 265
55.8 254
55.9 253
56 251
56.1 231
56.2 232
56.3 252
56.4 254
56.5 263
56.6 253
56.7 236
56.8 238
56.9 234
57 237
57.1 238
57.2 248
57.3 253
57.4 250
57.5 227
57.6 229
57.7 230
57.8 225
57.9 237
58 233
58.1 250
58.2 243
58.3 228
58.4 216
58.5 199
58.6 182
58.7 180
58.8 168
58.9 177
59 183
59.1 181
59.2 190
59.3 195
59.4 190
59.5 195
59.6 194
59.7 192
59.8 187
59.9 193
60 201
60.1 203
60.2 272
60.3 348
60.4 415
60.5 433
60.6 424
60.7 464
60.8 488
60.9 506
61 486
61.1 463
61.2 454
61.3 458
61.4 454
61.5 450
61.6 431
61.7 422
61.8 447
61.9 450
62 435
62.1 415
62.2 414
62.3 392
62.4 372
62.5 360
62.6 337
62.7 319
62.8 315
62.9 319
63 320
63.1 315
63.2 301
63.3 294
63.4 301
63.5 295
63.6 279
63.7 278
63.8 269
63.9 251
64 257
64.1 261
64.2 262
64.3 247
64.4 232
64.5 235
64.6 247
64.7 243
64.8 240
64.9 258
65 271
65.1 268
65.2 271
65.3 283
65.4 265
65.5 263
65.6 259
65.7 259
65.8 252
65.9 247
66 237
66.1 242
66.2 238
66.3 235
66.4 230
66.5 253
66.6 278
66.7 302
66.8 295
66.9 290
67 283
67.1 292
67.2 283
67.3 267
67.4 274
67.5 286
67.6 289
67.7 294
67.8 308
67.9 317
68 356
68.1 377
68.2 400
68.3 398
68.4 411
68.5 420
68.6 428
68.7 434
68.8 442
68.9 464
69 473
69.1 491
69.2 501
69.3 518
69.4 531
69.5 544
69.6 554
69.7 566
69.8 581
69.9 614
70 636
70.1 664
70.2 684
70.3 710
70.4 742
70.5 764
70.6 794
70.7 821
70.8 846
70.9 876
71 916
71.1 937
71.2 972
71.3 1003
71.4 1041
71.5 1076
71.6 1113
71.7 1140
71.8 1187
71.9 1229
72 1268
72.1 1302
72.2 1338
72.3 1369
72.4 1400
72.5 1427
72.6 1459
72.7 1487
72.8 1516
72.9 1523
73 1542
73.1 1533
73.2 1483
73.3 1407
73.4 1312
73.5 1194
73.6 1082
73.7 1008
73.8 946
73.9 877
74 809
74.1 781
74.2 743
74.3 696
74.4 639
74.5 619
74.6 567
74.7 542
74.8 526
74.9 499
75 478
75.1 458
75.2 430
75.3 424
75.4 408
75.5 408
75.6 405
75.7 390
75.8 383
75.9 381
76 353
76.1 350
76.2 395
76.3 433
76.4 468
76.5 481
76.6 453
76.7 450
76.8 433
76.9 420
77 408
77.1 421
77.2 441
77.3 443
77.4 420
77.5 405
77.6 387
77.7 384
77.8 370
77.9 380
78 366
78.1 353
78.2 334
78.3 326
78.4 327
78.5 334
78.6 343
78.7 360
78.8 370
78.9 371
79 370
79.1 374
79.2 400
79.3 422
79.4 402
79.5 376
79.6 362
79.7 357
79.8 358
79.9 332
80 328
80.1 320
80.2 332
80.3 314
80.4 309
80.5 300
80.6 291
80.7 274
80.8 268
80.9 265
81 266
81.1 248
81.2 233
81.3 228
81.4 220
81.5 227
81.6 225
81.7 230
81.8 216
81.9 210
82 203
82.1 228
82.2 285
82.3 294
82.4 291
82.5 289
82.6 301
82.7 298
82.8 287
82.9 265
83 260
83.1 255
83.2 239
83.3 293
83.4 307
83.5 304
83.6 306
83.7 292
83.8 294
83.9 299
84 295
84.1 300
84.2 318
84.3 297
84.4 286
84.5 277
84.6 282
84.7 283
84.8 265
84.9 252
85 260
85.1 257
85.2 283
85.3 382
85.4 470
85.5 509
85.6 528
85.7 535
85.8 539
85.9 559
86 552
86.1 562
86.2 562
86.3 573
86.4 568
86.5 579
86.6 593
86.7 603
86.8 618
86.9 632
87 646
87.1 662
87.2 675
87.3 687
87.4 705
87.5 719
87.6 737
87.7 763
87.8 785
87.9 808
88 830
88.1 858
88.2 884
88.3 912
88.4 945
88.5 979
88.6 1007
88.7 1032
88.8 1050
88.9 1072
89 1104
89.1 1139
89.2 1164
89.3 1180
89.4 1201
89.5 1235
89.6 1267
89.7 1292
89.8 1324
89.9 1360
90 1389
90.1 1427
90.2 1468
90.3 1486
90.4 1508
90.5 1541
90.6 1556
90.7 1590
90.8 1617
90.9 1651
91 1673
91.1 1671
91.2 1665
91.3 1653
91.4 1599
91.5 1483
91.6 1355
91.7 1221
91.8 1123
91.9 1044
92 964
92.1 893
92.2 825
92.3 775
92.4 739
92.5 690
92.6 647
92.7 590
92.8 540
92.9 509
93 489
93.1 456
93.2 433
93.3 417
93.4 406
93.5 377
93.6 341
93.7 329
93.8 321
93.9 310
94 302
94.1 291
94.2 296
94.3 296
94.4 287
94.5 287
94.6 308
94.7 306
94.8 280
94.9 272
95 270
95.1 283
95.2 297
95.3 298
95.4 294
95.5 304
95.6 316
95.7 325
95.8 321
95.9 300
96 295
96.1 282
96.2 287
96.3 280
96.4 295
96.5 319
96.6 313
96.7 294
96.8 280
96.9 264
97 267
97.1 258
97.2 252
97.3 238
97.4 242
97.5 225
97.6 224
97.7 223
97.8 231
97.9 228
98 231
98.1 227
98.2 234
98.3 221
98.4 215
98.5 216
98.6 240
98.7 236
98.8 284
98.9 327
99 356
99.1 440
99.2 452
99.3 434
99.4 424
99.5 415
99.6 398
99.7 373
99.8 364
99.9 349
100 348
100.1 368
100.2 350
100.3 327
100.4 327
100.5 331
100.6 332
100.7 346
100.8 335
100.9 334
101 309
101.1 300
101.2 285
101.3 267
101.4 266
101.5 282
101.6 273
101.7 269
101.8 255
101.9 254
102 248
102.1 246
102.2 242
102.3 237
102.4 228
102.5 228
102.6 229
102.7 236
102.8 229
102.9 236
103 232
103.1 248
103.2 246
103.3 245
103.4 259
103.5 274
103.6 265
103.7 263
103.8 259
103.9 247
104 250
104.1 238
104.2 228
104.3 228
104.4 224
104.5 238
104.6 259
104.7 314
104.8 366
104.9 365
105 371
105.1 349
105.2 339
105.3 342
105.4 338
105.5 335
105.6 328
105.7 326
105.8 322
105.9 312
106 295
106.1 290
106.2 288
106.3 307
106.4 341
106.5 379
106.6 389
106.7 395
106.8 399
106.9 379
107 364
107.1 401
107.2 436
107.3 444
107.4 446
107.5 456
107.6 451
107.7 471
107.8 473
107.9 480
108 484
108.1 489
108.2 490
108.3 494
108.4 499
108.5 510
108.6 522
108.7 526
108.8 538
108.9 558
109 573
109.1 590
109.2 601
109.3 611
109.4 634
109.5 648
109.6 666
109.7 686
109.8 707
109.9 731
110 752
110.1 774
110.2 789
110.3 810
110.4 823
110.5 842
110.6 869
110.7 892
110.8 912
110.9 924
111 935
111.1 969
111.2 990
111.3 1012
111.4 1034
111.5 1057
111.6 1077
111.7 1100
111.8 1132
111.9 1155
112 1181
112.1 1217
112.2 1243
112.3 1271
112.4 1315
112.5 1354
112.6 1385
112.7 1412
112.8 1443
112.9 1476
113 1508
113.1 1542
113.2 1573
113.3 1613
113.4 1666
113.5 1683
113.6 1721
113.7 1725
113.8 1739
113.9 1738
114 1738
114.1 1724
114.2 1667
114.3 1649
114.4 1570
114.5 1481
114.6 1373
114.7 1271
114.8 1201
114.9 1100
115 1003
115.1 924
115.2 877
115.3 827
115.4 791
115.5 727
115.6 668
115.7 623
115.8 611
115.9 596
116 565
116.1 548
116.2 503
116.3 478
116.4 447
116.5 430
116.6 404
116.7 381
116.8 360
116.9 353
117 356
117.1 373
117.2 374
117.3 374
117.4 379
117.5 364
117.6 364
117.7 355
117.8 339
117.9 324
118 306
118.1 281
118.2 270
118.3 259
118.4 256
118.5 261
118.6 252
118.7 253
118.8 254
118.9 237
119 242
119.1 230
119.2 224
119.3 220
119.4 227
119.5 240
119.6 285
119.7 287
119.8 289
119.9 303
120 290
120.1 284
120.2 289
120.3 308
120.4 300
120.5 313
120.6 300
120.7 325
120.8 347
120.9 351
121 367
121.1 407
121.2 442
121.3 419
121.4 398
121.5 381
121.6 364
121.7 363
121.8 354
121.9 352
122 341
122.1 325
122.2 310
122.3 305
122.4 299
122.5 292
122.6 306
122.7 413
122.8 539
122.9 562
123 563
123.1 537
123.2 512
123.3 509
123.4 500
123.5 489
123.6 474
123.7 455
123.8 445
123.9 430
124 427
124.1 478
124.2 476
124.3 467
124.4 454
124.5 443
124.6 443
124.7 423
124.8 393
124.9 386
125 362
125.1 367
125.2 343
125.3 316
125.4 289
125.5 270
125.6 261
125.7 349
125.8 414
125.9 411
126 395
126.1 391
126.2 401
126.3 417
126.4 430
126.5 412
126.6 381
126.7 367
126.8 359
126.9 345
127 352
127.1 373
127.2 405
127.3 398
127.4 386
127.5 376
127.6 355
127.7 375
127.8 414
127.9 477
128 489
128.1 484
128.2 480
128.3 465
128.4 446
128.5 419
128.6 399
128.7 385
128.8 372
128.9 365
129 372
129.1 393
129.2 425
129.3 409
129.4 404
129.5 409
129.6 387
129.7 375
129.8 364
129.9 351
130 341
130.1 329
130.2 320
130.3 314
130.4 303
130.5 285
130.6 278
130.7 270
130.8 263
130.9 265
131 273
131.1 282
131.2 284
131.3 283
131.4 267
131.5 269
131.6 281
131.7 292
131.8 276
131.9 283
132 298
132.1 310
132.2 334
132.3 338
132.4 355
132.5 356
132.6 352
132.7 337
132.8 328
132.9 311
133 279
133.1 263
133.2 249
133.3 254
133.4 242
133.5 256
133.6 261
133.7 270
133.8 273
133.9 280
134 304
134.1 347
134.2 349
134.3 353
134.4 339
134.5 373
134.6 388
134.7 407
134.8 417
134.9 422
135 425
135.1 434
135.2 439
135.3 446
135.4 457
135.5 461
135.6 472
135.7 485
135.8 501
135.9 519
136 535
136.1 545
136.2 569
136.3 587
136.4 605
136.5 620
136.6 635
136.7 655
136.8 691
136.9 708
137 722
137.1 755
137.2 769
137.3 796
137.4 809
137.5 820
137.6 841
137.7 851
137.8 864
137.9 895
138 920
138.1 949
138.2 971
138.3 993
138.4 1026
138.5 1055
138.6 1091
138.7 1116
138.8 1150
138.9 1179
139 1208
139.1 1239
139.2 1275
139.3 1300
139.4 1343
139.5 1365
139.6 1375
139.7 1407
139.8 1438
139.9 1461
140 1481
140.1 1513
140.2 1540
140.3 1571
140.4 1600
140.5 1625
140.6 1647
140.7 1691
140.8 1716
140.9 1746
141 1780
141.1 1803
141.2 1804
141.3 1817
141.4 1790
141.5 1755
141.6 1717
141.7 1626
141.8 1513
141.9 1442
142 1342
142.1 1240
142.2 1165
142.3 1054
142.4 957
142.5 890
142.6 805
142.7 756
142.8 697
142.9 665
143 634
143.1 605
143.2 587
143.3 576
143.4 561
143.5 537
143.6 517
143.7 498
143.8 459
143.9 435
144 391
144.1 366
144.2 371
144.3 357
144.4 360
144.5 371
144.6 350
144.7 340
144.8 345
144.9 326
145 319
145.1 317
145.2 309
145.3 302
145.4 302
145.5 289
145.6 278
145.7 269
145.8 255
145.9 234
146 214
146.1 217
146.2 249
146.3 255
146.4 261
146.5 252
146.6 261
146.7 269
146.8 253
146.9 257
147 250
147.1 261
147.2 263
147.3 273
147.4 285
147.5 278
147.6 274
147.7 271
147.8 279
147.9 262
148 254
148.1 243
148.2 228
148.3 217
148.4 209
148.5 199
148.6 209
148.7 230
148.8 235
148.9 253
149 277
149.1 272
149.2 265
149.3 270
149.4 283
149.5 316
149.6 317
149.7 309
149.8 315
149.9 320
150 322
150.1 351
150.2 382
150.3 382
150.4 377
150.5 369
150.6 352
150.7 340
150.8 333
150.9 325
151 310
151.1 292
151.2 276
151.3 273
151.4 351
151.5 365
151.6 357
151.7 347
151.8 315
151.9 306
152 302
152.1 297
152.2 285
152.3 275
152.4 259
152.5 257
152.6 248
152.7 253
152.8 266
152.9 279
153 266
153.1 269
153.2 275
153.3 269
153.4 258
153.5 249
153.6 244
153.7 261
153.8 331
153.9 380
154 387
154.1 381
154.2 363
154.3 341
154.4 327
154.5 334
154.6 335
154.7 343
154.8 352
154.9 336
155 327
155.1 317
155.2 322
155.3 316
155.4 333
155.5 391
155.6 405
155.7 398
155.8 396
155.9 430
156 438
156.1 443
156.2 452
156.3 472
156.4 472
156.5 467
156.6 484
156.7 489
156.8 489
156.9 503
157 512
157.1 521
157.2 532
157.3 541
157.4 551
157.5 562
157.6 587
157.7 603
157.8 617
157.9 638
158 659
158.1 665
158.2 688
158.3 705
158.4 734
158.5 750
158.6 770
158.7 785
158.8 805
158.9 818
159 848
159.1 865
159.2 883
159.3 905
159.4 940
159.5 961
159.6 977
159.7 1007
159.8 1027
159.9 1054
160 1079
160.1 1106
160.2 1132
160.3 1159
160.4 1175
160.5 1207
160.6 1233
160.7 1262
160.8 1285
160.9 1323
161 1357
161.1 1397
161.2 1432
161.3 1473
161.4 1495
161.5 1521
161.6 1546
161.7 1572
161.8 1603
161.9 1634
162 1668
162.1 1688
162.2 1709
162.3 1737
162.4 1769
162.5 1791
162.6 1813
162.7 1817
162.8 1830
162.9 1858
163 1883
163.1 1891
163.2 1858
163.3 1789
163.4 1741
163.5 1618
163.6 1500
163.7 1369
163.8 1272
163.9 1194
164 1107
164.1 1053
164.2 987
164.3 890
164.4 810
164.5 744
164.6 693
164.7 649
164.8 613
164.9 600
165 580
165.1 548
165.2 510
165.3 471
165.4 459
165.5 439
165.6 424
165.7 408
165.8 384
165.9 372
166 366
166.1 356
166.2 343
166.3 337
166.4 344
166.5 340
166.6 341
166.7 346
166.8 345
166.9 342
167 355
167.1 352
167.2 340
167.3 327
167.4 302
167.5 300
167.6 292
167.7 282
167.8 265
167.9 255
168 240
168.1 237
168.2 253
168.3 264
168.4 280
168.5 295
168.6 303
168.7 322
168.8 314
168.9 310
169 316
169.1 313
169.2 306
169.3 295
169.4 278
169.5 276
169.6 269
169.7 253
169.8 256
169.9 273
170 269
170.1 273
170.2 279
170.3 276
170.4 265
170.5 259
170.6 253
170.7 236
170.8 232
170.9 225
171 225
171.1 234
171.2 238
171.3 238
171.4 231
171.5 226
171.6 226
171.7 229
171.8 282
171.9 302
172 295
172.1 311
172.2 314
172.3 295
172.4 280
172.5 288
172.6 279
172.7 278
172.8 268
172.9 274
173 278
173.1 285
173.2 288
173.3 274
173.4 278
173.5 273
173.6 252
173.7 239
173.8 244
173.9 232
174 223
174.1 222
174.2 220
174.3 215
174.4 210
174.5 202
174.6 199
174.7 219
174.8 245
174.9 246
175 242
175.1 250
175.2 253
175.3 250
175.4 255
175.5 245
175.6 241
175.7 245
175.8 259
175.9 329
176 345
176.1 349
176.2 360
176.3 363
176.4 356
176.5 344
176.6 335
176.7 335
176.8 360
176.9 437
177 459
177.1 463
177.2 457
177.3 477
177.4 477
177.5 473
177.6 478
177.7 483
177.8 488
177.9 499
178 509
178.1 517
178.2 519
178.3 518
178.4 538
178.5 544
178.6 552
178.7 561
178.8 571
178.9 591
179 606
179.1 621
179.2 641
179.3 655
179.4 674
179.5 687
179.6 708
179.7 724
179.8 748
179.9 772
180 788
180.1 810
180.2 835
180.3 861
180.4 891
180.5 909
180.6 938
180.7 966
180.8 1012
180.9 1050
181 1084
181.1 1123
181.2 1149
181.3 1185
181.4 1225
181.5 1260
181.6 1284
181.7 1309
181.8 1326
181.9 1359
182 1392
182.1 1414
182.2 1443
182.3 1465
182.4 1479
182.5 1510
182.6 1542
182.7 1563
182.8 1586
182.9 1613
183 1619
183.1 1638
183.2 1638
183.3 1624
183.4 1605
183.5 1549
183.6 1452
183.7 1370
183.8 1272
183.9 1176
184 1074
184.1 975
184.2 896
184.3 808
184.4 745
184.5 694
184.6 638
184.7 594
184.8 587
184.9 570
185 551
185.1 528
185.2 492
185.3 466
185.4 442
185.5 414
185.6 402
185.7 373
185.8 373
185.9 371
186 352
186.1 340
186.2 361
186.3 359
186.4 345
186.5 336
186.6 337
186.7 320
186.8 304
186.9 285
187 280
187.1 274
187.2 274
187.3 270
187.4 273
187.5 273
187.6 289
187.7 269
187.8 259
187.9 246
188 249
188.1 260
188.2 256
188.3 271
188.4 273
188.5 276
188.6 276
188.7 279
188.8 271
188.9 259
189 259
189.1 254
189.2 265
189.3 257
189.4 246
189.5 238
189.6 228
189.7 219
189.8 212
189.9 214
190 219
190.1 228
190.2 248
190.3 242
190.4 244
190.5 235
190.6 239
190.7 256
190.8 272
190.9 277
191 267
191.1 248
191.2 250
191.3 246
191.4 255
191.5 255
191.6 257
191.7 251
191.8 303
191.9 368
192 417
192.1 491
192.2 571
192.3 590
192.4 608
192.5 586
192.6 574
192.7 561
192.8 550
192.9 540
193 512
193.1 478
193.2 451
193.3 453
193.4 449
193.5 435
193.6 444
193.7 431
193.8 431
193.9 439
194 451
194.1 452
194.2 420
194.3 414
194.4 419
194.5 412
194.6 387
194.7 370
194.8 355
194.9 347
195 333
195.1 338
195.2 336
195.3 349
195.4 348
195.5 332
195.6 329
195.7 343
195.8 344
195.9 343
196 321
196.1 301
196.2 290
196.3 260
196.4 246
196.5 243
196.6 245
196.7 237
196.8 240
196.9 233
197 234
197.1 227
197.2 230
197.3 244
197.4 246
197.5 243
197.6 234
197.7 241
197.8 247
197.9 250
198 245
198.1 247
198.2 245
198.3 251
198.4 264
198.5 275
198.6 286
198.7 292
198.8 282
198.9 277
199 266
199.1 251
199.2 256
199.3 263
199.4 268
199.5 258
199.6 249
199.7 230
199.8 241
199.9 238
200 238
