0 0
0.1 0
0.2 0
0.3 0
0.4 1
0.5 0
0.6 5
0.7 6
0.8 8
0.9 9
1 12
1.1 14
1.2 20
1.3 25
1.4 28
1.5 29
1.6 31
1.7 31
1.8 33
1.9 35
2 37
2.1 43
2.2 42
2.3 40
2.4 46
2.5 45
2.6 49
2.7 46
2.8 47
2.9 49
3 53
3.1 51
3.2 54
3.3 56
3.4 55
3.5 52
3.6 55
3.7 55
3.8 53
3.9 53
4 54
4.1 56
4.2 57
4.3 55
4.4 54
4.5 56
4.6 56
4.7 58
4.8 55
4.9 57
5 55
5.1 59
5.2 59
5.3 60
5.4 61
5.5 59
5.6 63
5.7 63
5.8 65
5.9 66
6 66
6.1 63
6.2 62
6.3 63
6.4 64
6.5 66
6.6 59
6.7 61
6.8 59
6.9 63
7 57
7.1 58
7.2 54
7.3 54
7.4 54
7.5 53
7.6 55
7.7 55
7.8 52
7.9 50
8 47
8.1 45
8.2 40
8.3 37
8.4 35
8.5 34
8.6 32
8.7 31
8.8 30
8.9 29
9 28
9.1 27
9.2 27
9.3 26
9.4 24
9.5 23
9.6 23
9.7 22
9.8 19
9.9 19
10 19
10.1 19
10.2 18
10.3 17
10.4 14
10.5 14
10.6 13
10.7 13
10.8 13
10.9 13
11 12
11.1 12
11.2 12
11.3 11
11.4 10
11.5 10
11.6 10
11.7 10
11.8 10
11.9 9
12 9
12.1 9
12.2 8
12.3 8
12.4 7
12.5 7
12.6 6
12.7 6
12.8 6
12.9 6
13 6
13.1 5
13.2 4
13.3 4
13.4 4
13.5 4
13.6 4
13.7 4
13.8 4
13.9 4
14 4
14.1 3
14.2 3
14.3 3
14.4 3
14.5 3
14.6 3
14.7 3
14.8 3
14.9 3
15 2
15.1 1
15.2 1
15.3 1
15.4 1
15.5 1
15.6 1
15.7 1
15.8 1
15.9 1
16 1
16.1 1
16.2 1
16.3 1
16.4 1
16.5 1
16.6 1
16.7 0
16.8 0
16.9 0
17 0
17.1 0
17.2 0
17.3 0
17.4 0
17.5 0
17.6 0
17.7 0
17.8 0
17.9 0
18 0
18.1 0
18.2 0
18.3 0
18.4 0
18.5 0
18.6 0
18.7 0
18.8 0
18.9 0
19 0
19.1 1
19.2 1
19.3 1
19.4 1
19.5 2
19.6 1
19.7 1
19.8 1
19.9 1
20 2
20.1 2
20.2 2
20.3 2
20.4 2
20.5 2
20.6 2
20.7 2
20.8 2
20.9 2
21 2
21.1 2
21.2 2
21.3 2
21.4 2
21.5 2
21.6 3
21.7 2
21.8 2
21.9 2
22 2
22.1 2
22.2 2
22.3 2
22.4 2
22.5 2
22.6 2
22.7 2
22.8 2
22.9 1
23 1
23.1 1
23.2 1
23.3 1
23.4 1
23.5 1
23.6 2
23.7 2
23.8 2
23.9 2
24 2
24.1 2
24.2 2
24.3 2
24.4 4
24.5 4
24.6 4
24.7 4
24.8 4
24.9 3
25 3
25.1 3
25.2 6
25.3 6
25.4 7
25.5 8
25.6 8
25.7 11
25.8 14
25.9 16
26 16
26.1 18
26.2 18
26.3 21
26.4 23
26.5 26
26.6 28
26.7 32
26.8 36
26.9 37
27 39
27.1 40
27.2 44
27.3 47
27.4 45
27.5 45
27.6 42
27.7 44
27.8 47
27.9 49
28 50
28.1 46
28.2 52
28.3 52
28.4 55
28.5 65
28.6 68
28.7 66
28.8 63
28.9 62
29 64
29.1 62
29.2 62
29.3 62
29.4 59
29.5 61
29.6 56
29.7 56
29.8 58
29.9 55
30 58
30.1 57
30.2 56
30.3 51
30.4 50
30.5 48
30.6 51
30.7 50
30.8 47
30.9 45
31 45
31.1 43
31.2 42
31.3 42
31.4 41
31.5 40
31.6 39
31.7 38
31.8 33
31.9 30
32 25
32.1 24
32.2 24
32.3 23
32.4 22
32.5 19
32.6 18
32.7 17
32.8 15
32.9 15
33 15
33.1 13
33.2 13
33.3 13
33.4 13
33.5 12
33.6 11
33.7 11
33.8 11
33.9 10
34 10
34.1 10
34.2 10
34.3 8
34.4 8
34.5 7
34.6 7
34.7 7
34.8 6
34.9 5
35 5
35.1 5
35.2 5
35.3 5
35.4 5
35.5 4
35.6 4
35.7 3
35.8 3
35.9 3
36 3
36.1 3
36.2 3
36.3 3
36.4 2
36.5 2
36.6 2
36.7 2
36.8 2
36.9 4
37 4
37.1 4
37.2 4
37.3 4
37.4 4
37.5 2
37.6 1
37.7 1
37.8 1
37.9 1
38 1
38.1 1
38.2 1
38.3 1
38.4 1
38.5 1
38.6 1
38.7 1
38.8 1
38.9 1
39 1
39.1 1
39.2 1
39.3 1
39.4 1
39.5 1
39.6 1
39.7 1
39.8 1
39.9 1
40 1
40.1 1
40.2 1
40.3 3
40.4 3
40.5 3
40.6 3
40.7 3
40.8 3
40.9 4
41 4
41.1 4
41.2 4
41.3 3
41.4 3
41.5 3
41.6 3
41.7 3
41.8 3
41.9 3
42 4
42.1 4
42.2 4
42.3 4
42.4 4
42.5 4
42.6 4
42.7 4
42.8 3
42.9 3
43 3
43.1 2
43.2 2
43.3 2
43.4 2
43.5 2
43.6 2
43.7 2
43.8 2
43.9 2
44 1
44.1 1
44.2 1
44.3 1
44.4 1
44.5 1
44.6 1
44.7 1
44.8 3
44.9 3
45 5
45.1 6
45.2 8
45.3 6
45.4 8
45.5 11
45.6 13
45.7 15
45.8 15
45.9 18
46 26
46.1 28
46.2 28
46.3 28
46.4 31
46.5 32
46.6 32
46.7 31
46.8 33
46.9 35
47 34
47.1 34
47.2 37
47.3 41
47.4 44
47.5 47
47.6 45
47.7 49
47.8 52
47.9 51
48 49
48.1 49
48.2 47
48.3 45
48.4 45
48.5 48
48.6 47
48.7 47
48.8 44
48.9 46
49 45
49.1 46
49.2 45
49.3 46
49.4 45
49.5 46
49.6 43
49.7 41
49.8 42
49.9 43
50 43
50.1 44
50.2 43
50.3 40
50.4 38
50.5 36
50.6 32
50.7 30
50.8 32
50.9 33
51 31
51.1 28
51.2 26
51.3 24
51.4 23
51.5 22
51.6 21
51.7 20
51.8 19
51.9 17
52 17
52.1 17
52.2 17
52.3 16
52.4 14
52.5 14
52.6 9
52.7 8
52.8 8
52.9 8
53 8
53.1 8
53.2 8
53.3 8
53.4 7
53.5 7
53.6 7
53.7 7
53.8 7
53.9 6
54 6
54.1 6
54.2 5
54.3 5
54.4 4
54.5 4
54.6 4
54.7 4
54.8 4
54.9 4
55 4
55.1 3
55.2 3
55.3 3
55.4 2
55.5 3
55.6 3
55.7 3
55.8 3
55.9 2
56 2
56.1 4
56.2 4
56.3 4
56.4 3
56.5 3
56.6 3
56.7 3
56.8 3
56.9 3
57 1
57.1 1
57.2 1
57.3 1
57.4 1
57.5 1
57.6 1
57.7 1
57.8 1
57.9 1
58 1
58.1 1
58.2 1
58.3 1
58.4 1
58.5 1
58.6 1
58.7 1
58.8 1
58.9 1
59 1
59.1 1
59.2 1
59.3 1
59.4 0
59.5 0
59.6 0
59.7 0
59.8 0
59.9 0
60 0
60.1 0
60.2 0
60.3 1
60.4 1
60.5 1
60.6 1
60.7 1
60.8 1
60.9 1
61 1
61.1 1
61.2 2
61.3 2
61.4 2
61.5 2
61.6 2
61.7 2
61.8 2
61.9 2
62 2
62.1 2
62.2 2
62.3 2
62.4 4
62.5 4
62.6 3
62.7 3
62.8 3
62.9 3
63 3
63.1 3
63.2 3
63.3 3
63.4 3
63.5 2
63.6 1
63.7 1
63.8 1
63.9 3
64 3
64.1 2
64.2 2
64.3 2
64.4 2
64.5 2
64.6 2
64.7 1
64.8 1
64.9 1
65 2
65.1 2
65.2 2
65.3 2
65.4 2
65.5 2
65.6 2
65.7 2
65.8 2
65.9 2
66 2
66.1 2
66.2 2
66.3 2
66.4 2
66.5 2
66.6 2
66.7 2
66.8 2
66.9 2
67 2
67.1 2
67.2 2
67.3 2
67.4 2
67.5 2
67.6 2
67.7 2
67.8 2
67.9 6
68 9
68.1 8
68.2 9
68.3 9
68.4 9
68.5 9
68.6 12
68.7 16
68.8 18
68.9 24
69 26
69.1 26
69.2 28
69.3 27
69.4 28
69.5 30
69.6 32
69.7 37
69.8 40
69.9 48
70 51
70.1 50
70.2 49
70.3 53
70.4 54
70.5 59
70.6 58
70.7 60
70.8 61
70.9 66
71 65
71.1 65
71.2 69
71.3 68
71.4 70
71.5 69
71.6 69
71.7 70
71.8 70
71.9 70
72 70
72.1 69
72.2 68
72.3 67
72.4 65
72.5 67
72.6 63
72.7 62
72.8 61
72.9 65
73 61
73.1 58
73.2 54
73.3 51
73.4 50
73.5 47
73.6 43
73.7 41
73.8 38
73.9 36
74 32
74.1 32
74.2 30
74.3 27
74.4 26
74.5 25
74.6 23
74.7 23
74.8 23
74.9 23
75 22
75.1 22
75.2 20
75.3 19
75.4 19
75.5 17
75.6 16
75.7 16
75.8 14
75.9 13
76 13
76.1 13
76.2 13
76.3 13
76.4 13
76.5 12
76.6 12
76.7 12
76.8 12
76.9 12
77 12
77.1 12
77.2 11
77.3 10
77.4 10
77.5 8
77.6 8
77.7 7
77.8 7
77.9 7
78 7
78.1 7
78.2 7
78.3 7
78.4 7
78.5 7
78.6 7
78.7 6
78.8 6
78.9 5
79 5
79.1 5
79.2 5
79.3 6
79.4 6
79.5 6
79.6 5
79.7 5
79.8 5
79.9 4
80 3
80.1 3
80.2 3
80.3 3
80.4 3
80.5 2
80.6 2
80.7 2
80.8 2
80.9 2
81 2
81.1 2
81.2 2
81.3 2
81.4 1
81.5 1
81.6 1
81.7 1
81.8 1
81.9 1
82 1
82.1 3
82.2 3
82.3 3
82.4 3
82.5 3
82.6 3
82.7 3
82.8 3
82.9 3
83 3
83.1 3
83.2 3
83.3 3
83.4 3
83.5 3
83.6 3
83.7 3
83.8 3
83.9 3
84 4
84.1 4
84.2 4
84.3 4
84.4 4
84.5 4
84.6 4
84.7 4
84.8 4
84.9 3
85 3
85.1 3
85.2 3
85.3 2
85.4 2
85.5 2
85.6 1
85.7 3
85.8 3
85.9 3
86 3
86.1 4
86.2 5
86.3 6
86.4 8
86.5 13
86.6 19
86.7 20
86.8 20
86.9 21
87 25
87.1 29
87.2 31
87.3 34
87.4 34
87.5 41
87.6 40
87.7 40
87.8 47
87.9 48
88 47
88.1 47
88.2 50
88.3 52
88.4 55
88.5 56
88.6 57
88.7 54
88.8 53
88.9 51
89 54
89.1 54
89.2 58
89.3 56
89.4 58
89.5 63
89.6 62
89.7 66
89.8 62
89.9 62
90 67
90.1 65
90.2 60
90.3 63
90.4 63
90.5 63
90.6 61
90.7 63
90.8 63
90.9 63
91 65
91.1 64
91.2 61
91.3 59
91.4 55
91.5 54
91.6 54
91.7 51
91.8 49
91.9 48
92 46
92.1 45
92.2 42
92.3 41
92.4 39
92.5 39
92.6 38
92.7 38
92.8 35
92.9 33
93 29
93.1 28
93.2 28
93.3 25
93.4 25
93.5 22
93.6 21
93.7 20
93.8 17
93.9 17
94 17
94.1 13
94.2 13
94.3 13
94.4 13
94.5 15
94.6 14
94.7 12
94.8 12
94.9 11
95 10
95.1 10
95.2 10
95.3 10
95.4 9
95.5 9
95.6 9
95.7 9
95.8 9
95.9 8
96 7
96.1 7
96.2 7
96.3 7
96.4 6
96.5 6
96.6 6
96.7 6
96.8 6
96.9 6
97 6
97.1 6
97.2 6
97.3 6
97.4 6
97.5 6
97.6 6
97.7 5
97.8 4
97.9 4
98 4
98.1 4
98.2 4
98.3 4
98.4 3
98.5 3
98.6 2
98.7 2
98.8 2
98.9 2
99 2
99.1 2
99.2 2
99.3 2
99.4 5
99.5 5
99.6 5
99.7 5
99.8 5
99.9 3
100 3
100.1 3
100.2 3
100.3 3
100.4 3
100.5 3
100.6 2
100.7 2
100.8 2
100.9 2
101 2
101.1 2
101.2 2
101.3 1
101.4 1
101.5 1
101.6 1
101.7 1
101.8 1
101.9 1
102 1
102.1 1
102.2 1
102.3 1
102.4 1
102.5 1
102.6 1
102.7 1
102.8 1
102.9 1
103 1
103.1 1
103.2 1
103.3 1
103.4 1
103.5 0
103.6 0
103.7 1
103.8 1
103.9 1
104 1
104.1 1
104.2 1
104.3 3
104.4 2
104.5 2
104.6 2
104.7 2
104.8 2
104.9 2
105 2
105.1 2
105.2 3
105.3 3
105.4 1
105.5 4
105.6 4
105.7 4
105.8 4
105.9 3
106 3
106.1 3
106.2 3
106.3 4
106.4 4
106.5 4
106.6 4
106.7 5
106.8 5
106.9 5
107 2
107.1 2
107.2 2
107.3 2
107.4 4
107.5 5
107.6 4
107.7 4
107.8 4
107.9 4
108 6
108.1 6
108.2 8
108.3 12
108.4 14
108.5 21
108.6 20
108.7 21
108.8 24
108.9 28
109 31
109.1 29
109.2 30
109.3 32
109.4 35
109.5 35
109.6 35
109.7 39
109.8 44
109.9 43
110 41
110.1 39
110.2 39
110.3 38
110.4 42
110.5 43
110.6 42
110.7 43
110.8 43
110.9 42
111 41
111.1 43
111.2 46
111.3 48
111.4 48
111.5 51
111.6 52
111.7 54
111.8 57
111.9 61
112 60
112.1 63
112.2 63
112.3 64
112.4 67
112.5 71
112.6 72
112.7 73
112.8 77
112.9 71
113 73
113.1 68
113.2 69
113.3 64
113.4 61
113.5 64
113.6 61
113.7 57
113.8 54
113.9 53
114 54
114.1 53
114.2 47
114.3 43
114.4 39
114.5 39
114.6 38
114.7 33
114.8 31
114.9 28
115 26
115.1 26
115.2 25
115.3 23
115.4 22
115.5 22
115.6 21
115.7 21
115.8 21
115.9 21
116 18
116.1 18
116.2 16
116.3 16
116.4 15
116.5 14
116.6 13
116.7 12
116.8 11
116.9 11
117 11
117.1 10
117.2 10
117.3 10
117.4 10
117.5 10
117.6 10
117.7 10
117.8 9
117.9 8
118 8
118.1 8
118.2 8
118.3 8
118.4 8
118.5 7
118.6 7
118.7 6
118.8 6
118.9 6
119 6
119.1 6
119.2 6
119.3 6
119.4 6
119.5 6
119.6 6
119.7 6
119.8 6
119.9 6
120 6
120.1 6
120.2 6
120.3 6
120.4 6
120.5 6
120.6 6
120.7 6
120.8 5
120.9 5
121 5
121.1 4
121.2 2
121.3 1
121.4 1
121.5 1
121.6 1
121.7 1
121.8 1
121.9 1
122 1
122.1 1
122.2 0
122.3 0
122.4 0
122.5 0
122.6 0
122.7 0
122.8 0
122.9 0
123 0
123.1 0
123.2 0
123.3 0
123.4 0
123.5 0
123.6 0
123.7 0
123.8 0
123.9 0
124 0
124.1 0
124.2 0
124.3 0
124.4 0
124.5 0
124.6 0
124.7 0
124.8 0
124.9 0
125 0
125.1 0
125.2 0
125.3 0
125.4 0
125.5 0
125.6 0
125.7 0
125.8 0
125.9 0
126 0
126.1 0
126.2 0
126.3 2
126.4 2
126.5 2
126.6 2
126.7 2
126.8 2
126.9 2
127 2
127.1 2
127.2 1
127.3 1
127.4 1
127.5 1
127.6 1
127.7 1
127.8 4
127.9 3
128 3
128.1 4
128.2 4
128.3 4
128.4 4
128.5 3
128.6 3
128.7 3
128.8 3
128.9 4
129 6
129.1 6
129.2 6
129.3 6
129.4 6
129.5 6
129.6 6
129.7 5
129.8 5
129.9 4
130 4
130.1 4
130.2 2
130.3 2
130.4 2
130.5 2
130.6 2
130.7 2
130.8 2
130.9 2
131 2
131.1 2
131.2 3
131.3 3
131.4 3
131.5 3
131.6 3
131.7 3
131.8 3
131.9 3
132 3
132.1 3
132.2 2
132.3 3
132.4 3
132.5 3
132.6 3
132.7 2
132.8 4
132.9 4
133 4
133.1 4
133.2 4
133.3 4
133.4 4
133.5 4
133.6 4
133.7 3
133.8 2
133.9 2
134 3
134.1 1
134.2 1
134.3 1
134.4 4
134.5 3
134.6 6
134.7 5
134.8 6
134.9 7
135 10
135.1 10
135.2 11
135.3 13
135.4 15
135.5 19
135.6 24
135.7 28
135.8 36
135.9 36
136 36
136.1 37
136.2 40
136.3 40
136.4 42
136.5 41
136.6 42
136.7 43
136.8 44
136.9 45
137 41
137.1 42
137.2 41
137.3 42
137.4 39
137.5 40
137.6 42
137.7 43
137.8 49
137.9 51
138 53
138.1 49
138.2 50
138.3 53
138.4 58
138.5 61
138.6 65
138.7 66
138.8 64
138.9 63
139 62
139.1 64
139.2 65
139.3 64
139.4 58
139.5 63
139.6 62
139.7 61
139.8 61
139.9 62
140 63
140.1 60
140.2 64
140.3 65
140.4 62
140.5 61
140.6 59
140.7 58
140.8 60
140.9 58
141 55
141.1 53
141.2 53
141.3 53
141.4 53
141.5 53
141.6 49
141.7 45
141.8 41
141.9 41
142 35
142.1 34
142.2 33
142.3 29
142.4 29
142.5 29
142.6 27
142.7 25
142.8 25
142.9 25
143 23
143.1 23
143.2 22
143.3 21
143.4 20
143.5 20
143.6 18
143.7 17
143.8 15
143.9 15
144 15
144.1 14
144.2 14
144.3 13
144.4 13
144.5 12
144.6 11
144.7 11
144.8 10
144.9 10
145 10
145.1 9
145.2 8
145.3 8
145.4 6
145.5 6
145.6 6
145.7 6
145.8 6
145.9 6
146 6
146.1 6
146.2 5
146.3 5
146.4 5
146.5 5
146.6 5
146.7 4
146.8 4
146.9 4
147 4
147.1 4
147.2 4
147.3 3
147.4 2
147.5 2
147.6 2
147.7 2
147.8 2
147.9 2
148 2
148.1 2
148.2 2
148.3 2
148.4 2
148.5 2
148.6 2
148.7 2
148.8 2
148.9 2
149 2
149.1 2
149.2 2
149.3 2
149.4 2
149.5 2
149.6 2
149.7 2
149.8 2
149.9 2
150 2
150.1 1
150.2 1
150.3 1
150.4 1
150.5 1
150.6 1
150.7 1
150.8 1
150.9 1
151 1
151.1 1
151.2 1
151.3 1
151.4 1
151.5 1
151.6 1
151.7 1
151.8 1
151.9 1
152 1
152.1 1
152.2 1
152.3 1
152.4 1
152.5 1
152.6 1
152.7 1
152.8 1
152.9 1
153 1
153.1 2
153.2 1
153.3 1
153.4 1
153.5 1
153.6 1
153.7 1
153.8 1
153.9 2
154 2
154.1 2
154.2 2
154.3 2
154.4 2
154.5 1
154.6 1
154.7 1
154.8 1
154.9 1
155 1
155.1 1
155.2 1
155.3 1
155.4 1
155.5 3
155.6 5
155.7 4
155.8 4
155.9 4
156 4
156.1 5
156.2 5
156.3 7
156.4 8
156.5 8
156.6 8
156.7 9
156.8 10
156.9 15
157 15
157.1 16
157.2 22
157.3 24
157.4 26
157.5 28
157.6 33
157.7 34
157.8 35
157.9 37
158 38
158.1 39
158.2 40
158.3 40
158.4 37
158.5 38
158.6 40
158.7 42
158.8 43
158.9 45
159 47
159.1 48
159.2 47
159.3 48
159.4 51
159.5 50
159.6 49
159.7 50
159.8 50
159.9 52
160 54
160.1 55
160.2 56
160.3 61
160.4 56
160.5 60
160.6 59
160.7 59
160.8 60
160.9 63
161 65
161.1 65
161.2 64
161.3 63
161.4 63
161.5 62
161.6 59
161.7 62
161.8 62
161.9 61
162 61
162.1 63
162.2 66
162.3 64
162.4 63
162.5 62
162.6 62
162.7 61
162.8 61
162.9 58
163 56
163.1 49
163.2 47
163.3 46
163.4 47
163.5 42
163.6 40
163.7 39
163.8 38
163.9 36
164 33
164.1 32
164.2 30
164.3 28
164.4 26
164.5 26
164.6 21
164.7 21
164.8 18
164.9 18
165 17
165.1 17
165.2 15
165.3 12
165.4 11
165.5 11
165.6 9
165.7 9
165.8 9
165.9 8
166 8
166.1 8
166.2 8
166.3 8
166.4 8
166.5 8
166.6 8
166.7 8
166.8 8
166.9 5
167 5
167.1 5
167.2 5
167.3 5
167.4 5
167.5 5
167.6 4
167.7 4
167.8 4
167.9 4
168 4
168.1 4
168.2 4
168.3 4
168.4 4
168.5 4
168.6 4
168.7 4
168.8 4
168.9 3
169 3
169.1 2
169.2 2
169.3 2
169.4 2
169.5 2
169.6 2
169.7 2
169.8 2
169.9 2
170 2
170.1 2
170.2 2
170.3 2
170.4 2
170.5 2
170.6 2
170.7 2
170.8 2
170.9 2
171 2
171.1 2
171.2 2
171.3 2
171.4 2
171.5 2
171.6 2
171.7 1
171.8 1
171.9 1
172 1
172.1 2
172.2 2
172.3 1
172.4 1
172.5 1
172.6 1
172.7 1
172.8 1
172.9 1
173 1
173.1 1
173.2 1
173.3 1
173.4 1
173.5 2
173.6 1
173.7 1
173.8 1
173.9 0
174 0
174.1 0
174.2 0
174.3 0
174.4 0
174.5 0
174.6 0
174.7 0
174.8 0
174.9 0
175 0
175.1 0
175.2 1
175.3 1
175.4 1
175.5 1
175.6 1
175.7 1
175.8 1
175.9 2
176 2
176.1 2
176.2 2
176.3 2
176.4 2
176.5 2
176.6 3
176.7 3
176.8 3
176.9 3
177 9
177.1 9
177.2 7
177.3 10
177.4 10
177.5 9
177.6 9
177.7 11
177.8 12
177.9 10
178 14
178.1 13
178.2 14
178.3 14
178.4 15
178.5 18
178.6 20
178.7 20
178.8 25
178.9 26
179 33
179.1 37
179.2 37
179.3 37
179.4 40
179.5 38
179.6 40
179.7 45
179.8 44
179.9 43
180 45
180.1 49
180.2 47
180.3 56
180.4 57
180.5 61
180.6 59
180.7 65
180.8 64
180.9 66
181 64
181.1 66
181.2 67
181.3 67
181.4 65
181.5 64
181.6 58
181.7 60
181.8 58
181.9 62
182 55
182.1 60
182.2 59
182.3 56
182.4 55
182.5 54
182.6 57
182.7 60
182.8 56
182.9 56
183 54
183.1 54
183.2 49
183.3 46
183.4 43
183.5 41
183.6 39
183.7 38
183.8 36
183.9 32
184 29
184.1 29
184.2 28
184.3 26
184.4 24
184.5 22
184.6 21
184.7 20
184.8 18
184.9 18
185 18
185.1 16
185.2 15
185.3 15
185.4 15
185.5 14
185.6 13
185.7 12
185.8 12
185.9 11
186 11
186.1 11
186.2 11
186.3 11
186.4 11
186.5 11
186.6 10
186.7 10
186.8 10
186.9 10
187 10
187.1 10
187.2 10
187.3 10
187.4 10
187.5 10
187.6 10
187.7 9
187.8 8
187.9 7
188 7
188.1 7
188.2 7
188.3 7
188.4 6
188.5 5
188.6 5
188.7 5
188.8 5
188.9 5
189 5
189.1 5
189.2 4
189.3 4
189.4 4
189.5 3
189.6 3
189.7 3
189.8 3
189.9 3
190 3
190.1 3
190.2 2
190.3 1
190.4 1
190.5 0
190.6 0
190.7 0
190.8 0
190.9 0
191 0
191.1 0
191.2 0
191.3 0
191.4 0
191.5 0
191.6 0
191.7 0
191.8 0
191.9 0
192 0
192.1 0
192.2 0
192.3 0
192.4 0
192.5 0
192.6 0
192.7 1
192.8 1
192.9 1
193 1
193.1 1
193.2 1
193.3 1
193.4 1
193.5 1
193.6 1
193.7 1
193.8 1
193.9 1
194 1
194.1 1
194.2 1
194.3 1
194.4 1
194.5 1
194.6 1
194.7 1
194.8 1
194.9 1
195 1
195.1 1
195.2 0
195.3 0
195.4 0
195.5 0
195.6 0
195.7 0
195.8 0
195.9 0
196 0
196.1 1
196.2 1
196.3 1
196.4 1
196.5 1
196.6 1
196.7 1
196.8 1
196.9 1
197 1
197.1 1
197.2 1
197.3 1
197.4 1
197.5 1
197.6 1
197.7 1
197.8 1
197.9 1
198 1
198.1 1
198.2 6
198.3 6
198.4 6
198.5 5
198.6 8
198.7 8
198.8 8
198.9 7
199 6
199.1 6
199.2 6
199.3 5
199.4 5
199.5 5
199.6 5
199.7 5
199.8 5
199.9 5
200 5
