0 0
0.1 0
0.2 0
0.3 0
0.4 0
0.5 0
0.6 0
0.7 0
0.8 0
0.9 0
1 2
1.1 7
1.2 6
1.3 7
1.4 9
1.5 12
1.6 17
1.7 18
1.8 21
1.9 22
2 24
2.1 27
2.2 28
2.3 33
2.4 35
2.5 38
2.6 42
2.7 40
2.8 43
2.9 48
3 52
3.1 53
3.2 56
3.3 56
3.4 57
3.5 57
3.6 61
3.7 60
3.8 60
3.9 57
4 59
4.1 61
4.2 62
4.3 60
4.4 61
4.5 61
4.6 66
4.7 63
4.8 65
4.9 63
5 62
5.1 64
5.2 63
5.3 66
5.4 69
5.5 71
5.6 72
5.7 69
5.8 72
5.9 76
6 79
6.1 77
6.2 80
6.3 79
6.4 80
6.5 83
6.6 80
6.7 82
6.8 77
6.9 73
7 71
7.1 74
7.2 73
7.3 72
7.4 72
7.5 68
7.6 69
7.7 70
7.8 64
7.9 64
8 62
8.1 59
8.2 56
8.3 54
8.4 48
8.5 47
8.6 45
8.7 44
8.8 43
8.9 40
9 39
9.1 38
9.2 35
9.3 34
9.4 32
9.5 32
9.6 31
9.7 29
9.8 27
9.9 25
10 24
10.1 24
10.2 24
10.3 22
10.4 22
10.5 22
10.6 22
10.7 22
10.8 20
10.9 18
11 16
11.1 16
11.2 16
11.3 14
11.4 14
11.5 14
11.6 14
11.7 12
11.8 11
11.9 9
12 9
12.1 8
12.2 7
12.3 7
12.4 6
12.5 6
12.6 5
12.7 5
12.8 5
12.9 4
13 4
13.1 4
13.2 4
13.3 4
13.4 3
13.5 3
13.6 3
13.7 2
13.8 2
13.9 1
14 1
14.1 1
14.2 1
14.3 1
14.4 1
14.5 1
14.6 1
14.7 1
14.8 1
14.9 1
15 1
15.1 1
15.2 1
15.3 2
15.4 1
15.5 1
15.6 1
15.7 1
15.8 1
15.9 1
16 1
16.1 1
16.2 0
16.3 0
16.4 2
16.5 1
16.6 1
16.7 1
16.8 1
16.9 1
17 1
17.1 1
17.2 1
17.3 1
17.4 1
17.5 1
17.6 1
17.7 1
17.8 1
17.9 1
18 1
18.1 1
18.2 1
18.3 1
18.4 1
18.5 1
18.6 1
18.7 1
18.8 1
18.9 1
19 1
19.1 1
19.2 1
19.3 1
19.4 1
19.5 1
19.6 1
19.7 1
19.8 0
19.9 0
20 0
20.1 0
20.2 0
20.3 0
20.4 0
20.5 0
20.6 0
20.7 0
20.8 0
20.9 0
21 0
21.1 0
21.2 0
21.3 0
21.4 0
21.5 0
21.6 0
21.7 0
21.8 0
21.9 0
22 0
22.1 0
22.2 0
22.3 1
22.4 1
22.5 1
22.6 1
22.7 1
22.8 1
22.9 1
23 0
23.1 1
23.2 1
23.3 1
23.4 1
23.5 1
23.6 0
23.7 2
23.8 4
23.9 4
24 6
24.1 8
24.2 9
24.3 11
24.4 11
24.5 14
24.6 17
24.7 25
24.8 31
24.9 31
25 32
25.1 34
25.2 39
25.3 38
25.4 40
25.5 44
25.6 46
25.7 51
25.8 53
25.9 55
26 52
26.1 57
26.2 60
26.3 62
26.4 58
26.5 56
26.6 60
26.7 60
26.8 55
26.9 62
27 61
27.1 61
27.2 58
27.3 60
27.4 62
27.5 64
27.6 59
27.7 58
27.8 60
27.9 59
28 60
28.1 59
28.2 59
28.3 56
28.4 54
28.5 56
28.6 54
28.7 54
28.8 52
28.9 52
29 53
29.1 52
29.2 51
29.3 46
29.4 44
29.5 42
29.6 39
29.7 36
29.8 32
29.9 32
30 29
30.1 28
30.2 26
30.3 25
30.4 25
30.5 25
30.6 23
30.7 22
30.8 22
30.9 21
31 19
31.1 18
31.2 17
31.3 15
31.4 13
31.5 11
31.6 10
31.7 9
31.8 7
31.9 7
32 7
32.1 6
32.2 6
32.3 6
32.4 6
32.5 6
32.6 6
32.7 5
32.8 5
32.9 5
33 5
33.1 5
33.2 5
33.3 5
33.4 5
33.5 5
33.6 4
33.7 4
33.8 4
33.9 4
34 4
34.1 3
34.2 3
34.3 3
34.4 3
34.5 3
34.6 3
34.7 3
34.8 3
34.9 3
35 3
35.1 3
35.2 3
35.3 3
35.4 3
35.5 3
35.6 3
35.7 1
35.8 1
35.9 1
36 1
36.1 1
36.2 1
36.3 1
36.4 1
36.5 1
36.6 1
36.7 1
36.8 1
36.9 1
37 1
37.1 1
37.2 1
37.3 1
37.4 1
37.5 1
37.6 1
37.7 1
37.8 1
37.9 1
38 1
38.1 1
38.2 1
38.3 2
38.4 2
38.5 2
38.6 2
38.7 1
38.8 1
38.9 0
39 0
39.1 0
39.2 0
39.3 0
39.4 0
39.5 0
39.6 0
39.7 0
39.8 0
39.9 0
40 0
40.1 0
40.2 0
40.3 0
40.4 0
40.5 0
40.6 0
40.7 0
40.8 0
40.9 0
41 0
41.1 0
41.2 1
41.3 2
41.4 4
41.5 5
41.6 7
41.7 7
41.8 5
41.9 7
42 8
42.1 11
42.2 9
42.3 15
42.4 17
42.5 16
42.6 18
42.7 17
42.8 18
42.9 18
43 18
43.1 17
43.2 23
43.3 23
43.4 28
43.5 29
43.6 28
43.7 27
43.8 29
43.9 30
44 35
44.1 37
44.2 38
44.3 39
44.4 46
44.5 46
44.6 48
44.7 51
44.8 55
44.9 54
45 61
45.1 64
45.2 72
45.3 73
45.4 73
45.5 69
45.6 70
45.7 71
45.8 69
45.9 71
46 66
46.1 64
46.2 70
46.3 76
46.4 74
46.5 71
46.6 73
46.7 71
46.8 71
46.9 69
47 68
47.1 67
47.2 67
47.3 70
47.4 64
47.5 63
47.6 61
47.7 56
47.8 55
47.9 53
48 50
48.1 49
48.2 48
48.3 48
48.4 46
48.5 46
48.6 42
48.7 41
48.8 40
48.9 39
49 38
49.1 36
49.2 35
49.3 32
49.4 31
49.5 31
49.6 31
49.7 27
49.8 25
49.9 24
50 22
50.1 22
50.2 20
50.3 19
50.4 18
50.5 17
50.6 16
50.7 15
50.8 15
50.9 15
51 15
51.1 13
51.2 13
51.3 13
51.4 12
51.5 11
51.6 11
51.7 11
51.8 11
51.9 11
52 11
52.1 11
52.2 11
52.3 11
52.4 10
52.5 10
52.6 9
52.7 9
52.8 8
52.9 6
53 6
53.1 6
53.2 6
53.3 6
53.4 6
53.5 6
53.6 6
53.7 6
53.8 6
53.9 6
54 5
54.1 4
54.2 4
54.3 3
54.4 3
54.5 3
54.6 3
54.7 2
54.8 2
54.9 2
55 2
55.1 2
55.2 2
55.3 2
55.4 1
55.5 1
55.6 1
55.7 1
55.8 1
55.9 1
56 1
56.1 1
56.2 1
56.3 0
56.4 0
56.5 0
56.6 0
56.7 0
56.8 0
56.9 0
57 0
57.1 0
57.2 0
57.3 0
57.4 0
57.5 0
57.6 0
57.7 0
57.8 0
57.9 0
58 0
58.1 0
58.2 0
58.3 0
58.4 0
58.5 0
58.6 0
58.7 0
58.8 0
58.9 0
59 0
59.1 0
59.2 0
59.3 0
59.4 0
59.5 0
59.6 0
59.7 0
59.8 0
59.9 0
60 0
60.1 0
60.2 0
60.3 0
60.4 0
60.5 0
60.6 0
60.7 0
60.8 0
60.9 0
61 0
61.1 0
61.2 0
61.3 0
61.4 0
61.5 0
61.6 0
61.7 0
61.8 2
61.9 2
62 2
62.1 2
62.2 1
62.3 1
62.4 1
62.5 4
62.6 4
62.7 4
62.8 4
62.9 4
63 4
63.1 4
63.2 5
63.3 5
63.4 5
63.5 4
63.6 4
63.7 3
63.8 2
63.9 3
64 3
64.1 5
64.2 5
64.3 5
64.4 5
64.5 5
64.6 5
64.7 5
64.8 6
64.9 6
65 6
65.1 6
65.2 6
65.3 5
65.4 5
65.5 5
65.6 4
65.7 4
65.8 4
65.9 4
66 4
66.1 6
66.2 9
66.3 9
66.4 9
66.5 11
66.6 14
66.7 20
66.8 18
66.9 19
67 22
67.1 24
67.2 23
67.3 24
67.4 26
67.5 26
67.6 25
67.7 26
67.8 26
67.9 27
68 30
68.1 30
68.2 39
68.3 41
68.4 45
68.5 45
68.6 50
68.7 49
68.8 47
68.9 49
69 53
69.1 53
69.2 53
69.3 57
69.4 61
69.5 61
69.6 62
69.7 61
69.8 61
69.9 59
70 62
70.1 61
70.2 62
70.3 62
70.4 60
70.5 56
70.6 59
70.7 57
70.8 54
70.9 51
71 50
71.1 47
71.2 46
71.3 43
71.4 41
71.5 38
71.6 36
71.7 33
71.8 35
71.9 34
72 34
72.1 33
72.2 31
72.3 30
72.4 30
72.5 28
72.6 26
72.7 23
72.8 21
72.9 19
73 18
73.1 16
73.2 13
73.3 11
73.4 9
73.5 9
73.6 8
73.7 7
73.8 7
73.9 6
74 6
74.1 6
74.2 6
74.3 6
74.4 6
74.5 6
74.6 5
74.7 6
74.8 6
74.9 6
75 6
75.1 6
75.2 6
75.3 6
75.4 6
75.5 6
75.6 6
75.7 6
75.8 6
75.9 6
76 6
76.1 6
76.2 6
76.3 5
76.4 5
76.5 5
76.6 5
76.7 5
76.8 5
76.9 5
77 5
77.1 5
77.2 5
77.3 5
77.4 5
77.5 4
77.6 4
77.7 4
77.8 4
77.9 4
78 4
78.1 6
78.2 4
78.3 4
78.4 4
78.5 4
78.6 4
78.7 4
78.8 4
78.9 4
79 4
79.1 3
79.2 3
79.3 3
79.4 3
79.5 3
79.6 3
79.7 3
79.8 3
79.9 2
80 1
80.1 1
80.2 0
80.3 0
80.4 1
80.5 1
80.6 1
80.7 1
80.8 1
80.9 1
81 1
81.1 1
81.2 1
81.3 1
81.4 2
81.5 2
81.6 2
81.7 2
81.8 2
81.9 2
82 1
82.1 1
82.2 1
82.3 1
82.4 1
82.5 6
82.6 6
82.7 8
82.8 7
82.9 7
83 9
83.1 9
83.2 8
83.3 8
83.4 8
83.5 8
83.6 8
83.7 7
83.8 7
83.9 5
84 5
84.1 5
84.2 5
84.3 5
84.4 4
84.5 5
84.6 5
84.7 5
84.8 5
84.9 5
85 4
85.1 4
85.2 5
85.3 4
85.4 3
85.5 3
85.6 3
85.7 3
85.8 3
85.9 3
86 3
86.1 2
86.2 2
86.3 2
86.4 2
86.5 1
86.6 1
86.7 1
86.8 1
86.9 4
87 6
87.1 6
87.2 6
87.3 6
87.4 6
87.5 6
87.6 6
87.7 6
87.8 6
87.9 9
88 14
88.1 16
88.2 19
88.3 18
88.4 22
88.5 22
88.6 26
88.7 26
88.8 29
88.9 36
89 42
89.1 43
89.2 42
89.3 43
89.4 47
89.5 51
89.6 51
89.7 53
89.8 56
89.9 55
90 52
90.1 51
90.2 50
90.3 53
90.4 56
90.5 57
90.6 54
90.7 57
90.8 55
90.9 55
91 56
91.1 56
91.2 57
91.3 57
91.4 55
91.5 56
91.6 56
91.7 57
91.8 57
91.9 59
92 58
92.1 60
92.2 59
92.3 60
92.4 62
92.5 59
92.6 58
92.7 57
92.8 57
92.9 55
93 54
93.1 54
93.2 51
93.3 51
93.4 46
93.5 45
93.6 40
93.7 39
93.8 38
93.9 37
94 37
94.1 37
94.2 34
94.3 31
94.4 29
94.5 26
94.6 26
94.7 25
94.8 24
94.9 22
95 21
95.1 21
95.2 20
95.3 18
95.4 18
95.5 17
95.6 15
95.7 15
95.8 14
95.9 13
96 13
96.1 11
96.2 10
96.3 9
96.4 8
96.5 9
96.6 8
96.7 8
96.8 8
96.9 7
97 7
97.1 6
97.2 6
97.3 5
97.4 6
97.5 5
97.6 5
97.7 5
97.8 5
97.9 5
98 4
98.1 4
98.2 4
98.3 4
98.4 7
98.5 7
98.6 7
98.7 7
98.8 6
98.9 6
99 6
99.1 7
99.2 7
99.3 7
99.4 7
99.5 7
99.6 7
99.7 7
99.8 7
99.9 6
100 6
100.1 6
100.2 4
100.3 4
100.4 4
100.5 4
100.6 4
100.7 4
100.8 4
100.9 4
101 4
101.1 3
101.2 3
101.3 3
101.4 2
101.5 2
101.6 2
101.7 2
101.8 2
101.9 2
102 2
102.1 2
102.2 2
102.3 2
102.4 2
102.5 2
102.6 2
102.7 2
102.8 2
102.9 2
103 2
103.1 2
103.2 2
103.3 2
103.4 1
103.5 1
103.6 1
103.7 1
103.8 1
103.9 0
104 0
104.1 0
104.2 0
104.3 0
104.4 0
104.5 0
104.6 0
104.7 0
104.8 0
104.9 0
105 0
105.1 2
105.2 2
105.3 2
105.4 1
105.5 1
105.6 1
105.7 1
105.8 1
105.9 1
106 1
106.1 1
106.2 1
106.3 1
106.4 1
106.5 1
106.6 1
106.7 1
106.8 1
106.9 1
107 1
107.1 1
107.2 1
107.3 1
107.4 1
107.5 0
107.6 0
107.7 0
107.8 0
107.9 0
108 0
108.1 0
108.2 0
108.3 0
108.4 0
108.5 0
108.6 0
108.7 0
108.8 0
108.9 0
109 0
109.1 0
109.2 0
109.3 0
109.4 2
109.5 2
109.6 2
109.7 2
109.8 2
109.9 2
110 2
110.1 2
110.2 5
110.3 5
110.4 7
110.5 6
110.6 5
110.7 6
110.8 5
110.9 5
111 5
111.1 5
111.2 4
111.3 4
111.4 4
111.5 4
111.6 8
111.7 13
111.8 17
111.9 18
112 16
112.1 18
112.2 20
112.3 21
112.4 28
112.5 32
112.6 33
112.7 37
112.8 38
112.9 41
113 46
113.1 46
113.2 45
113.3 45
113.4 48
113.5 49
113.6 50
113.7 52
113.8 53
113.9 54
114 59
114.1 59
114.2 59
114.3 59
114.4 60
114.5 55
114.6 51
114.7 58
114.8 59
114.9 58
115 62
115.1 59
115.2 59
115.3 60
115.4 59
115.5 59
115.6 59
115.7 55
115.8 53
115.9 54
116 56
116.1 57
116.2 56
116.3 56
116.4 57
116.5 57
116.6 61
116.7 60
116.8 58
116.9 63
117 64
117.1 63
117.2 62
117.3 63
117.4 60
117.5 58
117.6 56
117.7 54
117.8 49
117.9 44
118 41
118.1 40
118.2 38
118.3 37
118.4 37
118.5 35
118.6 33
118.7 33
118.8 33
118.9 34
119 34
119.1 33
119.2 30
119.3 29
119.4 26
119.5 24
119.6 22
119.7 22
119.8 22
119.9 21
120 21
120.1 21
120.2 21
120.3 20
120.4 19
120.5 19
120.6 18
120.7 18
120.8 18
120.9 18
121 15
121.1 15
121.2 14
121.3 13
121.4 12
121.5 10
121.6 9
121.7 8
121.8 8
121.9 7
122 6
122.1 6
122.2 6
122.3 6
122.4 6
122.5 6
122.6 6
122.7 6
122.8 5
122.9 5
123 5
123.1 5
123.2 4
123.3 4
123.4 3
123.5 3
123.6 3
123.7 2
123.8 2
123.9 1
124 1
124.1 1
124.2 1
124.3 1
124.4 1
124.5 1
124.6 1
124.7 1
124.8 1
124.9 1
125 0
125.1 0
125.2 0
125.3 0
125.4 0
125.5 0
125.6 0
125.7 0
125.8 0
125.9 0
126 0
126.1 0
126.2 0
126.3 0
126.4 0
126.5 0
126.6 0
126.7 0
126.8 0
126.9 0
127 0
127.1 0
127.2 0
127.3 0
127.4 0
127.5 0
127.6 0
127.7 0
127.8 0
127.9 0
128 0
128.1 0
128.2 0
128.3 0
128.4 0
128.5 0
128.6 0
128.7 0
128.8 0
128.9 0
129 0
129.1 0
129.2 0
129.3 3
129.4 3
129.5 2
129.6 2
129.7 2
129.8 2
129.9 2
130 1
130.1 1
130.2 1
130.3 1
130.4 1
130.5 1
130.6 1
130.7 1
130.8 1
130.9 1
131 1
131.1 0
131.2 0
131.3 0
131.4 2
131.5 2
131.6 2
131.7 2
131.8 2
131.9 2
132 5
132.1 5
132.2 4
132.3 4
132.4 4
132.5 4
132.6 4
132.7 3
132.8 3
132.9 3
133 3
133.1 2
133.2 2
133.3 2
133.4 2
133.5 2
133.6 2
133.7 2
133.8 2
133.9 2
134 2
134.1 2
134.2 6
134.3 6
134.4 6
134.5 6
134.6 6
134.7 6
134.8 6
134.9 5
135 5
135.1 5
135.2 5
135.3 5
135.4 5
135.5 5
135.6 5
135.7 5
135.8 5
135.9 5
136 4
136.1 3
136.2 3
136.3 5
136.4 5
136.5 5
136.6 5
136.7 5
136.8 5
136.9 5
137 5
137.1 5
137.2 4
137.3 4
137.4 4
137.5 3
137.6 3
137.7 3
137.8 3
137.9 2
138 2
138.1 2
138.2 2
138.3 2
138.4 2
138.5 2
138.6 1
138.7 1
138.8 1
138.9 1
139 1
139.1 1
139.2 2
139.3 2
139.4 2
139.5 2
139.6 1
139.7 1
139.8 2
139.9 3
140 3
140.1 3
140.2 3
140.3 2
140.4 2
140.5 3
140.6 3
140.7 3
140.8 7
140.9 10
141 10
141.1 9
141.2 8
141.3 8
141.4 8
141.5 8
141.6 11
141.7 10
141.8 13
141.9 14
142 18
142.1 19
142.2 22
142.3 24
142.4 29
142.5 30
142.6 30
142.7 32
142.8 35
142.9 40
143 42
143.1 43
143.2 43
143.3 44
143.4 45
143.5 42
143.6 46
143.7 45
143.8 45
143.9 47
144 52
144.1 55
144.2 53
144.3 52
144.4 54
144.5 56
144.6 60
144.7 55
144.8 54
144.9 54
145 53
145.1 53
145.2 53
145.3 53
145.4 55
145.5 54
145.6 56
145.7 55
145.8 55
145.9 54
146 61
146.1 61
146.2 61
146.3 57
146.4 54
146.5 57
146.6 59
146.7 57
146.8 57
146.9 56
147 53
147.1 50
147.2 47
147.3 45
147.4 42
147.5 46
147.6 45
147.7 43
147.8 45
147.9 43
148 43
148.1 42
148.2 40
148.3 39
148.4 35
148.5 33
148.6 30
148.7 27
148.8 25
148.9 25
149 24
149.1 21
149.2 20
149.3 19
149.4 18
149.5 18
149.6 16
149.7 16
149.8 15
149.9 14
150 13
150.1 11
150.2 10
150.3 10
150.4 10
150.5 9
150.6 7
150.7 6
150.8 6
150.9 6
151 6
151.1 6
151.2 6
151.3 6
151.4 5
151.5 5
151.6 5
151.7 5
151.8 5
151.9 4
152 4
152.1 4
152.2 4
152.3 4
152.4 4
152.5 5
152.6 5
152.7 5
152.8 4
152.9 4
153 4
153.1 4
153.2 4
153.3 4
153.4 3
153.5 3
153.6 3
153.7 3
153.8 3
153.9 3
154 3
154.1 3
154.2 3
154.3 2
154.4 2
154.5 2
154.6 2
154.7 2
154.8 2
154.9 2
155 2
155.1 2
155.2 2
155.3 2
155.4 2
155.5 2
155.6 2
155.7 2
155.8 2
155.9 2
156 2
156.1 2
156.2 2
156.3 2
156.4 2
156.5 2
156.6 2
156.7 2
156.8 2
156.9 2
157 2
157.1 2
157.2 2
157.3 2
157.4 2
157.5 2
157.6 2
157.7 2
157.8 2
157.9 2
158 1
158.1 1
158.2 1
158.3 1
158.4 1
158.5 1
158.6 1
158.7 1
158.8 1
158.9 1
159 1
159.1 1
159.2 1
159.3 1
159.4 1
159.5 1
159.6 1
159.7 1
159.8 1
159.9 1
160 1
160.1 1
160.2 1
160.3 1
160.4 1
160.5 1
160.6 1
160.7 0
160.8 0
160.9 0
161 0
161.1 0
161.2 0
161.3 0
161.4 0
161.5 0
161.6 0
161.7 0
161.8 0
161.9 0
162 0
162.1 0
162.2 1
162.3 4
162.4 6
162.5 8
162.6 13
162.7 16
162.8 20
162.9 25
163 26
163.1 28
163.2 29
163.3 30
163.4 31
163.5 28
163.6 29
163.7 28
163.8 28
163.9 33
164 34
164.1 36
164.2 40
164.3 43
164.4 47
164.5 48
164.6 47
164.7 52
164.8 52
164.9 51
165 52
165.1 55
165.2 53
165.3 56
165.4 58
165.5 56
165.6 51
165.7 51
165.8 51
165.9 51
166 52
166.1 49
166.2 50
166.3 51
166.4 50
166.5 48
166.6 51
166.7 52
166.8 50
166.9 57
167 60
167.1 62
167.2 57
167.3 59
167.4 58
167.5 57
167.6 53
167.7 54
167.8 52
167.9 48
168 47
168.1 43
168.2 43
168.3 41
168.4 39
168.5 41
168.6 42
168.7 41
168.8 37
168.9 37
169 37
169.1 36
169.2 35
169.3 33
169.4 31
169.5 28
169.6 28
169.7 27
169.8 26
169.9 24
170 23
170.1 23
170.2 19
170.3 18
170.4 15
170.5 14
170.6 14
170.7 14
170.8 14
170.9 13
171 12
171.1 11
171.2 11
171.3 10
171.4 9
171.5 8
171.6 8
171.7 8
171.8 8
171.9 7
172 6
172.1 6
172.2 6
172.3 6
172.4 6
172.5 6
172.6 6
172.7 5
172.8 5
172.9 5
173 5
173.1 5
173.2 3
173.3 3
173.4 3
173.5 3
173.6 3
173.7 2
173.8 1
173.9 1
174 1
174.1 1
174.2 1
174.3 1
174.4 1
174.5 1
174.6 1
174.7 1
174.8 1
174.9 1
175 1
175.1 1
175.2 1
175.3 1
175.4 1
175.5 1
175.6 1
175.7 1
175.8 1
175.9 1
176 1
176.1 1
176.2 2
176.3 2
176.4 2
176.5 2
176.6 2
176.7 2
176.8 2
176.9 2
177 2
177.1 2
177.2 2
177.3 2
177.4 2
177.5 2
177.6 2
177.7 2
177.8 2
177.9 2
178 2
178.1 2
178.2 2
178.3 2
178.4 2
178.5 2
178.6 1
178.7 1
178.8 1
178.9 1
179 1
179.1 1
179.2 1
179.3 0
179.4 0
179.5 0
179.6 0
179.7 0
179.8 0
179.9 0
180 0
180.1 0
180.2 0
180.3 0
180.4 0
180.5 0
180.6 0
180.7 0
180.8 0
180.9 0
181 0
181.1 0
181.2 0
181.3 0
181.4 0
181.5 0
181.6 0
181.7 0
181.8 0
181.9 0
182 0
182.1 0
182.2 0
182.3 0
182.4 0
182.5 0
182.6 0
182.7 0
182.8 0
182.9 0
183 0
183.1 0
183.2 1
183.3 1
183.4 1
183.5 1
183.6 1
183.7 1
183.8 1
183.9 1
184 1
184.1 1
184.2 1
184.3 1
184.4 1
184.5 1
184.6 1
184.7 1
184.8 1
184.9 1
185 3
185.1 3
185.2 4
185.3 5
185.4 7
185.5 7
185.6 6
185.7 7
185.8 13
185.9 15
186 15
186.1 21
186.2 24
186.3 31
186.4 31
186.5 36
186.6 38
186.7 42
186.8 40
186.9 39
187 36
187.1 37
187.2 40
187.3 43
187.4 49
187.5 49
187.6 50
187.7 55
187.8 57
187.9 57
188 57
188.1 56
188.2 52
188.3 53
188.4 60
188.5 63
188.6 69
188.7 70
188.8 70
188.9 72
189 71
189.1 70
189.2 74
189.3 71
189.4 68
189.5 65
189.6 68
189.7 73
189.8 74
189.9 74
190 72
190.1 73
190.2 76
190.3 75
190.4 76
190.5 75
190.6 73
190.7 70
190.8 64
190.9 69
191 70
191.1 67
191.2 67
191.3 62
191.4 59
191.5 56
191.6 56
191.7 54
191.8 52
191.9 49
192 47
192.1 46
192.2 41
192.3 37
192.4 35
192.5 32
192.6 31
192.7 30
192.8 30
192.9 27
193 25
193.1 25
193.2 25
193.3 24
193.4 23
193.5 23
193.6 22
193.7 21
193.8 21
193.9 19
194 19
194.1 18
194.2 18
194.3 15
194.4 14
194.5 14
194.6 13
194.7 13
194.8 13
194.9 13
195 12
195.1 11
195.2 9
195.3 9
195.4 9
195.5 9
195.6 7
195.7 6
195.8 6
195.9 6
196 5
196.1 5
196.2 5
196.3 5
196.4 5
196.5 5
196.6 5
196.7 5
196.8 5
196.9 5
197 5
197.1 5
197.2 5
197.3 5
197.4 5
197.5 5
197.6 5
197.7 4
197.8 4
197.9 4
198 4
198.1 4
198.2 4
198.3 4
198.4 4
198.5 3
198.6 3
198.7 3
198.8 2
198.9 1
199 1
199.1 1
199.2 1
199.3 1
199.4 1
199.5 1
199.6 1
199.7 1
199.8 1
199.9 1
200 1
