0 0
0.1 0
0.2 0
0.3 1
0.4 2
0.5 3
0.6 5
0.7 6
0.8 6
0.9 8
1 8
1.1 11
1.2 13
1.3 15
1.4 21
1.5 25
1.6 36
1.7 42
1.8 52
1.9 65
2 81
2.1 93
2.2 117
2.3 140
2.4 161
2.5 182
2.6 203
2.7 220
2.8 238
2.9 263
3 291
3.1 325
3.2 357
3.3 380
3.4 400
3.5 437
3.6 468
3.7 502
3.8 528
3.9 551
4 590
4.1 607
4.2 637
4.3 683
4.4 718
4.5 755
4.6 784
4.7 829
4.8 883
4.9 933
5 990
5.1 1033
5.2 1073
5.3 1106
5.4 1142
5.5 1180
5.6 1219
5.7 1251
5.8 1298
5.9 1339
6 1377
6.1 1418
6.2 1475
6.3 1518
6.4 1560
6.5 1592
6.6 1629
6.7 1666
6.8 1701
6.9 1724
7 1725
7.1 1729
7.2 1709
7.3 1603
7.4 1491
7.5 1371
7.6 1253
7.7 1158
7.8 1076
7.9 995
8 930
8.1 870
8.2 808
8.3 759
8.4 719
8.5 665
8.6 623
8.7 612
8.8 574
8.9 558
9 532
9.1 501
9.2 479
9.3 463
9.4 457
9.5 437
9.6 422
9.7 394
9.8 377
9.9 383
10 397
10.1 395
10.2 377
10.3 371
10.4 337
10.5 328
10.6 324
10.7 305
10.8 297
10.9 310
11 299
11.1 306
11.2 430
11.3 460
11.4 453
11.5 422
11.6 386
11.7 367
11.8 358
11.9 345
12 339
12.1 321
12.2 310
12.3 297
12.4 287
12.5 276
12.6 267
12.7 283
12.8 325
12.9 331
13 322
13.1 326
13.2 313
13.3 318
13.4 327
13.5 334
13.6 328
13.7 325
13.8 328
13.9 316
14 342
14.1 344
14.2 357
14.3 349
14.4 435
14.5 446
14.6 448
14.7 427
14.8 411
14.9 378
15 383
15.1 394
15.2 371
15.3 365
15.4 357
15.5 347
15.6 335
15.7 322
15.8 313
15.9 326
16 310
16.1 289
16.2 283
16.3 269
16.4 271
16.5 267
16.6 266
16.7 265
16.8 273
16.9 302
17 314
17.1 303
17.2 298
17.3 287
17.4 337
17.5 415
17.6 419
17.7 394
17.8 380
17.9 377
18 376
18.1 371
18.2 353
18.3 347
18.4 334
18.5 310
18.6 294
18.7 286
18.8 283
18.9 276
19 273
19.1 272
19.2 265
19.3 296
19.4 321
19.5 323
19.6 319
19.7 338
19.8 331
19.9 318
20 306
20.1 286
20.2 264
20.3 257
20.4 251
20.5 243
20.6 247
20.7 240
20.8 237
20.9 244
21 244
21.1 267
21.2 273
21.3 298
21.4 312
21.5 315
21.6 305
21.7 294
21.8 269
21.9 253
22 252
22.1 257
22.2 251
22.3 253
22.4 247
22.5 230
22.6 236
22.7 249
22.8 259
22.9 289
23 312
23.1 317
23.2 304
23.3 287
23.4 275
23.5 264
23.6 298
23.7 327
23.8 340
23.9 328
24 331
24.1 325
24.2 312
24.3 297
24.4 284
24.5 291
24.6 294
24.7 302
24.8 312
24.9 323
25 319
25.1 318
25.2 349
25.3 356
25.4 349
25.5 343
25.6 331
25.7 316
25.8 313
25.9 312
26 342
26.1 357
26.2 361
26.3 356
26.4 368
26.5 368
26.6 370
26.7 381
26.8 397
26.9 395
27 402
27.1 407
27.2 414
27.3 415
27.4 417
27.5 431
27.6 433
27.7 444
27.8 453
27.9 459
28 468
28.1 469
28.2 486
28.3 498
28.4 509
28.5 519
28.6 539
28.7 551
28.8 560
28.9 584
29 601
29.1 622
29.2 643
29.3 672
29.4 691
29.5 713
29.6 742
29.7 769
29.8 813
29.9 846
30 875
30.1 901
30.2 928
30.3 949
30.4 966
30.5 991
30.6 1010
30.7 1034
30.8 1055
30.9 1075
31 1102
31.1 1132
31.2 1164
31.3 1190
31.4 1203
31.5 1222
31.6 1255
31.7 1286
31.8 1308
31.9 1327
32 1356
32.1 1369
32.2 1402
32.3 1427
32.4 1443
32.5 1482
32.6 1501
32.7 1532
32.8 1566
32.9 1585
33 1615
33.1 1634
33.2 1660
33.3 1664
33.4 1687
33.5 1682
33.6 1686
33.7 1712
33.8 1684
33.9 1629
34 1605
34.1 1578
34.2 1499
34.3 1393
34.4 1319
34.5 1216
34.6 1129
34.7 1036
34.8 957
34.9 873
35 801
35.1 738
35.2 679
35.3 625
35.4 581
35.5 539
35.6 510
35.7 492
35.8 461
35.9 423
36 391
36.1 378
36.2 376
36.3 355
36.4 342
36.5 352
36.6 344
36.7 343
36.8 332
36.9 322
37 310
37.1 314
37.2 318
37.3 331
37.4 338
37.5 336
37.6 334
37.7 308
37.8 289
37.9 288
38 271
38.1 270
38.2 262
38.3 241
38.4 241
38.5 234
38.6 224
38.7 218
38.8 216
38.9 226
39 229
39.1 240
39.2 237
39.3 225
39.4 233
39.5 235
39.6 228
39.7 236
39.8 241
39.9 226
40 208
40.1 196
40.2 195
40.3 189
40.4 217
40.5 247
40.6 273
40.7 267
40.8 294
40.9 292
41 299
41.1 293
41.2 289
41.3 283
41.4 272
41.5 274
41.6 257
41.7 252
41.8 229
41.9 211
42 225
42.1 218
42.2 212
42.3 205
42.4 204
42.5 199
42.6 211
42.7 214
42.8 227
42.9 230
43 248
43.1 260
43.2 249
43.3 245
43.4 242
43.5 253
43.6 272
43.7 297
43.8 292
43.9 298
44 292
44.1 305
44.2 314
44.3 318
44.4 331
44.5 359
44.6 370
44.7 349
44.8 337
44.9 315
45 327
45.1 352
45.2 408
45.3 420
45.4 491
45.5 521
45.6 536
45.7 542
45.8 532
45.9 522
46 506
46.1 475
46.2 441
46.3 426
46.4 422
46.5 417
46.6 409
46.7 415
46.8 404
46.9 400
47 400
47.1 479
47.2 510
47.3 537
47.4 561
47.5 575
47.6 578
47.7 583
47.8 593
47.9 596
48 596
48.1 605
48.2 609
48.3 613
48.4 619
48.5 625
48.6 634
48.7 653
48.8 661
48.9 674
49 686
49.1 704
49.2 711
49.3 726
49.4 744
49.5 750
49.6 770
49.7 788
49.8 806
49.9 823
50 844
50.1 866
50.2 888
50.3 912
50.4 944
50.5 963
50.6 987
50.7 1010
50.8 1030
50.9 1054
51 1077
51.1 1105
51.2 1127
51.3 1146
51.4 1171
51.5 1196
51.6 1233
51.7 1262
51.8 1278
51.9 1300
52 1330
52.1 1349
52.2 1371
52.3 1392
52.4 1415
52.5 1453
52.6 1470
52.7 1502
52.8 1525
52.9 1557
53 1583
53.1 1606
53.2 1617
53.3 1631
53.4 1637
53.5 1654
53.6 1647
53.7 1584
53.8 1467
53.9 1355
54 1262
54.1 1161
54.2 1077
54.3 1006
54.4 931
54.5 867
54.6 788
54.7 729
54.8 670
54.9 637
55 598
55.1 565
55.2 531
55.3 502
55.4 464
55.5 444
55.6 439
55.7 430
55.8 413
55.9 408
56 394
56.1 374
56.2 365
56.3 359
56.4 361
56.5 356
56.6 352
56.7 350
56.8 338
56.9 326
57 318
57.1 312
57.2 308
57.3 300
57.4 286
57.5 290
57.6 282
57.7 286
57.8 274
57.9 283
58 293
58.1 287
58.2 279
58.3 270
58.4 266
58.5 248
58.6 248
58.7 242
58.8 226
58.9 203
59 200
59.1 239
59.2 316
59.3 324
59.4 326
59.5 304
59.6 294
59.7 395
59.8 482
59.9 502
60 521
60.1 527
60.2 515
60.3 487
60.4 467
60.5 456
60.6 434
60.7 404
60.8 370
60.9 343
61 333
61.1 328
61.2 318
61.3 310
61.4 307
61.5 314
61.6 298
61.7 296
61.8 281
61.9 263
62 251
62.1 253
62.2 255
62.3 268
62.4 243
62.5 226
62.6 220
62.7 224
62.8 226
62.9 224
63 224
63.1 227
63.2 241
63.3 244
63.4 236
63.5 248
63.6 250
63.7 251
63.8 275
63.9 258
64 258
64.1 242
64.2 243
64.3 256
64.4 264
64.5 241
64.6 225
64.7 224
64.8 232
64.9 227
65 229
65.1 233
65.2 236
65.3 240
65.4 243
65.5 243
65.6 248
65.7 248
65.8 259
65.9 263
66 263
66.1 271
66.2 294
66.3 308
66.4 311
66.5 331
66.6 341
66.7 340
66.8 339
66.9 324
67 306
67.1 301
67.2 309
67.3 325
67.4 368
67.5 397
67.6 406
67.7 425
67.8 433
67.9 437
68 441
68.1 446
68.2 452
68.3 456
68.4 464
68.5 469
68.6 474
68.7 485
68.8 492
68.9 508
69 520
69.1 529
69.2 539
69.3 553
69.4 573
69.5 589
69.6 604
69.7 621
69.8 635
69.9 654
70 676
70.1 696
70.2 719
70.3 731
70.4 755
70.5 772
70.6 799
70.7 822
70.8 841
70.9 860
71 884
71.1 901
71.2 921
71.3 946
71.4 956
71.5 986
71.6 1018
71.7 1035
71.8 1070
71.9 1100
72 1130
72.1 1146
72.2 1188
72.3 1214
72.4 1241
72.5 1287
72.6 1320
72.7 1363
72.8 1392
72.9 1429
73 1464
73.1 1492
73.2 1524
73.3 1558
73.4 1585
73.5 1614
73.6 1615
73.7 1636
73.8 1650
73.9 1681
74 1663
74.1 1663
74.2 1567
74.3 1463
74.4 1331
74.5 1236
74.6 1134
74.7 1024
74.8 959
74.9 871
75 820
75.1 774
75.2 736
75.3 726
75.4 718
75.5 690
75.6 678
75.7 646
75.8 615
75.9 615
76 598
76.1 572
76.2 572
76.3 522
76.4 478
76.5 459
76.6 450
76.7 431
76.8 405
76.9 402
77 379
77.1 350
77.2 334
77.3 324
77.4 316
77.5 369
77.6 382
77.7 370
77.8 346
77.9 348
78 356
78.1 363
78.2 339
78.3 323
78.4 312
78.5 305
78.6 312
78.7 318
78.8 315
78.9 304
79 290
79.1 286
79.2 278
79.3 271
79.4 289
79.5 296
79.6 284
79.7 272
79.8 261
79.9 257
80 253
80.1 261
80.2 267
80.3 273
80.4 283
80.5 274
80.6 265
80.7 270
80.8 257
80.9 258
81 261
81.1 287
81.2 277
81.3 261
81.4 256
81.5 269
81.6 259
81.7 248
81.8 237
81.9 224
82 211
82.1 213
82.2 219
82.3 233
82.4 245
82.5 274
82.6 290
82.7 303
82.8 357
82.9 362
83 364
83.1 349
83.2 357
83.3 367
83.4 372
83.5 376
83.6 376
83.7 376
83.8 368
83.9 352
84 332
84.1 312
84.2 291
84.3 316
84.4 329
84.5 336
84.6 330
84.7 314
84.8 307
84.9 328
85 334
85.1 328
85.2 321
85.3 320
85.4 336
85.5 326
85.6 310
85.7 281
85.8 256
85.9 250
86 262
86.1 259
86.2 253
86.3 263
86.4 273
86.5 280
86.6 281
86.7 303
86.8 322
86.9 320
87 319
87.1 302
87.2 289
87.3 287
87.4 332
87.5 349
87.6 353
87.7 342
87.8 320
87.9 315
88 304
88.1 301
88.2 276
88.3 260
88.4 254
88.5 246
88.6 233
88.7 253
88.8 258
88.9 293
89 321
89.1 327
89.2 327
89.3 323
89.4 319
89.5 334
89.6 312
89.7 299
89.8 307
89.9 297
90 290
90.1 279
90.2 286
90.3 309
90.4 300
90.5 310
90.6 309
90.7 348
90.8 337
90.9 315
91 315
91.1 297
91.2 300
91.3 288
91.4 280
91.5 279
91.6 281
91.7 283
91.8 283
91.9 272
92 268
92.1 258
92.2 248
92.3 269
92.4 277
92.5 291
92.6 282
92.7 288
92.8 278
92.9 286
93 287
93.1 282
93.2 281
93.3 268
93.4 266
93.5 265
93.6 261
93.7 259
93.8 272
93.9 361
94 400
94.1 415
94.2 425
94.3 431
94.4 437
94.5 454
94.6 460
94.7 475
94.8 495
94.9 509
95 527
95.1 543
95.2 555
95.3 578
95.4 606
95.5 622
95.6 639
95.7 655
95.8 674
95.9 699
96 729
96.1 749
96.2 776
96.3 801
96.4 837
96.5 866
96.6 896
96.7 928
96.8 942
96.9 974
97 993
97.1 1021
97.2 1043
97.3 1066
97.4 1099
97.5 1131
97.6 1155
97.7 1177
97.8 1196
97.9 1223
98 1251
98.1 1275
98.2 1305
98.3 1324
98.4 1335
98.5 1360
98.6 1371
98.7 1402
98.8 1418
98.9 1417
99 1423
99.1 1392
99.2 1321
99.3 1225
99.4 1125
99.5 1010
99.6 938
99.7 875
99.8 805
99.9 722
100 691
100.1 657
100.2 598
100.3 559
100.4 533
100.5 539
100.6 526
100.7 532
100.8 527
100.9 500
101 485
101.1 459
101.2 435
101.3 444
101.4 425
101.5 417
101.6 401
101.7 380
101.8 357
101.9 349
102 330
102.1 329
102.2 314
102.3 303
102.4 297
102.5 296
102.6 283
102.7 275
102.8 256
102.9 254
103 257
103.1 259
103.2 268
103.3 268
103.4 248
103.5 252
103.6 247
103.7 222
103.8 206
103.9 212
104 221
104.1 210
104.2 212
104.3 200
104.4 213
104.5 214
104.6 212
104.7 235
104.8 251
104.9 243
105 238
105.1 234
105.2 239
105.3 225
105.4 231
105.5 230
105.6 222
105.7 221
105.8 232
105.9 243
106 238
106.1 226
106.2 231
106.3 236
106.4 236
106.5 249
106.6 240
106.7 228
106.8 216
106.9 226
107 256
107.1 272
107.2 271
107.3 272
107.4 281
107.5 319
107.6 342
107.7 334
107.8 342
107.9 322
108 314
108.1 358
108.2 372
108.3 404
108.4 439
108.5 451
108.6 445
108.7 431
108.8 439
108.9 431
109 413
109.1 398
109.2 389
109.3 379
109.4 368
109.5 413
109.6 411
109.7 415
109.8 395
109.9 391
110 414
110.1 417
110.2 446
110.3 496
110.4 506
110.5 513
110.6 515
110.7 528
110.8 533
110.9 542
111 555
111.1 562
111.2 576
111.3 585
111.4 594
111.5 611
111.6 621
111.7 638
111.8 649
111.9 675
112 694
112.1 714
112.2 732
112.3 757
112.4 779
112.5 802
112.6 815
112.7 836
112.8 857
112.9 876
113 898
113.1 916
113.2 936
113.3 972
113.4 994
113.5 1022
113.6 1041
113.7 1066
113.8 1096
113.9 1117
114 1140
114.1 1167
114.2 1189
114.3 1216
114.4 1235
114.5 1250
114.6 1274
114.7 1297
114.8 1324
114.9 1352
115 1381
115.1 1403
115.2 1414
115.3 1431
115.4 1460
115.5 1474
115.6 1496
115.7 1520
115.8 1534
115.9 1563
116 1595
116.1 1615
116.2 1606
116.3 1631
116.4 1660
116.5 1664
116.6 1657
116.7 1633
116.8 1547
116.9 1427
117 1286
117.1 1171
117.2 1082
117.3 992
117.4 916
117.5 843
117.6 783
117.7 714
117.8 649
117.9 594
118 528
118.1 492
118.2 458
118.3 428
118.4 389
118.5 434
118.6 438
118.7 409
118.8 415
118.9 414
119 402
119.1 385
119.2 390
119.3 382
119.4 354
119.5 332
119.6 315
119.7 309
119.8 291
119.9 272
120 271
120.1 270
120.2 284
120.3 282
120.4 269
120.5 256
120.6 231
120.7 229
120.8 224
120.9 238
121 241
121.1 235
121.2 241
121.3 239
121.4 255
121.5 267
121.6 269
121.7 274
121.8 262
121.9 272
122 271
122.1 266
122.2 238
122.3 240
122.4 232
122.5 227
122.6 212
122.7 213
122.8 236
122.9 254
123 247
123.1 240
123.2 244
123.3 252
123.4 247
123.5 233
123.6 210
123.7 205
123.8 199
123.9 202
124 212
124.1 213
124.2 208
124.3 208
124.4 221
124.5 218
124.6 227
124.7 281
124.8 299
124.9 298
125 307
125.1 287
125.2 273
125.3 262
125.4 252
125.5 247
125.6 260
125.7 270
125.8 263
125.9 264
126 249
126.1 244
126.2 243
126.3 247
126.4 248
126.5 264
126.6 268
126.7 259
126.8 256
126.9 251
127 312
127.1 359
127.2 380
127.3 402
127.4 391
127.5 385
127.6 379
127.7 368
127.8 355
127.9 414
128 440
128.1 441
128.2 453
128.3 452
128.4 450
128.5 432
128.6 394
128.7 369
128.8 367
128.9 339
129 330
129.1 342
129.2 352
129.3 367
129.4 412
129.5 455
129.6 476
129.7 479
129.8 464
129.9 473
130 469
130.1 460
130.2 454
130.3 468
130.4 474
130.5 492
130.6 516
130.7 544
130.8 556
130.9 572
131 581
131.1 583
131.2 597
131.3 597
131.4 617
131.5 618
131.6 634
131.7 644
131.8 649
131.9 672
132 688
132.1 702
132.2 717
132.3 736
132.4 754
132.5 778
132.6 799
132.7 822
132.8 838
132.9 866
133 892
133.1 919
133.2 931
133.3 972
133.4 999
133.5 1029
133.6 1055
133.7 1080
133.8 1106
133.9 1134
134 1152
134.1 1176
134.2 1217
134.3 1242
134.4 1277
134.5 1307
134.6 1333
134.7 1368
134.8 1420
134.9 1452
135 1484
135.1 1499
135.2 1520
135.3 1563
135.4 1554
135.5 1582
135.6 1577
135.7 1595
135.8 1584
135.9 1593
136 1593
136.1 1560
136.2 1478
136.3 1347
136.4 1225
136.5 1129
136.6 1012
136.7 942
136.8 875
136.9 837
137 799
137.1 757
137.2 699
137.3 632
137.4 582
137.5 551
137.6 521
137.7 505
137.8 483
137.9 505
138 499
138.1 472
138.2 442
138.3 405
138.4 382
138.5 372
138.6 381
138.7 376
138.8 395
138.9 372
139 359
139.1 353
139.2 350
139.3 326
139.4 315
139.5 320
139.6 315
139.7 307
139.8 296
139.9 285
140 282
140.1 271
140.2 260
140.3 253
140.4 272
140.5 284
140.6 312
140.7 294
140.8 277
140.9 274
141 254
141.1 254
141.2 247
141.3 231
141.4 226
141.5 208
141.6 204
141.7 195
141.8 194
141.9 182
142 198
142.1 207
142.2 215
142.3 208
142.4 206
142.5 198
142.6 192
142.7 192
142.8 216
142.9 214
143 211
143.1 219
143.2 226
143.3 297
143.4 368
143.5 394
143.6 416
143.7 417
143.8 398
143.9 385
144 362
144.1 358
144.2 364
144.3 435
144.4 495
144.5 522
144.6 544
144.7 561
144.8 617
144.9 695
145 734
145.1 728
145.2 701
145.3 662
145.4 626
145.5 596
145.6 557
145.7 581
145.8 644
145.9 624
146 679
146.1 725
146.2 724
146.3 721
146.4 672
146.5 633
146.6 602
146.7 594
146.8 623
146.9 614
147 603
147.1 596
147.2 570
147.3 529
147.4 493
147.5 462
147.6 430
147.7 421
147.8 391
147.9 363
148 353
148.1 338
148.2 331
148.3 327
148.4 331
148.5 328
148.6 311
148.7 312
148.8 300
148.9 292
149 284
149.1 286
149.2 272
149.3 280
149.4 256
149.5 241
149.6 241
149.7 226
149.8 214
149.9 212
150 211
150.1 225
150.2 225
150.3 224
150.4 218
150.5 212
150.6 224
150.7 220
150.8 220
150.9 230
151 232
151.1 218
151.2 214
151.3 213
151.4 221
151.5 242
151.6 280
151.7 313
151.8 348
151.9 362
152 369
152.1 370
152.2 358
152.3 353
152.4 390
152.5 398
152.6 451
152.7 487
152.8 489
152.9 502
153 509
153.1 524
153.2 530
153.3 537
153.4 542
153.5 546
153.6 562
153.7 572
153.8 581
153.9 593
154 611
154.1 628
154.2 648
154.3 659
154.4 676
154.5 701
154.6 720
154.7 735
154.8 753
154.9 787
155 807
155.1 825
155.2 849
155.3 868
155.4 888
155.5 925
155.6 956
155.7 993
155.8 1017
155.9 1062
156 1080
156.1 1106
156.2 1128
156.3 1154
156.4 1180
156.5 1219
156.6 1252
156.7 1270
156.8 1292
156.9 1321
157 1344
157.1 1378
157.2 1410
157.3 1441
157.4 1483
157.5 1496
157.6 1527
157.7 1546
157.8 1560
157.9 1582
158 1593
158.1 1578
158.2 1562
158.3 1509
158.4 1408
158.5 1333
158.6 1262
158.7 1177
158.8 1084
158.9 997
159 904
159.1 850
159.2 787
159.3 735
159.4 690
159.5 627
159.6 582
159.7 535
159.8 491
159.9 459
160 451
160.1 458
160.2 440
160.3 417
160.4 431
160.5 416
160.6 393
160.7 393
160.8 378
160.9 398
161 396
161.1 387
161.2 365
161.3 355
161.4 331
161.5 305
161.6 306
161.7 300
161.8 299
161.9 288
162 298
162.1 276
162.2 260
162.3 264
162.4 268
162.5 270
162.6 270
162.7 262
162.8 244
162.9 239
163 237
163.1 227
163.2 228
163.3 213
163.4 228
163.5 235
163.6 234
163.7 228
163.8 234
163.9 250
164 247
164.1 241
164.2 234
164.3 227
164.4 222
164.5 226
164.6 230
164.7 222
164.8 238
164.9 236
165 245
165.1 246
165.2 247
165.3 238
165.4 227
165.5 227
165.6 230
165.7 233
165.8 246
165.9 241
166 247
166.1 261
166.2 263
166.3 286
166.4 277
166.5 257
166.6 233
166.7 218
166.8 206
166.9 202
167 202
167.1 200
167.2 200
167.3 204
167.4 213
167.5 204
167.6 182
167.7 185
167.8 186
167.9 177
168 180
168.1 178
168.2 187
168.3 207
168.4 203
168.5 208
168.6 196
168.7 189
168.8 180
168.9 188
169 179
169.1 167
169.2 160
169.3 165
169.4 163
169.5 161
169.6 153
169.7 157
169.8 173
169.9 180
170 189
170.1 193
170.2 183
170.3 187
170.4 193
170.5 198
170.6 230
170.7 246
170.8 283
170.9 327
171 349
171.1 362
171.2 391
171.3 409
171.4 426
171.5 435
171.6 434
171.7 435
171.8 446
171.9 454
172 465
172.1 472
172.2 477
172.3 492
172.4 509
172.5 519
172.6 538
172.7 549
172.8 573
172.9 593
173 607
173.1 621
173.2 645
173.3 662
173.4 685
173.5 695
173.6 717
173.7 734
173.8 752
173.9 760
174 781
174.1 799
174.2 823
174.3 844
174.4 863
174.5 889
174.6 905
174.7 930
174.8 937
174.9 957
175 987
175.1 1002
175.2 1030
175.3 1058
175.4 1073
175.5 1097
175.6 1117
175.7 1123
175.8 1148
175.9 1173
176 1187
176.1 1207
176.2 1216
176.3 1241
176.4 1269
176.5 1284
176.6 1308
176.7 1327
176.8 1356
176.9 1371
177 1392
177.1 1411
177.2 1439
177.3 1462
177.4 1481
177.5 1500
177.6 1525
177.7 1558
177.8 1589
177.9 1589
178 1583
178.1 1574
178.2 1560
178.3 1575
178.4 1550
178.5 1458
178.6 1330
178.7 1258
178.8 1204
178.9 1108
179 1035
179.1 927
179.2 903
179.3 897
179.4 845
179.5 805
179.6 761
179.7 719
179.8 679
179.9 655
180 614
180.1 563
180.2 546
180.3 544
180.4 520
180.5 489
180.6 461
180.7 435
180.8 409
180.9 382
181 362
181.1 346
181.2 324
181.3 307
181.4 289
181.5 301
181.6 295
181.7 291
181.8 294
181.9 294
182 306
182.1 303
182.2 343
182.3 380
182.4 362
182.5 334
182.6 353
182.7 380
182.8 396
182.9 367
183 357
183.1 358
183.2 361
183.3 346
183.4 316
183.5 310
183.6 291
183.7 287
183.8 268
183.9 261
184 245
184.1 252
184.2 270
184.3 269
184.4 273
184.5 277
184.6 272
184.7 269
184.8 267
184.9 274
185 259
185.1 250
185.2 239
185.3 234
185.4 235
185.5 238
185.6 244
185.7 250
185.8 250
185.9 246
186 243
186.1 225
186.2 235
186.3 243
186.4 237
186.5 247
186.6 242
186.7 240
186.8 242
186.9 250
187 248
187.1 240
187.2 231
187.3 217
187.4 206
187.5 211
187.6 229
187.7 248
187.8 250
187.9 244
188 220
188.1 223
188.2 231
188.3 248
188.4 236
188.5 239
188.6 231
188.7 227
188.8 228
188.9 223
189 214
189.1 206
189.2 188
189.3 177
189.4 189
189.5 205
189.6 217
189.7 226
189.8 215
189.9 216
190 218
190.1 223
190.2 214
190.3 218
190.4 207
190.5 194
190.6 189
190.7 179
190.8 176
190.9 181
191 195
191.1 185
191.2 192
191.3 192
191.4 193
191.5 184
191.6 186
191.7 176
191.8 185
191.9 189
192 188
192.1 209
192.2 234
192.3 261
192.4 285
192.5 295
192.6 294
192.7 293
192.8 274
192.9 263
193 254
193.1 246
193.2 239
193.3 229
193.4 236
193.5 227
193.6 225
193.7 232
193.8 231
193.9 238
194 233
194.1 227
194.2 229
194.3 236
194.4 222
194.5 238
194.6 265
194.7 281
194.8 299
194.9 308
195 321
195.1 337
195.2 339
195.3 342
195.4 349
195.5 359
195.6 371
195.7 372
195.8 383
195.9 389
196 396
196.1 403
196.2 411
196.3 423
196.4 433
196.5 446
196.6 463
196.7 485
196.8 512
196.9 530
197 542
197.1 560
197.2 588
197.3 610
197.4 633
197.5 652
197.6 688
197.7 715
197.8 753
197.9 777
198 796
198.1 822
198.2 844
198.3 865
198.4 901
198.5 926
198.6 964
198.7 991
198.8 1031
198.9 1058
199 1093
199.1 1121
199.2 1162
199.3 1183
199.4 1219
199.5 1250
199.6 1277
199.7 1323
199.8 1350
199.9 1378
200 1408
