0 0
0.1 0
0.2 0
0.3 0
0.4 0
0.5 0
0.6 1
0.7 4
0.8 7
0.9 8
1 16
1.1 23
1.2 33
1.3 40
1.4 53
1.5 73
1.6 88
1.7 102
1.8 117
1.9 133
2 146
2.1 162
2.2 178
2.3 200
2.4 230
2.5 250
2.6 279
2.7 310
2.8 342
2.9 368
3 405
3.1 435
3.2 461
3.3 487
3.4 520
3.5 544
3.6 582
3.7 607
3.8 638
3.9 663
4 685
4.1 721
4.2 749
4.3 787
4.4 827
4.5 871
4.6 903
4.7 943
4.8 979
4.9 1012
5 1043
5.1 1076
5.2 1107
5.3 1146
5.4 1180
5.5 1217
5.6 1251
5.7 1280
5.8 1337
5.9 1365
6 1394
6.1 1424
6.2 1458
6.3 1477
6.4 1515
6.5 1550
6.6 1569
6.7 1597
6.8 1627
6.9 1657
7 1683
7.1 1710
7.2 1753
7.3 1765
7.4 1794
7.5 1817
7.6 1844
7.7 1837
7.8 1846
7.9 1774
8 1662
8.1 1540
8.2 1444
8.3 1309
8.4 1192
8.5 1074
8.6 988
8.7 905
8.8 836
8.9 793
9 728
9.1 670
9.2 598
9.3 566
9.4 540
9.5 489
9.6 472
9.7 460
9.8 426
9.9 426
10 427
10.1 400
10.2 380
10.3 390
10.4 403
10.5 403
10.6 384
10.7 359
10.8 324
10.9 303
11 307
11.1 303
11.2 293
11.3 293
11.4 287
11.5 264
11.6 252
11.7 235
11.8 237
11.9 250
12 267
12.1 244
12.2 241
12.3 233
12.4 254
12.5 294
12.6 306
12.7 320
12.8 313
12.9 325
13 360
13.1 374
13.2 361
13.3 358
13.4 349
13.5 352
13.6 332
13.7 317
13.8 296
13.9 283
14 276
14.1 275
14.2 264
14.3 263
14.4 246
14.5 234
14.6 228
14.7 223
14.8 210
14.9 195
15 193
15.1 228
15.2 244
15.3 249
15.4 240
15.5 239
15.6 235
15.7 242
15.8 239
15.9 228
16 214
16.1 214
16.2 217
16.3 208
16.4 205
16.5 188
16.6 190
16.7 188
16.8 196
16.9 195
17 186
17.1 189
17.2 188
17.3 197
17.4 186
17.5 189
17.6 195
17.7 188
17.8 187
17.9 176
18 178
18.1 208
18.2 245
18.3 233
18.4 258
18.5 291
18.6 293
18.7 312
18.8 310
18.9 318
19 327
19.1 340
19.2 345
19.3 367
19.4 354
19.5 331
19.6 339
19.7 326
19.8 315
19.9 300
20 281
20.1 271
20.2 344
20.3 397
20.4 417
20.5 417
20.6 392
20.7 391
20.8 395
20.9 397
21 384
21.1 380
21.2 414
21.3 458
21.4 463
21.5 462
21.6 454
21.7 446
21.8 431
21.9 429
22 411
22.1 381
22.2 367
22.3 341
22.4 329
22.5 330
22.6 336
22.7 333
22.8 328
22.9 316
23 296
23.1 289
23.2 283
23.3 272
23.4 266
23.5 250
23.6 253
23.7 249
23.8 235
23.9 238
24 235
24.1 237
24.2 254
24.3 274
24.4 293
24.5 315
24.6 349
24.7 379
24.8 388
24.9 381
25 392
25.1 417
25.2 438
25.3 464
25.4 479
25.5 486
25.6 500
25.7 507
25.8 520
25.9 531
26 541
26.1 559
26.2 573
26.3 582
26.4 596
26.5 617
26.6 635
26.7 655
26.8 683
26.9 694
27 721
27.1 737
27.2 763
27.3 786
27.4 798
27.5 821
27.6 835
27.7 853
27.8 881
27.9 910
28 936
28.1 965
28.2 991
28.3 1023
28.4 1061
28.5 1087
28.6 1105
28.7 1140
28.8 1166
28.9 1213
29 1243
29.1 1280
29.2 1309
29.3 1342
29.4 1376
29.5 1418
29.6 1449
29.7 1473
29.8 1505
29.9 1523
30 1523
30.1 1518
30.2 1435
30.3 1327
30.4 1218
30.5 1130
30.6 1032
30.7 957
30.8 898
30.9 827
31 774
31.1 721
31.2 676
31.3 661
31.4 671
31.5 682
31.6 668
31.7 620
31.8 597
31.9 557
32 532
32.1 556
32.2 655
32.3 680
32.4 643
32.5 601
32.6 570
32.7 525
32.8 503
32.9 489
33 484
33.1 459
33.2 447
33.3 433
33.4 402
33.5 380
33.6 371
33.7 366
33.8 370
33.9 355
34 338
34.1 329
34.2 311
34.3 309
34.4 312
34.5 311
34.6 297
34.7 270
34.8 262
34.9 264
35 259
35.1 264
35.2 255
35.3 250
35.4 265
35.5 244
35.6 232
35.7 217
35.8 223
35.9 237
36 261
36.1 275
36.2 292
36.3 303
36.4 303
36.5 311
36.6 326
36.7 331
36.8 334
36.9 321
37 296
37.1 286
37.2 281
37.3 272
37.4 261
37.5 260
37.6 284
37.7 308
37.8 308
37.9 321
38 312
38.1 284
38.2 281
38.3 280
38.4 267
38.5 267
38.6 268
38.7 267
38.8 281
38.9 307
39 319
39.1 323
39.2 322
39.3 328
39.4 379
39.5 400
39.6 440
39.7 438
39.8 438
39.9 426
40 419
40.1 405
40.2 401
40.3 394
40.4 363
40.5 345
40.6 348
40.7 336
40.8 305
40.9 294
41 285
41.1 264
41.2 262
41.3 255
41.4 236
41.5 234
41.6 230
41.7 227
41.8 216
41.9 204
42 195
42.1 198
42.2 205
42.3 203
42.4 200
42.5 199
42.6 199
42.7 191
42.8 196
42.9 196
43 209
43.1 215
43.2 226
43.3 229
43.4 228
43.5 242
43.6 264
43.7 266
43.8 278
43.9 300
44 304
44.1 287
44.2 285
44.3 274
44.4 275
44.5 274
44.6 266
44.7 258
44.8 238
44.9 226
45 215
45.1 222
45.2 217
45.3 210
45.4 208
45.5 189
45.6 201
45.7 218
45.8 277
45.9 337
46 388
46.1 400
46.2 403
46.3 409
46.4 411
46.5 419
46.6 418
46.7 427
46.8 435
46.9 448
47 461
47.1 471
47.2 487
47.3 497
47.4 528
47.5 547
47.6 560
47.7 578
47.8 602
47.9 624
48 656
48.1 675
48.2 684
48.3 718
48.4 744
48.5 770
48.6 792
48.7 818
48.8 845
48.9 870
49 904
49.1 933
49.2 967
49.3 992
49.4 1010
49.5 1042
49.6 1072
49.7 1102
49.8 1136
49.9 1170
50 1194
50.1 1221
50.2 1255
50.3 1292
50.4 1324
50.5 1353
50.6 1374
50.7 1390
50.8 1421
50.9 1434
51 1449
51.1 1473
51.2 1455
51.3 1480
51.4 1483
51.5 1456
51.6 1379
51.7 1258
51.8 1149
51.9 1071
52 1055
52.1 1106
52.2 1076
52.3 1011
52.4 962
52.5 892
52.6 828
52.7 780
52.8 725
52.9 664
53 619
53.1 591
53.2 557
53.3 520
53.4 497
53.5 466
53.6 432
53.7 418
53.8 374
53.9 357
54 339
54.1 326
54.2 316
54.3 320
54.4 306
54.5 306
54.6 285
54.7 278
54.8 256
54.9 247
55 265
55.1 270
55.2 269
55.3 255
55.4 258
55.5 247
55.6 240
55.7 240
55.8 241
55.9 252
56 259
56.1 271
56.2 276
56.3 273
56.4 263
56.5 251
56.6 237
56.7 229
56.8 237
56.9 247
57 248
57.1 235
57.2 224
57.3 228
57.4 240
57.5 246
57.6 242
57.7 239
57.8 239
57.9 239
58 242
58.1 244
58.2 252
58.3 264
58.4 274
58.5 269
58.6 255
58.7 226
58.8 222
58.9 239
59 240
59.1 308
59.2 330
59.3 336
59.4 320
59.5 318
59.6 308
59.7 312
59.8 303
59.9 308
60 301
60.1 304
60.2 299
60.3 295
60.4 295
60.5 357
60.6 369
60.7 373
60.8 364
60.9 335
61 315
61.1 290
61.2 275
61.3 274
61.4 267
61.5 283
61.6 289
61.7 272
61.8 259
61.9 246
62 248
62.1 247
62.2 223
62.3 233
62.4 235
62.5 229
62.6 226
62.7 222
62.8 232
62.9 248
63 359
63.1 422
63.2 432
63.3 453
63.4 458
63.5 465
63.6 482
63.7 493
63.8 491
63.9 478
64 494
64.1 504
64.2 502
64.3 514
64.4 518
64.5 525
64.6 535
64.7 546
64.8 550
64.9 574
65 583
65.1 606
65.2 624
65.3 647
65.4 679
65.5 686
65.6 698
65.7 716
65.8 734
65.9 753
66 779
66.1 796
66.2 818
66.3 833
66.4 851
66.5 870
66.6 898
66.7 912
66.8 935
66.9 954
67 982
67.1 1002
67.2 1032
67.3 1050
67.4 1074
67.5 1108
67.6 1136
67.7 1156
67.8 1187
67.9 1217
68 1226
68.1 1251
68.2 1277
68.3 1307
68.4 1341
68.5 1364
68.6 1384
68.7 1422
68.8 1450
68.9 1483
69 1516
69.1 1536
69.2 1565
69.3 1599
69.4 1608
69.5 1591
69.6 1593
69.7 1510
69.8 1400
69.9 1274
70 1176
70.1 1077
70.2 1010
70.3 930
70.4 864
70.5 801
70.6 751
70.7 677
70.8 631
70.9 595
71 553
71.1 525
71.2 476
71.3 446
71.4 408
71.5 382
71.6 358
71.7 351
71.8 339
71.9 325
72 312
72.1 300
72.2 297
72.3 300
72.4 297
72.5 289
72.6 289
72.7 296
72.8 291
72.9 288
73 270
73.1 248
73.2 254
73.3 277
73.4 302
73.5 325
73.6 332
73.7 323
73.8 304
73.9 305
74 271
74.1 256
74.2 241
74.3 248
74.4 255
74.5 250
74.6 242
74.7 245
74.8 270
74.9 269
75 275
75.1 283
75.2 293
75.3 303
75.4 301
75.5 287
75.6 296
75.7 298
75.8 318
75.9 317
76 315
76.1 326
76.2 320
76.3 325
76.4 334
76.5 334
76.6 327
76.7 335
76.8 332
76.9 325
77 307
77.1 298
77.2 286
77.3 298
77.4 299
77.5 303
77.6 293
77.7 274
77.8 264
77.9 272
78 269
78.1 252
78.2 245
78.3 233
78.4 221
78.5 232
78.6 225
78.7 237
78.8 251
78.9 250
79 250
79.1 244
79.2 225
79.3 211
79.4 196
79.5 184
79.6 183
79.7 169
79.8 178
79.9 166
80 148
80.1 137
80.2 158
80.3 176
80.4 203
80.5 229
80.6 220
80.7 210
80.8 206
80.9 223
81 217
81.1 256
81.2 297
81.3 317
81.4 352
81.5 373
81.6 351
81.7 352
81.8 353
81.9 341
82 327
82.1 321
82.2 319
82.3 347
82.4 362
82.5 365
82.6 369
82.7 357
82.8 357
82.9 350
83 336
83.1 321
83.2 317
83.3 306
83.4 315
83.5 297
83.6 297
83.7 309
83.8 315
83.9 328
84 325
84.1 308
84.2 286
84.3 273
84.4 278
84.5 298
84.6 309
84.7 305
84.8 306
84.9 303
85 298
85.1 297
85.2 306
85.3 317
85.4 319
85.5 310
85.6 301
85.7 289
85.8 276
85.9 274
86 266
86.1 294
86.2 372
86.3 396
86.4 405
86.5 413
86.6 415
86.7 424
86.8 438
86.9 446
87 457
87.1 464
87.2 471
87.3 485
87.4 495
87.5 507
87.6 515
87.7 526
87.8 536
87.9 556
88 567
88.1 588
88.2 600
88.3 615
88.4 621
88.5 640
88.6 661
88.7 679
88.8 700
88.9 721
89 741
89.1 765
89.2 783
89.3 803
89.4 819
89.5 852
89.6 873
89.7 899
89.8 936
89.9 959
90 982
90.1 1013
90.2 1035
90.3 1061
90.4 1092
90.5 1122
90.6 1145
90.7 1179
90.8 1204
90.9 1245
91 1271
91.1 1297
91.2 1330
91.3 1355
91.4 1379
91.5 1398
91.6 1420
91.7 1459
91.8 1474
91.9 1507
92 1527
92.1 1532
92.2 1560
92.3 1570
92.4 1567
92.5 1525
92.6 1413
92.7 1299
92.8 1207
92.9 1112
93 1030
93.1 959
93.2 898
93.3 856
93.4 808
93.5 760
93.6 693
93.7 657
93.8 614
93.9 572
94 520
94.1 488
94.2 453
94.3 436
94.4 426
94.5 416
94.6 407
94.7 378
94.8 356
94.9 332
95 323
95.1 312
95.2 325
95.3 330
95.4 341
95.5 372
95.6 366
95.7 355
95.8 348
95.9 351
96 335
96.1 328
96.2 329
96.3 320
96.4 323
96.5 316
96.6 298
96.7 288
96.8 279
96.9 266
97 255
97.1 257
97.2 253
97.3 257
97.4 282
97.5 303
97.6 303
97.7 283
97.8 289
97.9 313
98 313
98.1 327
98.2 318
98.3 314
98.4 329
98.5 322
98.6 317
98.7 315
98.8 311
98.9 308
99 315
99.1 312
99.2 315
99.3 322
99.4 331
99.5 311
99.6 306
99.7 309
99.8 308
99.9 292
100 271
100.1 264
100.2 257
100.3 253
100.4 239
100.5 231
100.6 233
100.7 267
100.8 263
100.9 259
101 258
101.1 265
101.2 253
101.3 233
101.4 244
101.5 259
101.6 281
101.7 262
101.8 260
101.9 259
102 283
102.1 266
102.2 261
102.3 278
102.4 268
102.5 270
102.6 262
102.7 250
102.8 238
102.9 241
103 249
103.1 230
103.2 229
103.3 230
103.4 233
103.5 234
103.6 225
103.7 207
103.8 195
103.9 186
104 186
104.1 180
104.2 183
104.3 182
104.4 186
104.5 183
104.6 191
104.7 193
104.8 191
104.9 197
105 205
105.1 202
105.2 196
105.3 192
105.4 186
105.5 186
105.6 191
105.7 196
105.8 195
105.9 189
106 179
106.1 181
106.2 203
106.3 202
106.4 214
106.5 243
106.6 298
106.7 319
106.8 335
106.9 353
107 363
107.1 380
107.2 394
107.3 397
107.4 401
107.5 419
107.6 424
107.7 425
107.8 429
107.9 443
108 444
108.1 457
108.2 470
108.3 471
108.4 491
108.5 502
108.6 519
108.7 540
108.8 554
108.9 576
109 595
109.1 620
109.2 643
109.3 665
109.4 688
109.5 718
109.6 736
109.7 755
109.8 788
109.9 825
110 862
110.1 883
110.2 916
110.3 947
110.4 977
110.5 1003
110.6 1027
110.7 1052
110.8 1092
110.9 1114
111 1139
111.1 1169
111.2 1205
111.3 1225
111.4 1263
111.5 1288
111.6 1315
111.7 1363
111.8 1376
111.9 1411
112 1438
112.1 1457
112.2 1478
112.3 1451
112.4 1391
112.5 1312
112.6 1224
112.7 1145
112.8 1048
112.9 977
113 888
113.1 823
113.2 759
113.3 745
113.4 704
113.5 666
113.6 652
113.7 616
113.8 603
113.9 568
114 541
114.1 502
114.2 480
114.3 481
114.4 478
114.5 494
114.6 476
114.7 466
114.8 452
114.9 446
115 425
115.1 422
115.2 413
115.3 409
115.4 383
115.5 371
115.6 354
115.7 346
115.8 360
115.9 377
116 391
116.1 382
116.2 462
116.3 598
116.4 657
116.5 660
116.6 682
116.7 701
116.8 671
116.9 607
117 569
117.1 536
117.2 509
117.3 493
117.4 457
117.5 458
117.6 434
117.7 443
117.8 449
117.9 428
118 412
118.1 401
118.2 376
118.3 372
118.4 353
118.5 348
118.6 349
118.7 321
118.8 309
118.9 304
119 299
119.1 300
119.2 296
119.3 283
119.4 277
119.5 274
119.6 267
119.7 265
119.8 291
119.9 314
120 320
120.1 339
120.2 341
120.3 349
120.4 334
120.5 341
120.6 363
120.7 372
120.8 379
120.9 370
121 370
121.1 362
121.2 355
121.3 361
121.4 354
121.5 360
121.6 341
121.7 327
121.8 297
121.9 283
122 281
122.1 282
122.2 280
122.3 287
122.4 285
122.5 289
122.6 284
122.7 272
122.8 269
122.9 263
123 281
123.1 275
123.2 271
123.3 282
123.4 279
123.5 282
123.6 327
123.7 328
123.8 334
123.9 326
124 331
124.1 338
124.2 319
124.3 303
124.4 288
124.5 279
124.6 272
124.7 254
124.8 242
124.9 229
125 230
125.1 226
125.2 226
125.3 205
125.4 198
125.5 190
125.6 188
125.7 193
125.8 194
125.9 249
126 277
126.1 270
126.2 259
126.3 263
126.4 264
126.5 261
126.6 251
126.7 259
126.8 265
126.9 279
127 278
127.1 285
127.2 273
127.3 259
127.4 233
127.5 220
127.6 227
127.7 237
127.8 235
127.9 242
128 259
128.1 257
128.2 253
128.3 252
128.4 260
128.5 257
128.6 277
128.7 313
128.8 325
128.9 312
129 339
129.1 344
129.2 361
129.3 369
129.4 376
129.5 389
129.6 389
129.7 397
129.8 414
129.9 413
130 422
130.1 432
130.2 428
130.3 443
130.4 453
130.5 463
130.6 474
130.7 489
130.8 492
130.9 503
131 521
131.1 546
131.2 552
131.3 570
131.4 589
131.5 601
131.6 623
131.7 643
131.8 662
131.9 681
132 711
132.1 734
132.2 759
132.3 790
132.4 815
132.5 853
132.6 883
132.7 912
132.8 933
132.9 960
133 983
133.1 1010
133.2 1031
133.3 1060
133.4 1089
133.5 1116
133.6 1134
133.7 1159
133.8 1186
133.9 1200
134 1235
134.1 1258
134.2 1282
134.3 1308
134.4 1340
134.5 1377
134.6 1396
134.7 1423
134.8 1441
134.9 1470
135 1489
135.1 1517
135.2 1540
135.3 1560
135.4 1579
135.5 1603
135.6 1629
135.7 1631
135.8 1652
135.9 1665
136 1649
136.1 1615
136.2 1639
136.3 1618
136.4 1523
136.5 1415
136.6 1332
136.7 1241
136.8 1190
136.9 1148
137 1068
137.1 991
137.2 918
137.3 861
137.4 822
137.5 790
137.6 721
137.7 650
137.8 603
137.9 569
138 547
138.1 508
138.2 480
138.3 456
138.4 442
138.5 415
138.6 383
138.7 359
138.8 340
138.9 336
139 327
139.1 317
139.2 320
139.3 298
139.4 293
139.5 297
139.6 290
139.7 298
139.8 262
139.9 251
140 268
140.1 260
140.2 273
140.3 280
140.4 274
140.5 263
140.6 259
140.7 251
140.8 256
140.9 237
141 251
141.1 258
141.2 270
141.3 261
141.4 257
141.5 256
141.6 268
141.7 261
141.8 252
141.9 247
142 233
142.1 232
142.2 238
142.3 234
142.4 241
142.5 242
142.6 243
142.7 240
142.8 241
142.9 230
143 250
143.1 265
143.2 261
143.3 264
143.4 277
143.5 297
143.6 318
143.7 297
143.8 295
143.9 285
144 277
144.1 264
144.2 270
144.3 264
144.4 252
144.5 266
144.6 255
144.7 249
144.8 240
144.9 242
145 237
145.1 230
145.2 258
145.3 275
145.4 285
145.5 291
145.6 278
145.7 254
145.8 270
145.9 274
146 263
146.1 254
146.2 237
146.3 235
146.4 233
146.5 240
146.6 243
146.7 238
146.8 239
146.9 244
147 269
147.1 319
147.2 335
147.3 326
147.4 322
147.5 309
147.6 317
147.7 300
147.8 288
147.9 265
148 248
148.1 244
148.2 229
148.3 212
148.4 240
148.5 272
148.6 352
148.7 414
148.8 430
148.9 465
149 473
149.1 481
149.2 481
149.3 489
149.4 494
149.5 501
149.6 510
149.7 516
149.8 521
149.9 525
150 530
150.1 535
150.2 549
150.3 550
150.4 563
150.5 584
150.6 593
150.7 603
150.8 617
150.9 635
151 644
151.1 669
151.2 686
151.3 713
151.4 727
151.5 740
151.6 754
151.7 775
151.8 798
151.9 823
152 837
152.1 855
152.2 868
152.3 892
152.4 907
152.5 915
152.6 932
152.7 960
152.8 978
152.9 996
153 1014
153.1 1024
153.2 1051
153.3 1076
153.4 1093
153.5 1112
153.6 1132
153.7 1154
153.8 1167
153.9 1177
154 1206
154.1 1223
154.2 1242
154.3 1268
154.4 1295
154.5 1314
154.6 1338
154.7 1349
154.8 1390
154.9 1400
155 1432
155.1 1449
155.2 1479
155.3 1513
155.4 1543
155.5 1568
155.6 1594
155.7 1626
155.8 1647
155.9 1663
156 1696
156.1 1708
156.2 1735
156.3 1762
156.4 1794
156.5 1794
156.6 1818
156.7 1790
156.8 1773
156.9 1802
157 1791
157.1 1706
157.2 1595
157.3 1458
157.4 1352
157.5 1247
157.6 1150
157.7 1067
157.8 1000
157.9 908
158 864
158.1 819
158.2 787
158.3 746
158.4 739
158.5 704
158.6 667
158.7 713
158.8 853
158.9 895
159 867
159.1 820
159.2 750
159.3 679
159.4 635
159.5 577
159.6 530
159.7 490
159.8 466
159.9 432
160 425
160.1 419
160.2 406
160.3 404
160.4 397
160.5 390
160.6 371
160.7 350
160.8 341
160.9 337
161 342
161.1 344
161.2 338
161.3 328
161.4 309
161.5 304
161.6 300
161.7 295
161.8 287
161.9 263
162 251
162.1 241
162.2 231
162.3 230
162.4 217
162.5 220
162.6 214
162.7 215
162.8 216
162.9 227
163 232
163.1 234
163.2 232
163.3 223
163.4 219
163.5 236
163.6 235
163.7 234
163.8 245
163.9 249
164 262
164.1 272
164.2 274
164.3 289
164.4 289
164.5 346
164.6 387
164.7 391
164.8 392
164.9 370
165 343
165.1 308
165.2 294
165.3 292
165.4 278
165.5 270
165.6 265
165.7 267
165.8 308
165.9 300
166 279
166.1 273
166.2 265
166.3 257
166.4 257
166.5 259
166.6 255
166.7 240
166.8 227
166.9 222
167 220
167.1 212
167.2 215
167.3 209
167.4 228
167.5 238
167.6 233
167.7 240
167.8 235
167.9 240
168 252
168.1 277
168.2 285
168.3 272
168.4 269
168.5 256
168.6 240
168.7 237
168.8 230
168.9 219
169 204
169.1 197
169.2 203
169.3 202
169.4 223
169.5 218
169.6 216
169.7 218
169.8 224
169.9 233
170 235
170.1 225
170.2 215
170.3 208
170.4 201
170.5 196
170.6 196
170.7 189
170.8 186
170.9 186
171 192
171.1 210
171.2 224
171.3 233
171.4 231
171.5 230
171.6 225
171.7 225
171.8 227
171.9 217
172 228
172.1 238
172.2 238
172.3 244
172.4 273
172.5 278
172.6 288
172.7 282
172.8 281
172.9 270
173 304
173.1 324
173.2 315
173.3 318
173.4 316
173.5 310
173.6 308
173.7 329
173.8 339
173.9 333
174 338
174.1 341
174.2 341
174.3 337
174.4 356
174.5 360
174.6 368
174.7 379
174.8 393
174.9 399
175 404
175.1 412
175.2 423
175.3 427
175.4 436
175.5 451
175.6 459
175.7 469
175.8 476
175.9 486
176 495
176.1 502
176.2 505
176.3 521
176.4 537
176.5 545
176.6 557
176.7 569
176.8 588
176.9 609
177 628
177.1 644
177.2 685
177.3 709
177.4 738
177.5 770
177.6 793
177.7 815
177.8 837
177.9 864
178 885
178.1 904
178.2 928
178.3 949
178.4 978
178.5 999
178.6 1034
178.7 1070
178.8 1096
178.9 1127
179 1165
179.1 1183
179.2 1216
179.3 1241
179.4 1270
179.5 1302
179.6 1339
179.7 1372
179.8 1396
179.9 1420
180 1440
180.1 1449
180.2 1441
180.3 1399
180.4 1323
180.5 1246
180.6 1148
180.7 1077
180.8 993
180.9 912
181 840
181.1 803
181.2 770
181.3 705
181.4 650
181.5 595
181.6 564
181.7 538
181.8 500
181.9 469
182 436
182.1 424
182.2 414
182.3 398
182.4 397
182.5 377
182.6 362
182.7 348
182.8 349
182.9 343
183 345
183.1 332
183.2 316
183.3 304
183.4 298
183.5 310
183.6 310
183.7 324
183.8 333
183.9 318
184 323
184.1 332
184.2 337
184.3 330
184.4 331
184.5 315
184.6 292
184.7 263
184.8 269
184.9 276
185 291
185.1 279
185.2 294
185.3 314
185.4 314
185.5 318
185.6 298
185.7 294
185.8 288
185.9 287
186 297
186.1 294
186.2 290
186.3 296
186.4 273
186.5 260
186.6 259
186.7 260
186.8 260
186.9 248
187 252
187.1 252
187.2 261
187.3 260
187.4 254
187.5 258
187.6 275
187.7 292
187.8 311
187.9 312
188 314
188.1 309
188.2 293
188.3 290
188.4 292
188.5 278
188.6 263
188.7 269
188.8 280
188.9 289
189 296
189.1 300
189.2 293
189.3 275
189.4 278
189.5 270
189.6 263
189.7 249
189.8 241
189.9 242
190 240
190.1 259
190.2 263
190.3 261
190.4 255
190.5 257
190.6 262
190.7 285
190.8 281
190.9 281
191 272
191.1 254
191.2 250
191.3 240
191.4 254
191.5 250
191.6 241
191.7 250
191.8 275
191.9 276
192 259
192.1 255
192.2 258
192.3 254
192.4 248
192.5 265
192.6 243
192.7 239
192.8 236
192.9 239
193 239
193.1 249
193.2 242
193.3 243
193.4 223
193.5 278
193.6 317
193.7 331
193.8 348
193.9 358
194 345
194.1 325
194.2 311
194.3 306
194.4 339
194.5 358
194.6 382
194.7 430
194.8 446
194.9 450
195 456
195.1 456
195.2 469
195.3 481
195.4 494
195.5 516
195.6 540
195.7 560
195.8 577
195.9 597
196 622
196.1 635
196.2 657
196.3 674
196.4 695
196.5 726
196.6 748
196.7 776
196.8 788
196.9 807
197 833
197.1 858
197.2 880
197.3 907
197.4 934
197.5 968
197.6 998
197.7 1035
197.8 1075
197.9 1109
198 1124
198.1 1155
198.2 1175
198.3 1205
198.4 1246
198.5 1267
198.6 1293
198.7 1321
198.8 1345
198.9 1369
199 1389
199.1 1420
199.2 1458
199.3 1482
199.4 1503
199.5 1531
199.6 1562
199.7 1569
199.8 1554
199.9 1516
200 1420
