0 0
0.1 0
0.2 0
0.3 0
0.4 0
0.5 2
0.6 2
0.7 6
0.8 8
0.9 9
1 12
1.1 17
1.2 22
1.3 23
1.4 27
1.5 27
1.6 33
1.7 37
1.8 36
1.9 34
2 34
2.1 38
2.2 40
2.3 42
2.4 48
2.5 49
2.6 56
2.7 56
2.8 62
2.9 59
3 60
3.1 60
3.2 60
3.3 59
3.4 62
3.5 65
3.6 65
3.7 65
3.8 65
3.9 67
4 66
4.1 65
4.2 70
4.3 69
4.4 71
4.5 70
4.6 70
4.7 71
4.8 74
4.9 72
5 79
5.1 76
5.2 75
5.3 73
5.4 76
5.5 74
5.6 76
5.7 71
5.8 70
5.9 73
6 69
6.1 65
6.2 63
6.3 62
6.4 62
6.5 63
6.6 64
6.7 62
6.8 62
6.9 63
7 64
7.1 67
7.2 67
7.3 66
7.4 64
7.5 61
7.6 60
7.7 57
7.8 56
7.9 58
8 54
8.1 50
8.2 49
8.3 45
8.4 44
8.5 42
8.6 38
8.7 38
8.8 38
8.9 36
9 34
9.1 33
9.2 28
9.3 26
9.4 25
9.5 25
9.6 24
9.7 24
9.8 24
9.9 21
10 21
10.1 21
10.2 21
10.3 19
10.4 19
10.5 18
10.6 18
10.7 16
10.8 13
10.9 13
11 12
11.1 12
11.2 12
11.3 12
11.4 11
11.5 10
11.6 9
11.7 9
11.8 9
11.9 9
12 8
12.1 8
12.2 7
12.3 7
12.4 7
12.5 7
12.6 6
12.7 6
12.8 6
12.9 6
13 6
13.1 6
13.2 6
13.3 6
13.4 5
13.5 5
13.6 5
13.7 5
13.8 5
13.9 5
14 4
14.1 4
14.2 4
14.3 3
14.4 3
14.5 2
14.6 2
14.7 2
14.8 2
14.9 2
15 2
15.1 2
15.2 2
15.3 2
15.4 1
15.5 1
15.6 1
15.7 1
15.8 1
15.9 1
16 1
16.1 1
16.2 1
16.3 1
16.4 1
16.5 1
16.6 1
16.7 1
16.8 1
16.9 0
17 0
17.1 0
17.2 0
17.3 0
17.4 0
17.5 0
17.6 0
17.7 0
17.8 0
17.9 0
18 0
18.1 0
18.2 0
18.3 0
18.4 2
18.5 2
18.6 2
18.7 2
18.8 2
18.9 2
19 2
19.1 2
19.2 2
19.3 2
19.4 2
19.5 2
19.6 2
19.7 1
19.8 1
19.9 1
20 1
20.1 1
20.2 1
20.3 1
20.4 1
20.5 1
20.6 1
20.7 1
20.8 0
20.9 0
21 0
21.1 0
21.2 0
21.3 0
21.4 2
21.5 2
21.6 2
21.7 2
21.8 4
21.9 4
22 4
22.1 3
22.2 3
22.3 2
22.4 2
22.5 2
22.6 2
22.7 2
22.8 2
22.9 2
23 2
23.1 2
23.2 2
23.3 2
23.4 2
23.5 2
23.6 2
23.7 2
23.8 2
23.9 2
24 2
24.1 2
24.2 2
24.3 4
24.4 4
24.5 4
24.6 15
24.7 15
24.8 15
24.9 13
25 14
25.1 13
25.2 15
25.3 15
25.4 17
25.5 18
25.6 17
25.7 16
25.8 17
25.9 21
26 22
26.1 23
26.2 26
26.3 29
26.4 32
26.5 33
26.6 35
26.7 38
26.8 38
26.9 38
27 38
27.1 39
27.2 39
27.3 40
27.4 39
27.5 44
27.6 41
27.7 44
27.8 50
27.9 49
28 52
28.1 56
28.2 59
28.3 63
28.4 63
28.5 63
28.6 64
28.7 66
28.8 67
28.9 69
29 67
29.1 67
29.2 66
29.3 69
29.4 71
29.5 69
29.6 65
29.7 66
29.8 66
29.9 63
30 60
30.1 61
30.2 56
30.3 54
30.4 51
30.5 49
30.6 49
30.7 46
30.8 45
30.9 43
31 42
31.1 40
31.2 39
31.3 38
31.4 36
31.5 35
31.6 32
31.7 31
31.8 29
31.9 29
32 29
32.1 24
32.2 21
32.3 21
32.4 20
32.5 20
32.6 20
32.7 20
32.8 19
32.9 19
33 18
33.1 17
33.2 16
33.3 15
33.4 15
33.5 15
33.6 15
33.7 14
33.8 13
33.9 13
34 12
34.1 12
34.2 11
34.3 11
34.4 11
34.5 11
34.6 10
34.7 9
34.8 9
34.9 9
35 8
35.1 5
35.2 4
35.3 4
35.4 3
35.5 3
35.6 3
35.7 2
35.8 2
35.9 1
36 1
36.1 1
36.2 1
36.3 1
36.4 1
36.5 0
36.6 0
36.7 0
36.8 0
36.9 0
37 0
37.1 0
37.2 0
37.3 0
37.4 0
37.5 0
37.6 1
37.7 1
37.8 1
37.9 1
38 1
38.1 1
38.2 1
38.3 1
38.4 1
38.5 1
38.6 1
38.7 0
38.8 2
38.9 2
39 2
39.1 2
39.2 2
39.3 2
39.4 3
39.5 3
39.6 3
39.7 4
39.8 3
39.9 3
40 3
40.1 3
40.2 3
40.3 3
40.4 3
40.5 3
40.6 3
40.7 3
40.8 3
40.9 3
41 3
41.1 3
41.2 2
41.3 1
41.4 1
41.5 1
41.6 1
41.7 1
41.8 1
41.9 1
42 0
42.1 0
42.2 0
42.3 0
42.4 0
42.5 0
42.6 0
42.7 0
42.8 0
42.9 0
43 0
43.1 0
43.2 0
43.3 0
43.4 0
43.5 0
43.6 0
43.7 0
43.8 0
43.9 0
44 0
44.1 0
44.2 0
44.3 0
44.4 0
44.5 0
44.6 0
44.7 0
44.8 0
44.9 0
45 0
45.1 0
45.2 0
45.3 0
45.4 0
45.5 0
45.6 0
45.7 0
45.8 0
45.9 0
46 2
46.1 5
46.2 7
46.3 6
46.4 9
46.5 13
46.6 15
46.7 16
46.8 19
46.9 22
47 22
47.1 24
47.2 27
47.3 31
47.4 34
47.5 33
47.6 35
47.7 36
47.8 39
47.9 41
48 44
48.1 46
48.2 45
48.3 45
48.4 46
48.5 47
48.6 54
48.7 54
48.8 55
48.9 55
49 53
49.1 58
49.2 58
49.3 54
49.4 53
49.5 51
49.6 56
49.7 55
49.8 55
49.9 58
50 59
50.1 61
50.2 63
50.3 59
50.4 60
50.5 59
50.6 59
50.7 61
50.8 60
50.9 63
51 64
51.1 61
51.2 58
51.3 58
51.4 56
51.5 52
51.6 51
51.7 47
51.8 45
51.9 41
52 38
52.1 38
52.2 37
52.3 35
52.4 34
52.5 32
52.6 29
52.7 23
52.8 21
52.9 20
53 18
53.1 17
53.2 15
53.3 14
53.4 14
53.5 14
53.6 13
53.7 13
53.8 13
53.9 13
54 12
54.1 12
54.2 11
54.3 11
54.4 11
54.5 11
54.6 11
54.7 11
54.8 10
54.9 8
55 8
55.1 7
55.2 7
55.3 7
55.4 6
55.5 6
55.6 6
55.7 6
55.8 6
55.9 6
56 6
56.1 6
56.2 6
56.3 6
56.4 6
56.5 6
56.6 6
56.7 5
56.8 5
56.9 5
57 4
57.1 4
57.2 4
57.3 4
57.4 4
57.5 3
57.6 3
57.7 3
57.8 3
57.9 2
58 3
58.1 3
58.2 3
58.3 3
58.4 3
58.5 3
58.6 3
58.7 3
58.8 3
58.9 3
59 3
59.1 3
59.2 3
59.3 3
59.4 3
59.5 3
59.6 3
59.7 3
59.8 2
59.9 1
60 1
60.1 1
60.2 1
60.3 1
60.4 1
60.5 1
60.6 0
60.7 0
60.8 0
60.9 0
61 0
61.1 0
61.2 0
61.3 0
61.4 0
61.5 0
61.6 0
61.7 0
61.8 0
61.9 0
62 0
62.1 0
62.2 0
62.3 0
62.4 0
62.5 0
62.6 0
62.7 0
62.8 0
62.9 0
63 1
63.1 3
63.2 4
63.3 4
63.4 4
63.5 4
63.6 4
63.7 4
63.8 4
63.9 6
64 8
64.1 9
64.2 8
64.3 10
64.4 11
64.5 16
64.6 22
64.7 24
64.8 27
64.9 29
65 28
65.1 31
65.2 33
65.3 36
65.4 39
65.5 36
65.6 40
65.7 41
65.8 40
65.9 44
66 47
66.1 47
66.2 46
66.3 46
66.4 47
66.5 46
66.6 44
66.7 41
66.8 41
66.9 41
67 46
67.1 52
67.2 49
67.3 54
67.4 53
67.5 56
67.6 56
67.7 55
67.8 55
67.9 56
68 58
68.1 62
68.2 60
68.3 59
68.4 62
68.5 64
68.6 67
68.7 62
68.8 59
68.9 61
69 62
69.1 63
69.2 63
69.3 65
69.4 63
69.5 63
69.6 56
69.7 56
69.8 52
69.9 49
70 47
70.1 45
70.2 44
70.3 42
70.4 42
70.5 39
70.6 39
70.7 37
70.8 36
70.9 33
71 33
71.1 31
71.2 28
71.3 27
71.4 26
71.5 26
71.6 24
71.7 21
71.8 20
71.9 20
72 20
72.1 20
72.2 20
72.3 20
72.4 19
72.5 15
72.6 13
72.7 13
72.8 12
72.9 11
73 10
73.1 10
73.2 10
73.3 10
73.4 10
73.5 8
73.6 8
73.7 8
73.8 8
73.9 8
74 8
74.1 8
74.2 7
74.3 6
74.4 6
74.5 6
74.6 6
74.7 6
74.8 6
74.9 6
75 6
75.1 6
75.2 4
75.3 4
75.4 4
75.5 3
75.6 3
75.7 3
75.8 2
75.9 2
76 1
76.1 1
76.2 1
76.3 1
76.4 1
76.5 1
76.6 1
76.7 1
76.8 1
76.9 1
77 1
77.1 1
77.2 0
77.3 0
77.4 0
77.5 0
77.6 0
77.7 0
77.8 0
77.9 0
78 0
78.1 0
78.2 0
78.3 0
78.4 0
78.5 0
78.6 0
78.7 0
78.8 0
78.9 0
79 0
79.1 0
79.2 0
79.3 0
79.4 0
79.5 0
79.6 0
79.7 0
79.8 0
79.9 0
80 0
80.1 0
80.2 0
80.3 1
80.4 1
80.5 1
80.6 1
80.7 1
80.8 1
80.9 1
81 1
81.1 1
81.2 1
81.3 1
81.4 1
81.5 1
81.6 1
81.7 1
81.8 1
81.9 1
82 1
82.1 1
82.2 1
82.3 1
82.4 2
82.5 2
82.6 2
82.7 2
82.8 1
82.9 4
83 4
83.1 4
83.2 4
83.3 4
83.4 3
83.5 3
83.6 3
83.7 3
83.8 3
83.9 3
84 3
84.1 3
84.2 3
84.3 3
84.4 3
84.5 3
84.6 3
84.7 3
84.8 2
84.9 2
85 2
85.1 2
85.2 1
85.3 1
85.4 1
85.5 1
85.6 1
85.7 1
85.8 1
85.9 1
86 1
86.1 1
86.2 3
86.3 6
86.4 5
86.5 7
86.6 13
86.7 17
86.8 17
86.9 21
87 23
87.1 23
87.2 23
87.3 22
87.4 21
87.5 24
87.6 25
87.7 28
87.8 26
87.9 25
88 29
88.1 30
88.2 32
88.3 31
88.4 33
88.5 38
88.6 40
88.7 43
88.8 44
88.9 49
89 48
89.1 53
89.2 56
89.3 56
89.4 56
89.5 56
89.6 51
89.7 56
89.8 57
89.9 58
90 57
90.1 54
90.2 56
90.3 55
90.4 58
90.5 58
90.6 63
90.7 66
90.8 63
90.9 60
91 58
91.1 60
91.2 58
91.3 58
91.4 62
91.5 62
91.6 62
91.7 60
91.8 57
91.9 59
92 60
92.1 57
92.2 55
92.3 50
92.4 54
92.5 50
92.6 47
92.7 46
92.8 44
92.9 41
93 41
93.1 38
93.2 38
93.3 37
93.4 36
93.5 36
93.6 34
93.7 31
93.8 30
93.9 29
94 28
94.1 28
94.2 26
94.3 26
94.4 23
94.5 23
94.6 23
94.7 22
94.8 22
94.9 21
95 19
95.1 18
95.2 17
95.3 15
95.4 14
95.5 12
95.6 11
95.7 9
95.8 9
95.9 9
96 9
96.1 9
96.2 9
96.3 9
96.4 8
96.5 8
96.6 8
96.7 8
96.8 8
96.9 8
97 7
97.1 7
97.2 7
97.3 6
97.4 5
97.5 5
97.6 5
97.7 5
97.8 6
97.9 6
98 5
98.1 5
98.2 5
98.3 5
98.4 5
98.5 5
98.6 5
98.7 4
98.8 4
98.9 4
99 4
99.1 4
99.2 4
99.3 4
99.4 3
99.5 3
99.6 2
99.7 2
99.8 2
99.9 2
100 2
100.1 2
100.2 2
100.3 2
100.4 2
100.5 2
100.6 2
100.7 1
100.8 1
100.9 1
101 1
101.1 1
101.2 1
101.3 1
101.4 1
101.5 1
101.6 1
101.7 1
101.8 1
101.9 1
102 1
102.1 1
102.2 1
102.3 1
102.4 1
102.5 1
102.6 1
102.7 1
102.8 1
102.9 1
103 1
103.1 1
103.2 1
103.3 1
103.4 1
103.5 1
103.6 1
103.7 1
103.8 1
103.9 1
104 1
104.1 1
104.2 0
104.3 0
104.4 0
104.5 0
104.6 0
104.7 0
104.8 0
104.9 0
105 0
105.1 0
105.2 0
105.3 0
105.4 0
105.5 0
105.6 0
105.7 0
105.8 0
105.9 0
106 0
106.1 0
106.2 0
106.3 0
106.4 0
106.5 0
106.6 0
106.7 0
106.8 0
106.9 0
107 0
107.1 0
107.2 0
107.3 1
107.4 5
107.5 5
107.6 9
107.7 12
107.8 15
107.9 20
108 21
108.1 23
108.2 22
108.3 26
108.4 28
108.5 30
108.6 32
108.7 32
108.8 36
108.9 33
109 44
109.1 47
109.2 45
109.3 45
109.4 49
109.5 51
109.6 50
109.7 54
109.8 56
109.9 57
110 54
110.1 55
110.2 56
110.3 55
110.4 56
110.5 58
110.6 61
110.7 63
110.8 66
110.9 67
111 62
111.1 64
111.2 65
111.3 62
111.4 65
111.5 64
111.6 69
111.7 68
111.8 67
111.9 66
112 68
112.1 64
112.2 68
112.3 64
112.4 58
112.5 55
112.6 52
112.7 49
112.8 47
112.9 45
113 41
113.1 38
113.2 37
113.3 33
113.4 29
113.5 28
113.6 28
113.7 26
113.8 24
113.9 24
114 24
114.1 24
114.2 23
114.3 23
114.4 22
114.5 22
114.6 20
114.7 20
114.8 19
114.9 16
115 16
115.1 15
115.2 14
115.3 12
115.4 12
115.5 12
115.6 12
115.7 12
115.8 11
115.9 10
116 10
116.1 10
116.2 9
116.3 9
116.4 9
116.5 8
116.6 7
116.7 7
116.8 7
116.9 7
117 7
117.1 7
117.2 7
117.3 7
117.4 6
117.5 5
117.6 5
117.7 4
117.8 3
117.9 2
118 2
118.1 2
118.2 1
118.3 1
118.4 1
118.5 1
118.6 1
118.7 1
118.8 1
118.9 1
119 1
119.1 1
119.2 1
119.3 1
119.4 1
119.5 1
119.6 1
119.7 1
119.8 1
119.9 1
120 1
120.1 1
120.2 1
120.3 1
120.4 1
120.5 1
120.6 1
120.7 1
120.8 1
120.9 0
121 0
121.1 0
121.2 0
121.3 0
121.4 0
121.5 0
121.6 0
121.7 0
121.8 0
121.9 0
122 0
122.1 0
122.2 0
122.3 0
122.4 0
122.5 0
122.6 0
122.7 1
122.8 2
122.9 2
123 2
123.1 2
123.2 2
123.3 2
123.4 2
123.5 2
123.6 2
123.7 2
123.8 2
123.9 2
124 2
124.1 2
124.2 2
124.3 2
124.4 1
124.5 1
124.6 1
124.7 1
124.8 1
124.9 1
125 1
125.1 1
125.2 1
125.3 1
125.4 1
125.5 0
125.6 0
125.7 0
125.8 0
125.9 0
126 0
126.1 0
126.2 0
126.3 0
126.4 0
126.5 0
126.6 0
126.7 0
126.8 0
126.9 0
127 0
127.1 0
127.2 0
127.3 0
127.4 0
127.5 0
127.6 0
127.7 0
127.8 0
127.9 0
128 0
128.1 0
128.2 0
128.3 0
128.4 0
128.5 1
128.6 1
128.7 5
128.8 5
128.9 5
129 5
129.1 5
129.2 5
129.3 7
129.4 7
129.5 8
129.6 8
129.7 8
129.8 9
129.9 11
130 11
130.1 11
130.2 16
130.3 23
130.4 21
130.5 25
130.6 27
130.7 26
130.8 28
130.9 31
131 32
131.1 31
131.2 33
131.3 37
131.4 39
131.5 39
131.6 37
131.7 39
131.8 40
131.9 45
132 46
132.1 47
132.2 48
132.3 54
132.4 53
132.5 53
132.6 53
132.7 52
132.8 55
132.9 56
133 55
133.1 54
133.2 58
133.3 51
133.4 54
133.5 53
133.6 55
133.7 58
133.8 55
133.9 55
134 55
134.1 56
134.2 52
134.3 52
134.4 52
134.5 46
134.6 43
134.7 43
134.8 49
134.9 49
135 55
135.1 58
135.2 56
135.3 55
135.4 53
135.5 52
135.6 52
135.7 48
135.8 49
135.9 50
136 48
136.1 48
136.2 44
136.3 43
136.4 43
136.5 42
136.6 40
136.7 39
136.8 37
136.9 36
137 35
137.1 33
137.2 32
137.3 30
137.4 29
137.5 28
137.6 27
137.7 26
137.8 25
137.9 24
138 22
138.1 22
138.2 21
138.3 21
138.4 19
138.5 18
138.6 18
138.7 18
138.8 17
138.9 17
139 15
139.1 15
139.2 15
139.3 15
139.4 15
139.5 14
139.6 14
139.7 13
139.8 13
139.9 12
140 11
140.1 11
140.2 10
140.3 10
140.4 8
140.5 7
140.6 6
140.7 6
140.8 5
140.9 5
141 5
141.1 5
141.2 5
141.3 5
141.4 4
141.5 3
141.6 3
141.7 3
141.8 2
141.9 2
142 2
142.1 2
142.2 2
142.3 2
142.4 2
142.5 2
142.6 2
142.7 2
142.8 2
142.9 2
143 2
143.1 2
143.2 2
143.3 2
143.4 2
143.5 2
143.6 2
143.7 2
143.8 2
143.9 2
144 2
144.1 2
144.2 3
144.3 3
144.4 3
144.5 3
144.6 3
144.7 3
144.8 3
144.9 3
145 3
145.1 3
145.2 3
145.3 3
145.4 1
145.5 0
145.6 0
145.7 0
145.8 0
145.9 0
146 0
146.1 0
146.2 0
146.3 0
146.4 0
146.5 0
146.6 0
146.7 0
146.8 0
146.9 0
147 0
147.1 0
147.2 0
147.3 0
147.4 0
147.5 0
147.6 0
147.7 0
147.8 0
147.9 0
148 0
148.1 0
148.2 0
148.3 0
148.4 0
148.5 0
148.6 2
148.7 2
148.8 2
148.9 3
149 4
149.1 4
149.2 4
149.3 6
149.4 9
149.5 9
149.6 8
149.7 8
149.8 10
149.9 13
150 13
150.1 12
150.2 15
150.3 19
150.4 21
150.5 23
150.6 22
150.7 28
150.8 31
150.9 36
151 37
151.1 37
151.2 35
151.3 29
151.4 30
151.5 27
151.6 29
151.7 30
151.8 36
151.9 37
152 38
152.1 40
152.2 36
152.3 36
152.4 38
152.5 36
152.6 36
152.7 40
152.8 37
152.9 38
153 41
153.1 40
153.2 42
153.3 41
153.4 38
153.5 40
153.6 38
153.7 40
153.8 46
153.9 47
154 49
154.1 47
154.2 49
154.3 50
154.4 50
154.5 50
154.6 50
154.7 48
154.8 47
154.9 45
155 49
155.1 51
155.2 51
155.3 55
155.4 55
155.5 57
155.6 58
155.7 55
155.8 51
155.9 50
156 49
156.1 52
156.2 50
156.3 48
156.4 49
156.5 49
156.6 47
156.7 44
156.8 42
156.9 41
157 42
157.1 41
157.2 41
157.3 39
157.4 36
157.5 33
157.6 31
157.7 30
157.8 26
157.9 25
158 23
158.1 23
158.2 23
158.3 22
158.4 21
158.5 19
158.6 18
158.7 18
158.8 18
158.9 17
159 16
159.1 15
159.2 14
159.3 14
159.4 13
159.5 12
159.6 12
159.7 12
159.8 11
159.9 11
160 10
160.1 10
160.2 8
160.3 8
160.4 8
160.5 8
160.6 6
160.7 6
160.8 6
160.9 6
161 5
161.1 5
161.2 5
161.3 5
161.4 5
161.5 4
161.6 3
161.7 3
161.8 3
161.9 3
162 2
162.1 2
162.2 2
162.3 2
162.4 2
162.5 2
162.6 1
162.7 1
162.8 1
162.9 1
163 1
163.1 1
163.2 1
163.3 1
163.4 1
163.5 1
163.6 1
163.7 1
163.8 1
163.9 1
164 1
164.1 1
164.2 1
164.3 1
164.4 1
164.5 1
164.6 1
164.7 1
164.8 1
164.9 1
165 0
165.1 0
165.2 0
165.3 0
165.4 0
165.5 0
165.6 0
165.7 0
165.8 0
165.9 0
166 0
166.1 0
166.2 0
166.3 0
166.4 0
166.5 0
166.6 0
166.7 0
166.8 0
166.9 0
167 0
167.1 0
167.2 0
167.3 0
167.4 0
167.5 0
167.6 0
167.7 0
167.8 0
167.9 0
168 0
168.1 0
168.2 0
168.3 0
168.4 0
168.5 0
168.6 0
168.7 0
168.8 0
168.9 0
169 0
169.1 0
169.2 0
169.3 0
169.4 0
169.5 0
169.6 0
169.7 0
169.8 0
169.9 0
170 0
170.1 0
170.2 0
170.3 0
170.4 0
170.5 0
170.6 0
170.7 0
170.8 0
170.9 0
171 0
171.1 1
171.2 0
171.3 0
171.4 0
171.5 0
171.6 0
171.7 0
171.8 0
171.9 0
172 0
172.1 0
172.2 0
172.3 0
172.4 0
172.5 0
172.6 0
172.7 0
172.8 2
172.9 2
173 3
173.1 3
173.2 2
173.3 2
173.4 1
173.5 1
173.6 3
173.7 3
173.8 4
173.9 4
174 5
174.1 5
174.2 5
174.3 5
174.4 10
174.5 11
174.6 12
174.7 11
174.8 12
174.9 11
175 12
175.1 15
175.2 16
175.3 19
175.4 22
175.5 22
175.6 22
175.7 24
175.8 25
175.9 24
176 23
176.1 25
176.2 23
176.3 25
176.4 29
176.5 31
176.6 35
176.7 35
176.8 37
176.9 37
177 43
177.1 49
177.2 53
177.3 52
177.4 49
177.5 52
177.6 53
177.7 50
177.8 48
177.9 48
178 47
178.1 42
178.2 44
178.3 51
178.4 54
178.5 51
178.6 59
178.7 61
178.8 60
178.9 60
179 61
179.1 60
179.2 64
179.3 64
179.4 60
179.5 58
179.6 63
179.7 63
179.8 64
179.9 63
180 62
180.1 56
180.2 51
180.3 47
180.4 46
180.5 46
180.6 43
180.7 43
180.8 41
180.9 39
181 36
181.1 34
181.2 31
181.3 29
181.4 28
181.5 27
181.6 24
181.7 23
181.8 22
181.9 21
182 21
182.1 20
182.2 18
182.3 16
182.4 16
182.5 16
182.6 15
182.7 15
182.8 14
182.9 14
183 14
183.1 12
183.2 11
183.3 11
183.4 11
183.5 11
183.6 11
183.7 10
183.8 10
183.9 9
184 9
184.1 9
184.2 9
184.3 8
184.4 8
184.5 8
184.6 8
184.7 6
184.8 5
184.9 5
185 4
185.1 4
185.2 4
185.3 4
185.4 4
185.5 4
185.6 4
185.7 4
185.8 4
185.9 3
186 3
186.1 3
186.2 3
186.3 3
186.4 3
186.5 3
186.6 3
186.7 3
186.8 3
186.9 3
187 3
187.1 3
187.2 3
187.3 3
187.4 3
187.5 3
187.6 3
187.7 3
187.8 3
187.9 1
188 1
188.1 1
188.2 1
188.3 1
188.4 1
188.5 1
188.6 1
188.7 1
188.8 1
188.9 1
189 2
189.1 1
189.2 1
189.3 1
189.4 1
189.5 1
189.6 1
189.7 1
189.8 1
189.9 1
190 1
190.1 1
190.2 1
190.3 1
190.4 1
190.5 1
190.6 1
190.7 1
190.8 1
190.9 1
191 1
191.1 1
191.2 1
191.3 1
191.4 1
191.5 1
191.6 1
191.7 1
191.8 1
191.9 0
192 0
192.1 0
192.2 0
192.3 0
192.4 0
192.5 0
192.6 0
192.7 1
192.8 1
192.9 1
193 1
193.1 1
193.2 1
193.3 1
193.4 1
193.5 1
193.6 1
193.7 1
193.8 4
193.9 4
194 4
194.1 4
194.2 4
194.3 4
194.4 4
194.5 4
194.6 5
194.7 5
194.8 6
194.9 6
195 9
195.1 11
195.2 20
195.3 25
195.4 33
195.5 34
195.6 38
195.7 39
195.8 42
195.9 44
196 45
196.1 45
196.2 43
196.3 44
196.4 48
196.5 48
196.6 50
196.7 51
196.8 51
196.9 51
197 51
197.1 56
197.2 60
197.3 62
197.4 64
197.5 63
197.6 67
197.7 64
197.8 65
197.9 60
198 54
198.1 57
198.2 56
198.3 57
198.4 59
198.5 54
198.6 54
198.7 58
198.8 59
198.9 58
199 62
199.1 63
199.2 62
199.3 62
199.4 61
199.5 60
199.6 58
199.7 56
199.8 53
199.9 52
200 52
