0 0
0.1 9
0.2 23
0.3 65
0.4 117
0.5 160
0.6 215
0.7 272
0.8 364
0.9 487
1 637
1.1 775
1.2 892
1.3 1017
1.4 1129
1.5 1167
1.6 1207
1.7 1242
1.8 1312
1.9 1365
2 1426
2.1 1478
2.2 1571
2.3 1610
2.4 1631
2.5 1656
2.6 1732
2.7 1729
2.8 1770
2.9 1716
3 1693
3.1 1654
3.2 1654
3.3 1615
3.4 1687
3.5 1722
3.6 1674
3.7 1665
3.8 1666
3.9 1629
4 1596
4.1 1589
4.2 1592
4.3 1605
4.4 1588
4.5 1539
4.6 1477
4.7 1386
4.8 1355
4.9 1289
5 1261
5.1 1223
5.2 1218
5.3 1213
5.4 1175
5.5 1183
5.6 1208
5.7 1192
5.8 1138
5.9 1105
6 1020
6.1 933
6.2 869
6.3 845
6.4 801
6.5 732
6.6 688
6.7 586
6.8 532
6.9 498
7 448
7.1 341
7.2 291
7.3 223
7.4 146
7.5 126
7.6 69
7.7 25
7.8 3
7.9 0
8 8
8.1 1
8.2 0
8.3 1
8.4 2
8.5 2
8.6 0
8.7 0
8.8 0
8.9 1
9 6
9.1 4
9.2 1
9.3 4
9.4 2
9.5 1
9.6 0
9.7 0
9.8 0
9.9 3
10 0
10.1 2
10.2 3
10.3 0
10.4 1
10.5 2
10.6 0
10.7 0
10.8 0
10.9 3
11 0
11.1 1
11.2 0
11.3 2
11.4 0
11.5 0
11.6 1
11.7 3
11.8 1
11.9 0
12 1
12.1 0
12.2 2
12.3 0
12.4 1
12.5 1
12.6 2
12.7 2
12.8 1
12.9 0
13 0
13.1 2
13.2 1
13.3 4
13.4 3
13.5 2
13.6 0
13.7 1
13.8 1
13.9 0
14 2
14.1 6
14.2 2
14.3 1
14.4 1
14.5 0
14.6 0
14.7 2
14.8 1
14.9 1
15 3
15.1 5
15.2 11
15.3 0
15.4 8
15.5 1
15.6 0
15.7 0
15.8 0
15.9 1
16 4
16.1 7
16.2 6
16.3 5
16.4 2
16.5 2
16.6 2
16.7 5
16.8 4
16.9 7
17 3
17.1 3
17.2 4
17.3 3
17.4 3
17.5 0
17.6 10
17.7 5
17.8 2
17.9 0
18 3
18.1 1
18.2 4
18.3 2
18.4 2
18.5 0
18.6 1
18.7 2
18.8 4
18.9 20
19 17
19.1 7
19.2 4
19.3 0
19.4 4
19.5 4
19.6 2
19.7 8
19.8 4
19.9 14
20 9
20.1 4
20.2 9
20.3 1
20.4 9
20.5 18
20.6 36
20.7 13
20.8 18
20.9 43
21 65
21.1 39
21.2 48
21.3 56
21.4 78
21.5 106
21.6 119
21.7 128
21.8 209
21.9 328
22 391
22.1 425
22.2 542
22.3 563
22.4 593
22.5 670
22.6 688
22.7 743
22.8 766
22.9 805
23 877
23.1 914
23.2 957
23.3 918
23.4 885
23.5 947
23.6 1003
23.7 987
23.8 949
23.9 946
24 1033
24.1 1109
24.2 1068
24.3 996
24.4 991
24.5 1012
24.6 948
24.7 882
24.8 830
24.9 829
25 869
25.1 843
25.2 813
25.3 809
25.4 717
25.5 635
25.6 587
25.7 505
25.8 501
25.9 568
26 627
26.1 609
26.2 558
26.3 446
26.4 397
26.5 319
26.6 225
26.7 168
26.8 125
26.9 46
27 22
27.1 16
27.2 3
27.3 4
27.4 3
27.5 3
27.6 4
27.7 1
27.8 3
27.9 1
28 0
28.1 1
28.2 0
28.3 2
28.4 1
28.5 2
28.6 1
28.7 0
28.8 3
28.9 4
29 4
29.1 1
29.2 4
29.3 4
29.4 2
29.5 0
29.6 3
29.7 2
29.8 1
29.9 0
30 0
30.1 2
30.2 0
30.3 1
30.4 1
30.5 1
30.6 3
30.7 2
30.8 3
30.9 1
31 0
31.1 0
31.2 1
31.3 2
31.4 2
31.5 1
31.6 0
31.7 1
31.8 3
31.9 0
32 5
32.1 1
32.2 0
32.3 1
32.4 3
32.5 5
32.6 2
32.7 3
32.8 2
32.9 4
33 3
33.1 2
33.2 0
33.3 1
33.4 0
33.5 0
33.6 0
33.7 3
33.8 3
33.9 3
34 2
34.1 1
34.2 1
34.3 1
34.4 0
34.5 1
34.6 1
34.7 3
34.8 6
34.9 2
35 3
35.1 1
35.2 4
35.3 6
35.4 1
35.5 2
35.6 2
35.7 3
35.8 4
35.9 0
36 4
36.1 4
36.2 2
36.3 9
36.4 3
36.5 5
36.6 4
36.7 1
36.8 5
36.9 5
37 4
37.1 2
37.2 8
37.3 7
37.4 2
37.5 5
37.6 3
37.7 4
37.8 6
37.9 6
38 1
38.1 2
38.2 4
38.3 1
38.4 1
38.5 3
38.6 6
38.7 1
38.8 5
38.9 13
39 4
39.1 8
39.2 7
39.3 12
39.4 7
39.5 4
39.6 8
39.7 8
39.8 5
39.9 5
40 0
40.1 5
40.2 4
40.3 2
40.4 4
40.5 8
40.6 9
40.7 4
40.8 4
40.9 1
41 1
41.1 2
41.2 1
41.3 7
41.4 7
41.5 9
41.6 8
41.7 13
41.8 6
41.9 2
42 6
42.1 4
42.2 4
42.3 9
42.4 9
42.5 13
42.6 30
42.7 28
42.8 22
42.9 50
43 80
43.1 85
43.2 72
43.3 74
43.4 91
43.5 146
43.6 202
43.7 248
43.8 266
43.9 267
44 276
44.1 337
44.2 422
44.3 481
44.4 577
44.5 693
44.6 759
44.7 813
44.8 892
44.9 964
45 1000
45.1 1004
45.2 1007
45.3 1009
45.4 1077
45.5 1102
45.6 1083
45.7 1085
45.8 1124
45.9 1135
46 1134
46.1 1139
46.2 1099
46.3 1071
46.4 1017
46.5 1001
46.6 1030
46.7 996
46.8 974
46.9 993
47 1004
47.1 968
47.2 915
47.3 875
47.4 894
47.5 955
47.6 1016
47.7 1038
47.8 991
47.9 994
48 979
48.1 936
48.2 923
48.3 847
48.4 787
48.5 831
48.6 796
48.7 756
48.8 703
48.9 620
49 587
49.1 513
49.2 419
49.3 439
49.4 398
49.5 364
49.6 293
49.7 181
49.8 133
49.9 122
50 95
50.1 39
50.2 8
50.3 9
50.4 2
50.5 7
50.6 2
50.7 5
50.8 0
50.9 1
51 1
51.1 3
51.2 1
51.3 1
51.4 3
51.5 1
51.6 0
51.7 0
51.8 1
51.9 0
52 0
52.1 1
52.2 0
52.3 0
52.4 0
52.5 1
52.6 0
52.7 1
52.8 0
52.9 1
53 2
53.1 1
53.2 2
53.3 0
53.4 1
53.5 0
53.6 1
53.7 1
53.8 2
53.9 3
54 1
54.1 3
54.2 2
54.3 1
54.4 1
54.5 0
54.6 0
54.7 1
54.8 2
54.9 1
55 0
55.1 1
55.2 2
55.3 2
55.4 0
55.5 0
55.6 1
55.7 1
55.8 2
55.9 2
56 3
56.1 2
56.2 2
56.3 1
56.4 5
56.5 7
56.6 1
56.7 3
56.8 1
56.9 6
57 0
57.1 4
57.2 3
57.3 4
57.4 4
57.5 5
57.6 3
57.7 4
57.8 2
57.9 6
58 20
58.1 22
58.2 9
58.3 4
58.4 1
58.5 4
58.6 2
58.7 5
58.8 5
58.9 5
59 3
59.1 5
59.2 3
59.3 11
59.4 8
59.5 5
59.6 5
59.7 2
59.8 2
59.9 13
60 28
60.1 14
60.2 7
60.3 1
60.4 5
60.5 9
60.6 8
60.7 4
60.8 2
60.9 4
61 9
61.1 15
61.2 13
61.3 5
61.4 17
61.5 15
61.6 16
61.7 4
61.8 11
61.9 6
62 3
62.1 8
62.2 11
62.3 7
62.4 4
62.5 5
62.6 5
62.7 3
62.8 6
62.9 3
63 4
63.1 0
63.2 7
63.3 16
63.4 15
63.5 3
63.6 6
63.7 2
63.8 6
63.9 6
64 6
64.1 3
64.2 9
64.3 7
64.4 2
64.5 5
64.6 1
64.7 7
64.8 10
64.9 12
65 6
65.1 7
65.2 4
65.3 4
65.4 7
65.5 9
65.6 3
65.7 5
65.8 6
65.9 7
66 1
66.1 3
66.2 2
66.3 8
66.4 6
66.5 6
66.6 6
66.7 3
66.8 0
66.9 9
67 7
67.1 6
67.2 12
67.3 10
67.4 5
67.5 4
67.6 10
67.7 2
67.8 3
67.9 12
68 14
68.1 15
68.2 22
68.3 7
68.4 10
68.5 35
68.6 44
68.7 52
68.8 91
68.9 90
69 84
69.1 84
69.2 110
69.3 208
69.4 349
69.5 451
69.6 552
69.7 586
69.8 646
69.9 692
70 786
70.1 833
70.2 908
70.3 1002
70.4 1080
70.5 1122
70.6 1165
70.7 1204
70.8 1254
70.9 1235
71 1203
71.1 1239
71.2 1268
71.3 1321
71.4 1383
71.5 1382
71.6 1360
71.7 1281
71.8 1233
71.9 1231
72 1231
72.1 1232
72.2 1185
72.3 1140
72.4 1080
72.5 1025
72.6 1065
72.7 1018
72.8 980
72.9 963
73 940
73.1 864
73.2 873
73.3 866
73.4 886
73.5 833
73.6 818
73.7 801
73.8 813
73.9 804
74 783
74.1 727
74.2 686
74.3 668
74.4 659
74.5 582
74.6 566
74.7 567
74.8 510
74.9 429
75 366
75.1 262
75.2 180
75.3 190
75.4 120
75.5 59
75.6 18
75.7 11
75.8 5
75.9 1
76 2
76.1 1
76.2 1
76.3 5
76.4 4
76.5 3
76.6 2
76.7 0
76.8 1
76.9 0
77 1
77.1 2
77.2 1
77.3 1
77.4 0
77.5 0
77.6 1
77.7 0
77.8 0
77.9 4
78 3
78.1 0
78.2 0
78.3 0
78.4 1
78.5 0
78.6 0
78.7 1
78.8 0
78.9 0
79 0
79.1 3
79.2 0
79.3 2
79.4 5
79.5 3
79.6 1
79.7 3
79.8 1
79.9 0
80 1
80.1 0
80.2 1
80.3 3
80.4 4
80.5 5
80.6 2
80.7 2
80.8 0
80.9 0
81 2
81.1 3
81.2 1
81.3 2
81.4 4
81.5 2
81.6 1
81.7 0
81.8 2
81.9 4
82 2
82.1 11
82.2 4
82.3 2
82.4 1
82.5 3
82.6 1
82.7 5
82.8 3
82.9 2
83 0
83.1 3
83.2 7
83.3 5
83.4 5
83.5 4
83.6 6
83.7 7
83.8 5
83.9 7
84 5
84.1 6
84.2 8
84.3 4
84.4 3
84.5 17
84.6 13
84.7 5
84.8 9
84.9 7
85 9
85.1 5
85.2 13
85.3 6
85.4 1
85.5 4
85.6 0
85.7 2
85.8 6
85.9 5
86 5
86.1 5
86.2 12
86.3 4
86.4 6
86.5 6
86.6 4
86.7 9
86.8 5
86.9 0
87 3
87.1 13
87.2 9
87.3 11
87.4 4
87.5 0
87.6 7
87.7 1
87.8 3
87.9 30
88 26
88.1 8
88.2 5
88.3 8
88.4 5
88.5 13
88.6 13
88.7 17
88.8 7
88.9 20
89 39
89.1 50
89.2 79
89.3 174
89.4 246
89.5 240
89.6 272
89.7 455
89.8 586
89.9 660
90 732
90.1 762
90.2 749
90.3 768
90.4 766
90.5 739
90.6 755
90.7 804
90.8 808
90.9 876
91 966
91.1 969
91.2 1004
91.3 995
91.4 1006
91.5 971
91.6 970
91.7 984
91.8 1006
91.9 987
92 992
92.1 953
92.2 934
92.3 919
92.4 922
92.5 881
92.6 835
92.7 795
92.8 741
92.9 698
93 659
93.1 648
93.2 579
93.3 533
93.4 536
93.5 477
93.6 406
93.7 361
93.8 380
93.9 290
94 259
94.1 230
94.2 181
94.3 134
94.4 119
94.5 72
94.6 54
94.7 18
94.8 9
94.9 8
95 6
95.1 5
95.2 4
95.3 1
95.4 3
95.5 1
95.6 3
95.7 1
95.8 2
95.9 1
96 2
96.1 0
96.2 0
96.3 2
96.4 0
96.5 0
96.6 1
96.7 1
96.8 3
96.9 0
97 1
97.1 1
97.2 1
97.3 3
97.4 1
97.5 2
97.6 3
97.7 0
97.8 2
97.9 3
98 0
98.1 1
98.2 0
98.3 2
98.4 4
98.5 3
98.6 0
98.7 0
98.8 0
98.9 7
99 3
99.1 4
99.2 2
99.3 3
99.4 0
99.5 0
99.6 3
99.7 1
99.8 2
99.9 4
100 7
100.1 7
100.2 6
100.3 5
100.4 1
100.5 0
100.6 3
100.7 3
100.8 1
100.9 4
101 6
101.1 5
101.2 4
101.3 3
101.4 2
101.5 2
101.6 3
101.7 4
101.8 1
101.9 1
102 1
102.1 2
102.2 5
102.3 10
102.4 4
102.5 0
102.6 1
102.7 7
102.8 2
102.9 13
103 7
103.1 8
103.2 8
103.3 5
103.4 12
103.5 7
103.6 2
103.7 3
103.8 2
103.9 2
104 6
104.1 2
104.2 6
104.3 10
104.4 8
104.5 6
104.6 5
104.7 5
104.8 14
104.9 7
105 4
105.1 7
105.2 3
105.3 10
105.4 9
105.5 7
105.6 5
105.7 5
105.8 7
105.9 46
106 56
106.1 71
106.2 65
106.3 41
106.4 36
106.5 25
106.6 78
106.7 67
106.8 56
106.9 35
107 26
107.1 23
107.2 21
107.3 21
107.4 24
107.5 20
107.6 21
107.7 11
107.8 8
107.9 9
108 13
108.1 15
108.2 7
108.3 5
108.4 17
108.5 27
108.6 15
108.7 6
108.8 3
108.9 2
109 8
109.1 2
109.2 6
109.3 3
109.4 3
109.5 3
109.6 1
109.7 13
109.8 12
109.9 11
110 4
110.1 3
110.2 7
110.3 11
110.4 8
110.5 9
110.6 4
110.7 0
110.8 6
110.9 4
111 4
111.1 9
111.2 18
111.3 15
111.4 25
111.5 20
111.6 14
111.7 7
111.8 30
111.9 33
112 34
112.1 36
112.2 46
112.3 59
112.4 44
112.5 59
112.6 77
112.7 66
112.8 70
112.9 66
113 84
113.1 124
113.2 154
113.3 168
113.4 156
113.5 185
113.6 181
113.7 165
113.8 184
113.9 224
114 228
114.1 242
114.2 292
114.3 340
114.4 348
114.5 350
114.6 369
114.7 446
114.8 562
114.9 683
115 728
115.1 819
115.2 872
115.3 924
115.4 985
115.5 1005
115.6 1045
115.7 1081
115.8 1130
115.9 1203
116 1236
116.1 1244
116.2 1263
116.3 1251
116.4 1302
116.5 1311
116.6 1272
116.7 1205
116.8 1182
116.9 1237
117 1247
117.1 1195
117.2 1177
117.3 1145
117.4 1109
117.5 1062
117.6 1081
117.7 1073
117.8 1001
117.9 969
118 926
118.1 838
118.2 811
118.3 801
118.4 777
118.5 699
118.6 634
118.7 580
118.8 567
118.9 633
119 607
119.1 575
119.2 569
119.3 541
119.4 514
119.5 472
119.6 396
119.7 290
119.8 208
119.9 160
120 104
120.1 23
120.2 27
120.3 13
120.4 5
120.5 5
120.6 4
120.7 4
120.8 5
120.9 3
121 1
121.1 1
121.2 0
121.3 0
121.4 0
121.5 1
121.6 2
121.7 0
121.8 0
121.9 0
122 2
122.1 2
122.2 2
122.3 1
122.4 3
122.5 0
122.6 1
122.7 2
122.8 1
122.9 0
123 0
123.1 1
123.2 4
123.3 0
123.4 2
123.5 1
123.6 0
123.7 1
123.8 1
123.9 1
124 1
124.1 2
124.2 0
124.3 0
124.4 2
124.5 4
124.6 2
124.7 0
124.8 1
124.9 1
125 2
125.1 1
125.2 5
125.3 2
125.4 0
125.5 2
125.6 0
125.7 4
125.8 5
125.9 5
126 2
126.1 4
126.2 1
126.3 1
126.4 7
126.5 1
126.6 0
126.7 0
126.8 1
126.9 4
127 0
127.1 0
127.2 2
127.3 1
127.4 2
127.5 8
127.6 3
127.7 3
127.8 0
127.9 2
128 3
128.1 1
128.2 2
128.3 8
128.4 1
128.5 1
128.6 2
128.7 0
128.8 4
128.9 7
129 1
129.1 2
129.2 3
129.3 2
129.4 0
129.5 0
129.6 2
129.7 3
129.8 3
129.9 5
130 1
130.1 4
130.2 3
130.3 6
130.4 3
130.5 4
130.6 1
130.7 3
130.8 4
130.9 1
131 4
131.1 9
131.2 16
131.3 4
131.4 5
131.5 4
131.6 3
131.7 4
131.8 8
131.9 7
132 4
132.1 0
132.2 5
132.3 1
132.4 7
132.5 6
132.6 4
132.7 3
132.8 1
132.9 10
133 6
133.1 14
133.2 9
133.3 12
133.4 64
133.5 103
133.6 156
133.7 149
133.8 124
133.9 198
134 348
134.1 422
134.2 442
134.3 476
134.4 592
134.5 604
134.6 560
134.7 576
134.8 614
134.9 646
135 685
135.1 721
135.2 772
135.3 860
135.4 900
135.5 967
135.6 1046
135.7 1077
135.8 1119
135.9 1146
136 1156
136.1 1148
136.2 1171
136.3 1199
136.4 1243
136.5 1247
136.6 1260
136.7 1223
136.8 1220
136.9 1198
137 1178
137.1 1139
137.2 1146
137.3 1010
137.4 986
137.5 954
137.6 951
137.7 894
137.8 852
137.9 873
138 870
138.1 886
138.2 846
138.3 742
138.4 694
138.5 613
138.6 567
138.7 502
138.8 466
138.9 384
139 321
139.1 262
139.2 212
139.3 171
139.4 114
139.5 62
139.6 36
139.7 7
139.8 6
139.9 0
140 1
140.1 0
140.2 0
140.3 3
140.4 0
140.5 2
140.6 1
140.7 0
140.8 0
140.9 1
141 0
141.1 3
141.2 0
141.3 4
141.4 1
141.5 1
141.6 0
141.7 0
141.8 2
141.9 0
142 3
142.1 1
142.2 3
142.3 1
142.4 0
142.5 0
142.6 2
142.7 0
142.8 0
142.9 0
143 2
143.1 0
143.2 1
143.3 0
143.4 0
143.5 1
143.6 1
143.7 3
143.8 0
143.9 0
144 0
144.1 2
144.2 4
144.3 1
144.4 2
144.5 2
144.6 3
144.7 0
144.8 1
144.9 3
145 1
145.1 2
145.2 2
145.3 4
145.4 3
145.5 1
145.6 4
145.7 2
145.8 5
145.9 0
146 0
146.1 4
146.2 2
146.3 3
146.4 1
146.5 3
146.6 3
146.7 4
146.8 3
146.9 12
147 16
147.1 8
147.2 12
147.3 11
147.4 4
147.5 1
147.6 5
147.7 2
147.8 1
147.9 0
148 9
148.1 22
148.2 62
148.3 95
148.4 115
148.5 168
148.6 213
148.7 223
148.8 251
148.9 223
149 222
149.1 249
149.2 216
149.3 210
149.4 219
149.5 265
149.6 268
149.7 301
149.8 314
149.9 362
150 368
150.1 385
150.2 416
150.3 455
150.4 549
150.5 579
150.6 643
150.7 660
150.8 640
150.9 629
151 669
151.1 727
151.2 737
151.3 770
151.4 718
151.5 659
151.6 603
151.7 584
151.8 571
151.9 575
152 525
152.1 441
152.2 345
152.3 323
152.4 226
152.5 182
152.6 123
152.7 55
152.8 15
152.9 5
153 3
153.1 4
153.2 5
153.3 0
153.4 3
153.5 14
153.6 6
153.7 2
153.8 6
153.9 4
154 3
154.1 2
154.2 2
154.3 2
154.4 1
154.5 1
154.6 1
154.7 3
154.8 3
154.9 2
155 1
155.1 1
155.2 1
155.3 1
155.4 3
155.5 9
155.6 16
155.7 5
155.8 4
155.9 4
156 4
156.1 6
156.2 2
156.3 1
156.4 0
156.5 0
156.6 2
156.7 1
156.8 3
156.9 2
157 1
157.1 4
157.2 0
157.3 0
157.4 1
157.5 2
157.6 0
157.7 2
157.8 4
157.9 0
158 0
158.1 1
158.2 1
158.3 0
158.4 3
158.5 0
158.6 2
158.7 1
158.8 0
158.9 5
159 6
159.1 8
159.2 0
159.3 0
159.4 1
159.5 2
159.6 3
159.7 0
159.8 3
159.9 0
160 1
160.1 17
160.2 21
160.3 19
160.4 4
160.5 10
160.6 3
160.7 2
160.8 0
160.9 2
161 5
161.1 2
161.2 7
161.3 5
161.4 3
161.5 5
161.6 7
161.7 6
161.8 2
161.9 0
162 3
162.1 3
162.2 6
162.3 10
162.4 6
162.5 4
162.6 6
162.7 1
162.8 2
162.9 6
163 6
163.1 5
163.2 2
163.3 6
163.4 5
163.5 9
163.6 4
163.7 3
163.8 1
163.9 1
164 1
164.1 1
164.2 4
164.3 8
164.4 4
164.5 2
164.6 0
164.7 0
164.8 6
164.9 4
165 17
165.1 17
165.2 11
165.3 11
165.4 6
165.5 1
165.6 4
165.7 6
165.8 13
165.9 7
166 3
166.1 6
166.2 2
166.3 3
166.4 3
166.5 4
166.6 8
166.7 3
166.8 3
166.9 1
167 3
167.1 7
167.2 17
167.3 9
167.4 16
167.5 6
167.6 5
167.7 16
167.8 24
167.9 17
168 14
168.1 8
168.2 7
168.3 6
168.4 7
168.5 6
168.6 5
168.7 5
168.8 3
168.9 8
169 37
169.1 42
169.2 21
169.3 40
169.4 38
169.5 42
169.6 75
169.7 75
169.8 81
169.9 93
170 173
170.1 258
170.2 273
170.3 240
170.4 220
170.5 285
170.6 394
170.7 525
170.8 640
170.9 710
171 768
171.1 825
171.2 873
171.3 907
171.4 882
171.5 940
171.6 979
171.7 963
171.8 974
171.9 989
172 1015
172.1 1083
172.2 1081
172.3 1077
172.4 1077
172.5 1125
172.6 1094
172.7 1118
172.8 1151
172.9 1124
173 1129
173.1 1165
173.2 1183
173.3 1181
173.4 1207
173.5 1191
173.6 1116
173.7 1083
173.8 1086
173.9 1067
174 1045
174.1 1030
174.2 998
174.3 932
174.4 883
174.5 810
174.6 781
174.7 742
174.8 750
174.9 724
175 674
175.1 640
175.2 629
175.3 599
175.4 566
175.5 553
175.6 484
175.7 419
175.8 364
175.9 336
176 312
176.1 312
176.2 307
176.3 297
176.4 285
176.5 213
176.6 151
176.7 84
176.8 39
176.9 12
177 9
177.1 5
177.2 1
177.3 3
177.4 3
177.5 2
177.6 0
177.7 1
177.8 3
177.9 0
178 1
178.1 0
178.2 0
178.3 0
178.4 1
178.5 0
178.6 1
178.7 2
178.8 3
178.9 0
179 1
179.1 1
179.2 3
179.3 1
179.4 1
179.5 0
179.6 1
179.7 1
179.8 1
179.9 1
180 1
180.1 0
180.2 3
180.3 2
180.4 1
180.5 1
180.6 0
180.7 1
180.8 5
180.9 5
181 2
181.1 0
181.2 5
181.3 5
181.4 3
181.5 8
181.6 2
181.7 4
181.8 2
181.9 3
182 4
182.1 2
182.2 0
182.3 0
182.4 5
182.5 3
182.6 1
182.7 2
182.8 2
182.9 0
183 1
183.1 1
183.2 0
183.3 1
183.4 0
183.5 0
183.6 1
183.7 0
183.8 1
183.9 2
184 1
184.1 3
184.2 3
184.3 1
184.4 0
184.5 4
184.6 1
184.7 4
184.8 1
184.9 3
185 2
185.1 3
185.2 4
185.3 2
185.4 18
185.5 14
185.6 6
185.7 1
185.8 0
185.9 0
186 11
186.1 7
186.2 12
186.3 19
186.4 11
186.5 13
186.6 7
186.7 31
186.8 26
186.9 71
187 73
187.1 136
187.2 181
187.3 222
187.4 269
187.5 315
187.6 335
187.7 361
187.8 410
187.9 466
188 501
188.1 585
188.2 597
188.3 599
188.4 606
188.5 710
188.6 748
188.7 801
188.8 805
188.9 821
189 816
189.1 831
189.2 850
189.3 840
189.4 817
189.5 780
189.6 772
189.7 747
189.8 734
189.9 708
190 723
190.1 728
190.2 696
190.3 625
190.4 621
190.5 597
190.6 553
190.7 528
190.8 473
190.9 461
191 444
191.1 438
191.2 419
191.3 406
191.4 379
191.5 351
191.6 344
191.7 335
191.8 387
191.9 352
192 287
192.1 219
192.2 155
192.3 116
192.4 37
192.5 12
192.6 11
192.7 9
192.8 3
192.9 2
193 1
193.1 0
193.2 2
193.3 1
193.4 5
193.5 4
193.6 2
193.7 0
193.8 0
193.9 1
194 2
194.1 0
194.2 1
194.3 1
194.4 0
194.5 2
194.6 3
194.7 2
194.8 0
194.9 0
195 3
195.1 1
195.2 1
195.3 0
195.4 0
195.5 1
195.6 0
195.7 2
195.8 4
195.9 2
196 4
196.1 1
196.2 1
196.3 1
196.4 1
196.5 0
196.6 0
196.7 0
196.8 1
196.9 0
197 0
197.1 5
197.2 3
197.3 3
197.4 1
197.5 1
197.6 3
197.7 1
197.8 1
197.9 3
198 1
198.1 3
198.2 1
198.3 1
198.4 0
198.5 2
198.6 3
198.7 2
198.8 0
198.9 1
199 0
199.1 2
199.2 0
199.3 3
199.4 2
199.5 1
199.6 1
199.7 3
199.8 1
199.9 4
200 2
