0 0
0.1 0
0.2 0
0.3 0
0.4 0
0.5 0
0.6 0
0.7 0
0.8 0
0.9 2
1 3
1.1 6
1.2 9
1.3 13
1.4 18
1.5 26
1.6 28
1.7 38
1.8 42
1.9 60
2 69
2.1 87
2.2 104
2.3 126
2.4 146
2.5 164
2.6 184
2.7 209
2.8 227
2.9 252
3 277
3.1 310
3.2 330
3.3 360
3.4 384
3.5 414
3.6 443
3.7 471
3.8 498
3.9 540
4 572
4.1 598
4.2 640
4.3 671
4.4 708
4.5 740
4.6 769
4.7 808
4.8 837
4.9 881
5 916
5.1 948
5.2 994
5.3 1028
5.4 1076
5.5 1103
5.6 1143
5.7 1182
5.8 1220
5.9 1250
6 1284
6.1 1317
6.2 1358
6.3 1383
6.4 1415
6.5 1446
6.6 1485
6.7 1518
6.8 1554
6.9 1579
7 1623
7.1 1654
7.2 1678
7.3 1698
7.4 1713
7.5 1714
7.6 1718
7.7 1664
7.8 1518
7.9 1400
8 1277
8.1 1166
8.2 1083
8.3 985
8.4 915
8.5 828
8.6 777
8.7 717
8.8 660
8.9 610
9 621
9.1 654
9.2 633
9.3 617
9.4 567
9.5 549
9.6 540
9.7 521
9.8 485
9.9 493
10 469
10.1 448
10.2 443
10.3 430
10.4 396
10.5 382
10.6 370
10.7 357
10.8 337
10.9 317
11 304
11.1 292
11.2 281
11.3 276
11.4 253
11.5 253
11.6 251
11.7 261
11.8 261
11.9 256
12 251
12.1 254
12.2 252
12.3 250
12.4 250
12.5 238
12.6 242
12.7 239
12.8 240
12.9 238
13 243
13.1 252
13.2 252
13.3 261
13.4 264
13.5 264
13.6 259
13.7 256
13.8 261
13.9 255
14 254
14.1 306
14.2 342
14.3 334
14.4 323
14.5 319
14.6 302
14.7 295
14.8 287
14.9 279
15 267
15.1 278
15.2 341
15.3 370
15.4 395
15.5 410
15.6 387
15.7 357
15.8 362
15.9 342
16 326
16.1 330
16.2 333
16.3 337
16.4 331
16.5 321
16.6 311
16.7 316
16.8 317
16.9 327
17 330
17.1 319
17.2 323
17.3 314
17.4 325
17.5 327
17.6 342
17.7 356
17.8 338
17.9 310
18 291
18.1 294
18.2 277
18.3 258
18.4 247
18.5 240
18.6 225
18.7 207
18.8 209
18.9 239
19 332
19.1 358
19.2 359
19.3 341
19.4 321
19.5 326
19.6 313
19.7 296
19.8 282
19.9 298
20 316
20.1 320
20.2 310
20.3 307
20.4 300
20.5 361
20.6 405
20.7 427
20.8 418
20.9 445
21 475
21.1 487
21.2 492
21.3 508
21.4 514
21.5 543
21.6 547
21.7 549
21.8 564
21.9 567
22 576
22.1 581
22.2 595
22.3 600
22.4 612
22.5 620
22.6 634
22.7 640
22.8 648
22.9 660
23 673
23.1 686
23.2 706
23.3 719
23.4 734
23.5 754
23.6 772
23.7 805
23.8 819
23.9 844
24 852
24.1 877
24.2 899
24.3 927
24.4 953
24.5 987
24.6 1010
24.7 1037
24.8 1068
24.9 1109
25 1134
25.1 1162
25.2 1186
25.3 1213
25.4 1238
25.5 1269
25.6 1292
25.7 1322
25.8 1348
25.9 1382
26 1392
26.1 1430
26.2 1458
26.3 1489
26.4 1515
26.5 1546
26.6 1571
26.7 1581
26.8 1600
26.9 1550
27 1487
27.1 1407
27.2 1323
27.3 1209
27.4 1130
27.5 1048
27.6 973
27.7 912
27.8 824
27.9 778
28 744
28.1 679
28.2 634
28.3 591
28.4 534
28.5 521
28.6 490
28.7 463
28.8 449
28.9 440
29 433
29.1 432
29.2 426
29.3 428
29.4 420
29.5 406
29.6 380
29.7 357
29.8 359
29.9 355
30 331
30.1 307
30.2 301
30.3 303
30.4 301
30.5 288
30.6 278
30.7 274
30.8 268
30.9 258
31 241
31.1 233
31.2 228
31.3 230
31.4 247
31.5 242
31.6 248
31.7 256
31.8 257
31.9 285
32 297
32.1 292
32.2 274
32.3 253
32.4 260
32.5 273
32.6 293
32.7 304
32.8 301
32.9 301
33 295
33.1 276
33.2 259
33.3 244
33.4 224
33.5 209
33.6 200
33.7 210
33.8 228
33.9 242
34 249
34.1 262
34.2 237
34.3 231
34.4 213
34.5 197
34.6 200
34.7 200
34.8 215
34.9 222
35 233
35.1 233
35.2 238
35.3 253
35.4 282
35.5 276
35.6 268
35.7 260
35.8 259
35.9 242
36 236
36.1 224
36.2 215
36.3 231
36.4 237
36.5 232
36.6 231
36.7 226
36.8 217
36.9 209
37 220
37.1 231
37.2 241
37.3 257
37.4 261
37.5 258
37.6 245
37.7 235
37.8 238
37.9 243
38 220
38.1 216
38.2 227
38.3 227
38.4 222
38.5 209
38.6 218
38.7 218
38.8 215
38.9 223
39 233
39.1 246
39.2 241
39.3 249
39.4 255
39.5 253
39.6 259
39.7 267
39.8 270
39.9 261
40 260
40.1 254
40.2 247
40.3 239
40.4 234
40.5 240
40.6 246
40.7 249
40.8 239
40.9 242
41 238
41.1 220
41.2 194
41.3 194
41.4 208
41.5 220
41.6 229
41.7 241
41.8 236
41.9 228
42 211
42.1 209
42.2 210
42.3 207
42.4 219
42.5 243
42.6 286
42.7 323
42.8 325
42.9 341
43 378
43.1 387
43.2 392
43.3 393
43.4 393
43.5 404
43.6 422
43.7 421
43.8 421
43.9 424
44 432
44.1 443
44.2 456
44.3 471
44.4 490
44.5 494
44.6 513
44.7 522
44.8 537
44.9 547
45 559
45.1 580
45.2 591
45.3 604
45.4 618
45.5 634
45.6 644
45.7 662
45.8 673
45.9 694
46 709
46.1 722
46.2 736
46.3 751
46.4 769
46.5 798
46.6 817
46.7 842
46.8 857
46.9 883
47 908
47.1 932
47.2 949
47.3 976
47.4 995
47.5 1017
47.6 1045
47.7 1066
47.8 1101
47.9 1125
48 1146
48.1 1177
48.2 1200
48.3 1230
48.4 1262
48.5 1289
48.6 1315
48.7 1331
48.8 1359
48.9 1396
49 1433
49.1 1458
49.2 1487
49.3 1519
49.4 1551
49.5 1584
49.6 1603
49.7 1623
49.8 1626
49.9 1630
50 1656
50.1 1639
50.2 1556
50.3 1434
50.4 1342
50.5 1251
50.6 1141
50.7 1064
50.8 970
50.9 864
51 791
51.1 730
51.2 690
51.3 651
51.4 610
51.5 561
51.6 521
51.7 480
51.8 446
51.9 420
52 391
52.1 362
52.2 337
52.3 307
52.4 297
52.5 282
52.6 275
52.7 270
52.8 251
52.9 250
53 258
53.1 255
53.2 248
53.3 246
53.4 235
53.5 236
53.6 241
53.7 229
53.8 220
53.9 221
54 232
54.1 249
54.2 271
54.3 265
54.4 251
54.5 235
54.6 206
54.7 197
54.8 189
54.9 180
55 197
55.1 202
55.2 200
55.3 221
55.4 221
55.5 219
55.6 211
55.7 213
55.8 213
55.9 231
56 245
56.1 256
56.2 269
56.3 269
56.4 277
56.5 282
56.6 298
56.7 298
56.8 303
56.9 318
57 308
57.1 305
57.2 302
57.3 288
57.4 300
57.5 296
57.6 292
57.7 285
57.8 286
57.9 283
58 383
58.1 441
58.2 462
58.3 441
58.4 425
58.5 413
58.6 382
58.7 359
58.8 362
58.9 375
59 367
59.1 360
59.2 335
59.3 340
59.4 366
59.5 371
59.6 347
59.7 342
59.8 313
59.9 307
60 376
60.1 420
60.2 434
60.3 414
60.4 400
60.5 408
60.6 394
60.7 398
60.8 385
60.9 350
61 338
61.1 356
61.2 394
61.3 387
61.4 387
61.5 421
61.6 432
61.7 427
61.8 394
61.9 375
62 371
62.1 360
62.2 377
62.3 377
62.4 366
62.5 351
62.6 342
62.7 333
62.8 327
62.9 318
63 305
63.1 287
63.2 269
63.3 311
63.4 306
63.5 309
63.6 313
63.7 302
63.8 297
63.9 291
64 286
64.1 287
64.2 275
64.3 299
64.4 307
64.5 291
64.6 267
64.7 254
64.8 251
64.9 258
65 254
65.1 251
65.2 251
65.3 241
65.4 234
65.5 235
65.6 242
65.7 226
65.8 225
65.9 217
66 212
66.1 209
66.2 196
66.3 203
66.4 198
66.5 209
66.6 208
66.7 204
66.8 190
66.9 189
67 198
67.1 197
67.2 211
67.3 213
67.4 228
67.5 215
67.6 213
67.7 205
67.8 190
67.9 196
68 211
68.1 221
68.2 243
68.3 261
68.4 258
68.5 268
68.6 302
68.7 317
68.8 341
68.9 351
69 354
69.1 349
69.2 352
69.3 363
69.4 373
69.5 383
69.6 392
69.7 402
69.8 413
69.9 422
70 422
70.1 426
70.2 437
70.3 452
70.4 464
70.5 474
70.6 483
70.7 493
70.8 505
70.9 520
71 540
71.1 554
71.2 578
71.3 612
71.4 635
71.5 649
71.6 669
71.7 695
71.8 719
71.9 734
72 754
72.1 774
72.2 807
72.3 832
72.4 847
72.5 877
72.6 896
72.7 925
72.8 953
72.9 982
73 1007
73.1 1036
73.2 1057
73.3 1092
73.4 1115
73.5 1150
73.6 1174
73.7 1198
73.8 1234
73.9 1252
74 1265
74.1 1294
74.2 1320
74.3 1346
74.4 1380
74.5 1401
74.6 1424
74.7 1456
74.8 1480
74.9 1493
75 1509
75.1 1530
75.2 1555
75.3 1568
75.4 1577
75.5 1550
75.6 1494
75.7 1419
75.8 1328
75.9 1220
76 1118
76.1 1019
76.2 942
76.3 857
76.4 824
76.5 806
76.6 755
76.7 705
76.8 654
76.9 611
77 584
77.1 571
77.2 545
77.3 517
77.4 490
77.5 441
77.6 406
77.7 365
77.8 349
77.9 375
78 444
78.1 470
78.2 440
78.3 409
78.4 387
78.5 374
78.6 365
78.7 365
78.8 351
78.9 335
79 317
79.1 298
79.2 284
79.3 311
79.4 325
79.5 339
79.6 367
79.7 370
79.8 348
79.9 333
80 319
80.1 310
80.2 298
80.3 310
80.4 326
80.5 327
80.6 346
80.7 340
80.8 334
80.9 330
81 315
81.1 313
81.2 299
81.3 304
81.4 323
81.5 330
81.6 319
81.7 313
81.8 317
81.9 324
82 319
82.1 363
82.2 391
82.3 388
82.4 363
82.5 349
82.6 338
82.7 324
82.8 310
82.9 303
83 286
83.1 301
83.2 298
83.3 298
83.4 300
83.5 308
83.6 311
83.7 309
83.8 325
83.9 328
84 311
84.1 329
84.2 331
84.3 326
84.4 323
84.5 384
84.6 419
84.7 423
84.8 406
84.9 409
85 395
85.1 394
85.2 390
85.3 383
85.4 349
85.5 325
85.6 307
85.7 293
85.8 286
85.9 282
86 281
86.1 282
86.2 286
86.3 290
86.4 299
86.5 294
86.6 293
86.7 278
86.8 281
86.9 264
87 256
87.1 245
87.2 284
87.3 284
87.4 301
87.5 292
87.6 278
87.7 272
87.8 266
87.9 296
88 358
88.1 357
88.2 351
88.3 335
88.4 331
88.5 337
88.6 330
88.7 319
88.8 321
88.9 320
89 385
89.1 411
89.2 440
89.3 484
89.4 492
89.5 492
89.6 498
89.7 499
89.8 511
89.9 515
90 521
90.1 525
90.2 534
90.3 555
90.4 570
90.5 588
90.6 614
90.7 637
90.8 650
90.9 680
91 700
91.1 725
91.2 746
91.3 766
91.4 801
91.5 832
91.6 850
91.7 873
91.8 905
91.9 938
92 953
92.1 985
92.2 1019
92.3 1054
92.4 1079
92.5 1114
92.6 1148
92.7 1184
92.8 1211
92.9 1237
93 1257
93.1 1271
93.2 1298
93.3 1298
93.4 1332
93.5 1338
93.6 1352
93.7 1378
93.8 1391
93.9 1410
94 1436
94.1 1455
94.2 1471
94.3 1482
94.4 1505
94.5 1488
94.6 1469
94.7 1389
94.8 1302
94.9 1227
95 1145
95.1 1106
95.2 1032
95.3 934
95.4 883
95.5 828
95.6 785
95.7 745
95.8 696
95.9 653
96 591
96.1 576
96.2 535
96.3 491
96.4 454
96.5 426
96.6 396
96.7 380
96.8 364
96.9 363
97 355
97.1 351
97.2 355
97.3 341
97.4 339
97.5 316
97.6 301
97.7 284
97.8 261
97.9 264
98 260
98.1 253
98.2 236
98.3 230
98.4 238
98.5 239
98.6 235
98.7 217
98.8 209
98.9 236
99 255
99.1 274
99.2 278
99.3 269
99.4 267
99.5 253
99.6 247
99.7 242
99.8 255
99.9 270
100 277
100.1 318
100.2 311
100.3 306
100.4 314
100.5 309
100.6 291
100.7 285
100.8 293
100.9 291
101 317
101.1 327
101.2 335
101.3 320
101.4 286
101.5 269
101.6 274
101.7 272
101.8 263
101.9 253
102 259
102.1 244
102.2 243
102.3 261
102.4 271
102.5 264
102.6 244
102.7 249
102.8 256
102.9 274
103 333
103.1 355
103.2 343
103.3 351
103.4 360
103.5 371
103.6 361
103.7 327
103.8 311
103.9 295
104 280
104.1 279
104.2 288
104.3 288
104.4 297
104.5 300
104.6 293
104.7 281
104.8 304
104.9 327
105 319
105.1 324
105.2 313
105.3 299
105.4 317
105.5 315
105.6 302
105.7 296
105.8 294
105.9 334
106 435
106.1 469
106.2 483
106.3 476
106.4 471
106.5 449
106.6 480
106.7 495
106.8 490
106.9 485
107 460
107.1 444
107.2 432
107.3 426
107.4 430
107.5 420
107.6 418
107.7 409
107.8 398
107.9 377
108 373
108.1 369
108.2 370
108.3 354
108.4 366
108.5 380
108.6 380
108.7 356
108.8 336
108.9 316
109 301
109.1 293
109.2 271
109.3 255
109.4 245
109.5 238
109.6 237
109.7 239
109.8 245
109.9 245
110 238
110.1 229
110.2 229
110.3 228
110.4 243
110.5 257
110.6 272
110.7 253
110.8 231
110.9 217
111 223
111.1 222
111.2 246
111.3 263
111.4 294
111.5 308
111.6 308
111.7 294
111.8 290
111.9 309
112 333
112.1 348
112.2 342
112.3 364
112.4 367
112.5 375
112.6 382
112.7 383
112.8 374
112.9 377
113 383
113.1 392
113.2 393
113.3 395
113.4 402
113.5 405
113.6 418
113.7 411
113.8 419
113.9 415
114 433
114.1 429
114.2 438
114.3 455
114.4 469
114.5 480
114.6 497
114.7 507
114.8 531
114.9 550
115 571
115.1 579
115.2 595
115.3 614
115.4 633
115.5 655
115.6 674
115.7 695
115.8 708
115.9 730
116 750
116.1 766
116.2 783
116.3 795
116.4 815
116.5 828
116.6 856
116.7 877
116.8 902
116.9 918
117 946
117.1 978
117.2 999
117.3 1017
117.4 1029
117.5 1053
117.6 1076
117.7 1098
117.8 1136
117.9 1156
118 1196
118.1 1227
118.2 1257
118.3 1297
118.4 1327
118.5 1352
118.6 1388
118.7 1412
118.8 1439
118.9 1470
119 1493
119.1 1518
119.2 1542
119.3 1571
119.4 1615
119.5 1633
119.6 1661
119.7 1687
119.8 1691
119.9 1697
120 1698
120.1 1645
120.2 1575
120.3 1526
120.4 1433
120.5 1347
120.6 1249
120.7 1164
120.8 1071
120.9 1022
121 949
121.1 914
121.2 829
121.3 760
121.4 703
121.5 654
121.6 641
121.7 601
121.8 562
121.9 533
122 509
122.1 500
122.2 492
122.3 488
122.4 471
122.5 457
122.6 430
122.7 416
122.8 399
122.9 364
123 348
123.1 325
123.2 314
123.3 313
123.4 314
123.5 310
123.6 294
123.7 276
123.8 266
123.9 266
124 259
124.1 269
124.2 265
124.3 249
124.4 252
124.5 263
124.6 287
124.7 278
124.8 266
124.9 262
125 269
125.1 265
125.2 275
125.3 292
125.4 275
125.5 268
125.6 275
125.7 277
125.8 290
125.9 302
126 297
126.1 283
126.2 274
126.3 258
126.4 247
126.5 267
126.6 257
126.7 253
126.8 244
126.9 246
127 242
127.1 228
127.2 204
127.3 208
127.4 216
127.5 241
127.6 265
127.7 260
127.8 248
127.9 240
128 254
128.1 257
128.2 246
128.3 242
128.4 254
128.5 261
128.6 257
128.7 246
128.8 250
128.9 255
129 256
129.1 239
129.2 233
129.3 225
129.4 226
129.5 213
129.6 208
129.7 200
129.8 198
129.9 192
130 190
130.1 192
130.2 201
130.3 193
130.4 199
130.5 210
130.6 217
130.7 228
130.8 235
130.9 240
131 252
131.1 266
131.2 275
131.3 275
131.4 269
131.5 271
131.6 267
131.7 256
131.8 242
131.9 240
132 252
132.1 238
132.2 227
132.3 223
132.4 212
132.5 214
132.6 207
132.7 192
132.8 187
132.9 187
133 206
133.1 273
133.2 290
133.3 289
133.4 348
133.5 398
133.6 436
133.7 444
133.8 455
133.9 470
134 475
134.1 489
134.2 505
134.3 513
134.4 531
134.5 545
134.6 561
134.7 579
134.8 592
134.9 602
135 630
135.1 641
135.2 661
135.3 671
135.4 691
135.5 709
135.6 734
135.7 758
135.8 772
135.9 786
136 815
136.1 827
136.2 839
136.3 868
136.4 879
136.5 899
136.6 915
136.7 941
136.8 966
136.9 996
137 1023
137.1 1050
137.2 1074
137.3 1114
137.4 1144
137.5 1165
137.6 1195
137.7 1225
137.8 1262
137.9 1297
138 1335
138.1 1364
138.2 1402
138.3 1448
138.4 1459
138.5 1490
138.6 1516
138.7 1555
138.8 1596
138.9 1644
139 1653
139.1 1679
139.2 1701
139.3 1697
139.4 1712
139.5 1697
139.6 1647
139.7 1564
139.8 1453
139.9 1343
140 1231
140.1 1126
140.2 1041
140.3 957
140.4 866
140.5 792
140.6 749
140.7 688
140.8 616
140.9 558
141 527
141.1 510
141.2 492
141.3 479
141.4 462
141.5 442
141.6 431
141.7 403
141.8 392
141.9 370
142 360
142.1 373
142.2 380
142.3 360
142.4 343
142.5 325
142.6 328
142.7 324
142.8 302
142.9 288
143 266
143.1 246
143.2 239
143.3 227
143.4 214
143.5 212
143.6 205
143.7 211
143.8 216
143.9 227
144 213
144.1 200
144.2 210
144.3 250
144.4 270
144.5 280
144.6 270
144.7 267
144.8 255
144.9 257
145 278
145.1 280
145.2 282
145.3 273
145.4 272
145.5 264
145.6 266
145.7 275
145.8 265
145.9 266
146 255
146.1 255
146.2 247
146.3 246
146.4 251
146.5 253
146.6 246
146.7 235
146.8 251
146.9 279
147 370
147.1 397
147.2 407
147.3 404
147.4 410
147.5 392
147.6 360
147.7 352
147.8 332
147.9 313
148 312
148.1 413
148.2 543
148.3 652
148.4 680
148.5 691
148.6 699
148.7 709
148.8 716
148.9 713
149 726
149.1 736
149.2 753
149.3 764
149.4 778
149.5 790
149.6 809
149.7 825
149.8 837
149.9 855
150 871
150.1 882
150.2 901
150.3 908
150.4 927
150.5 963
150.6 979
150.7 1005
150.8 1030
150.9 1057
151 1071
151.1 1102
151.2 1124
151.3 1135
151.4 1170
151.5 1194
151.6 1215
151.7 1239
151.8 1258
151.9 1286
152 1313
152.1 1339
152.2 1367
152.3 1383
152.4 1385
152.5 1395
152.6 1407
152.7 1389
152.8 1347
152.9 1280
153 1196
153.1 1097
153.2 1019
153.3 964
153.4 907
153.5 892
153.6 907
153.7 868
153.8 827
153.9 779
154 740
154.1 693
154.2 669
154.3 617
154.4 590
154.5 549
154.6 525
154.7 520
154.8 493
154.9 455
155 437
155.1 432
155.2 415
155.3 387
155.4 364
155.5 390
155.6 514
155.7 619
155.8 631
155.9 592
156 582
156.1 583
156.2 559
156.3 523
156.4 502
156.5 483
156.6 446
156.7 431
156.8 411
156.9 393
157 369
157.1 348
157.2 333
157.3 299
157.4 289
157.5 297
157.6 294
157.7 305
157.8 294
157.9 300
158 278
158.1 271
158.2 255
158.3 257
158.4 254
158.5 257
158.6 255
158.7 234
158.8 235
158.9 243
159 296
159.1 325
159.2 329
159.3 316
159.4 310
159.5 300
159.6 289
159.7 284
159.8 295
159.9 272
160 266
160.1 306
160.2 422
160.3 470
160.4 468
160.5 442
160.6 428
160.7 413
160.8 389
160.9 347
161 336
161.1 340
161.2 345
161.3 334
161.4 317
161.5 322
161.6 318
161.7 314
161.8 308
161.9 295
162 261
162.1 255
162.2 256
162.3 253
162.4 263
162.5 267
162.6 268
162.7 273
162.8 266
162.9 250
163 248
163.1 236
163.2 233
163.3 228
163.4 244
163.5 251
163.6 267
163.7 258
163.8 250
163.9 243
164 235
164.1 229
164.2 222
164.3 250
164.4 264
164.5 246
164.6 223
164.7 196
164.8 186
164.9 188
165 215
165.1 243
165.2 264
165.3 277
165.4 285
165.5 272
165.6 264
165.7 255
165.8 253
165.9 265
166 262
166.1 253
166.2 237
166.3 246
166.4 238
166.5 228
166.6 223
166.7 223
166.8 207
166.9 199
167 194
167.1 206
167.2 205
167.3 220
167.4 220
167.5 216
167.6 200
167.7 215
167.8 243
167.9 284
168 285
168.1 286
168.2 262
168.3 251
168.4 247
168.5 238
168.6 229
168.7 214
168.8 209
168.9 211
169 233
169.1 276
169.2 288
169.3 307
169.4 318
169.5 320
169.6 332
169.7 346
169.8 340
169.9 350
170 361
170.1 366
170.2 372
170.3 379
170.4 374
170.5 378
170.6 389
170.7 399
170.8 416
170.9 423
171 433
171.1 445
171.2 447
171.3 465
171.4 485
171.5 500
171.6 522
171.7 541
171.8 560
171.9 575
172 598
172.1 622
172.2 643
172.3 662
172.4 672
172.5 689
172.6 711
172.7 744
172.8 769
172.9 789
173 816
173.1 838
173.2 860
173.3 881
173.4 902
173.5 927
173.6 946
173.7 974
173.8 998
173.9 1032
174 1060
174.1 1090
174.2 1125
174.3 1149
174.4 1185
174.5 1219
174.6 1243
174.7 1266
174.8 1301
174.9 1324
175 1363
175.1 1385
175.2 1422
175.3 1448
175.4 1479
175.5 1503
175.6 1543
175.7 1566
175.8 1597
175.9 1618
176 1657
176.1 1688
176.2 1707
176.3 1738
176.4 1771
176.5 1799
176.6 1796
176.7 1797
176.8 1762
176.9 1648
177 1537
177.1 1420
177.2 1292
177.3 1193
177.4 1119
177.5 1043
177.6 968
177.7 880
177.8 840
177.9 768
178 708
178.1 665
178.2 609
178.3 562
178.4 516
178.5 490
178.6 467
178.7 452
178.8 440
178.9 419
179 388
179.1 390
179.2 399
179.3 406
179.4 390
179.5 368
179.6 351
179.7 339
179.8 331
179.9 328
180 331
180.1 320
180.2 311
180.3 304
180.4 294
180.5 278
180.6 274
180.7 263
180.8 279
180.9 333
181 334
181.1 351
181.2 352
181.3 363
181.4 366
181.5 411
181.6 445
181.7 455
181.8 460
181.9 454
182 441
182.1 450
182.2 444
182.3 433
182.4 408
182.5 397
182.6 363
182.7 339
182.8 335
182.9 320
183 298
183.1 288
183.2 270
183.3 233
183.4 223
183.5 210
183.6 225
183.7 238
183.8 230
183.9 218
184 221
184.1 212
184.2 214
184.3 226
184.4 214
184.5 221
184.6 241
184.7 241
184.8 233
184.9 240
185 237
185.1 229
185.2 234
185.3 236
185.4 287
185.5 334
185.6 345
185.7 331
185.8 313
185.9 302
186 296
186.1 337
186.2 355
186.3 416
186.4 440
186.5 463
186.6 476
186.7 498
186.8 540
186.9 603
187 649
187.1 673
187.2 685
187.3 705
187.4 702
187.5 709
187.6 711
187.7 716
187.8 727
187.9 732
188 747
188.1 754
188.2 766
188.3 776
188.4 788
188.5 799
188.6 813
188.7 835
188.8 848
188.9 870
189 882
189.1 902
189.2 923
189.3 939
189.4 966
189.5 989
189.6 1007
189.7 1022
189.8 1048
189.9 1065
190 1082
190.1 1100
190.2 1121
190.3 1146
190.4 1162
190.5 1178
190.6 1192
190.7 1205
190.8 1220
190.9 1228
191 1254
191.1 1264
191.2 1275
191.3 1294
191.4 1310
191.5 1323
191.6 1338
191.7 1368
191.8 1388
191.9 1409
192 1424
192.1 1444
192.2 1461
192.3 1483
192.4 1444
192.5 1358
192.6 1263
192.7 1193
192.8 1130
192.9 1061
193 988
193.1 913
193.2 856
193.3 806
193.4 754
193.5 701
193.6 663
193.7 620
193.8 585
193.9 559
194 531
194.1 512
194.2 489
194.3 461
194.4 422
194.5 389
194.6 389
194.7 392
194.8 386
194.9 362
195 333
195.1 307
195.2 313
195.3 310
195.4 300
195.5 302
195.6 300
195.7 292
195.8 287
195.9 289
196 282
196.1 292
196.2 303
196.3 304
196.4 287
196.5 276
196.6 265
196.7 243
196.8 228
196.9 238
197 243
197.1 238
197.2 237
197.3 247
197.4 246
197.5 252
197.6 251
197.7 255
197.8 231
197.9 234
198 251
198.1 269
198.2 271
198.3 255
198.4 250
198.5 259
198.6 259
198.7 265
198.8 253
198.9 243
199 236
199.1 224
199.2 239
199.3 217
199.4 208
199.5 202
199.6 190
199.7 197
199.8 198
199.9 226
200 243
