0 0
0.1 0
0.2 5
0.3 9
0.4 9
0.5 14
0.6 18
0.7 16
0.8 27
0.9 42
1 40
1.1 39
1.2 49
1.3 51
1.4 44
1.5 28
1.6 28
1.7 41
1.8 46
1.9 40
2 43
2.1 42
2.2 47
2.3 39
2.4 41
2.5 48
2.6 47
2.7 53
2.8 49
2.9 33
3 40
3.1 44
3.2 46
3.3 55
3.4 58
3.5 44
3.6 42
3.7 55
3.8 45
3.9 41
4 42
4.1 41
4.2 57
4.3 57
4.4 44
4.5 48
4.6 47
4.7 37
4.8 45
4.9 42
5 37
5.1 42
5.2 55
5.3 46
5.4 48
5.5 59
5.6 57
5.7 50
5.8 48
5.9 54
6 37
6.1 41
6.2 47
6.3 35
6.4 37
6.5 42
6.6 35
6.7 34
6.8 36
6.9 30
7 29
7.1 27
7.2 26
7.3 34
7.4 36
7.5 40
7.6 23
7.7 8
7.8 5
7.9 2
8 8
8.1 2
8.2 2
8.3 3
8.4 4
8.5 5
8.6 4
8.7 1
8.8 3
8.9 6
9 20
9.1 17
9.2 8
9.3 4
9.4 5
9.5 6
9.6 9
9.7 4
9.8 9
9.9 7
10 6
10.1 8
10.2 6
10.3 4
10.4 3
10.5 7
10.6 7
10.7 3
10.8 3
10.9 6
11 1
11.1 6
11.2 4
11.3 5
11.4 5
11.5 4
11.6 6
11.7 6
11.8 6
11.9 3
12 4
12.1 5
12.2 5
12.3 8
12.4 3
12.5 4
12.6 4
12.7 6
12.8 6
12.9 5
13 6
13.1 6
13.2 5
13.3 8
13.4 6
13.5 5
13.6 3
13.7 4
13.8 5
13.9 7
14 7
14.1 12
14.2 10
14.3 1
14.4 3
14.5 3
14.6 4
14.7 3
14.8 4
14.9 3
15 5
15.1 18
15.2 13
15.3 11
15.4 8
15.5 3
15.6 1
15.7 6
15.8 3
15.9 4
16 9
16.1 13
16.2 5
16.3 7
16.4 3
16.5 5
16.6 4
16.7 9
16.8 6
16.9 9
17 6
17.1 8
17.2 6
17.3 9
17.4 10
17.5 6
17.6 9
17.7 4
17.8 4
17.9 0
18 6
18.1 4
18.2 3
18.3 2
18.4 4
18.5 3
18.6 2
18.7 4
18.8 5
18.9 22
19 15
19.1 10
19.2 6
19.3 2
19.4 6
19.5 5
19.6 3
19.7 7
19.8 8
19.9 12
20 6
20.1 7
20.2 5
20.3 3
20.4 13
20.5 16
20.6 15
20.7 8
20.8 9
20.9 26
21 9
21.1 6
21.2 20
21.3 13
21.4 28
21.5 17
21.6 15
21.7 19
21.8 35
21.9 36
22 34
22.1 35
22.2 39
22.3 28
22.4 41
22.5 31
22.6 31
22.7 42
22.8 36
22.9 44
23 39
23.1 47
23.2 40
23.3 27
23.4 32
23.5 49
23.6 42
23.7 37
23.8 32
23.9 47
24 48
24.1 57
24.2 31
24.3 37
24.4 44
24.5 40
24.6 32
24.7 25
24.8 42
24.9 51
25 30
25.1 42
25.2 41
25.3 38
25.4 28
25.5 34
25.6 39
25.7 34
25.8 53
25.9 53
26 53
26.1 38
26.2 28
26.3 31
26.4 31
26.5 29
26.6 27
26.7 27
26.8 22
26.9 15
27 12
27.1 12
27.2 4
27.3 6
27.4 6
27.5 5
27.6 6
27.7 5
27.8 5
27.9 4
28 3
28.1 4
28.2 5
28.3 4
28.4 4
28.5 6
28.6 3
28.7 3
28.8 7
28.9 5
29 7
29.1 6
29.2 7
29.3 9
29.4 7
29.5 5
29.6 5
29.7 5
29.8 5
29.9 6
30 1
30.1 5
30.2 5
30.3 8
30.4 7
30.5 4
30.6 5
30.7 6
30.8 5
30.9 2
31 2
31.1 3
31.2 5
31.3 7
31.4 7
31.5 6
31.6 5
31.7 6
31.8 6
31.9 8
32 3
32.1 5
32.2 3
32.3 3
32.4 7
32.5 9
32.6 10
32.7 7
32.8 5
32.9 5
33 3
33.1 3
33.2 3
33.3 1
33.4 2
33.5 1
33.6 3
33.7 8
33.8 7
33.9 5
34 6
34.1 3
34.2 2
34.3 1
34.4 1
34.5 3
34.6 4
34.7 8
34.8 7
34.9 6
35 5
35.1 2
35.2 5
35.3 9
35.4 5
35.5 6
35.6 3
35.7 5
35.8 4
35.9 3
36 5
36.1 3
36.2 6
36.3 8
36.4 4
36.5 4
36.6 1
36.7 5
36.8 4
36.9 8
37 7
37.1 7
37.2 11
37.3 9
37.4 5
37.5 3
37.6 4
37.7 7
37.8 8
37.9 7
38 2
38.1 3
38.2 5
38.3 3
38.4 3
38.5 7
38.6 5
38.7 4
38.8 7
38.9 5
39 6
39.1 7
39.2 8
39.3 7
39.4 5
39.5 6
39.6 8
39.7 6
39.8 4
39.9 5
40 4
40.1 3
40.2 5
40.3 2
40.4 4
40.5 4
40.6 5
40.7 2
40.8 4
40.9 2
41 2
41.1 2
41.2 2
41.3 5
41.4 7
41.5 8
41.6 6
41.7 4
41.8 3
41.9 2
42 4
42.1 3
42.2 5
42.3 5
42.4 6
42.5 17
42.6 19
42.7 7
42.8 8
42.9 19
43 16
43.1 5
43.2 6
43.3 13
43.4 12
43.5 31
43.6 27
43.7 18
43.8 13
43.9 28
44 20
44.1 38
44.2 27
44.3 36
44.4 41
44.5 54
44.6 36
44.7 42
44.8 45
44.9 48
45 37
45.1 33
45.2 45
45.3 35
45.4 50
45.5 39
45.6 44
45.7 42
45.8 42
45.9 39
46 41
46.1 34
46.2 45
46.3 29
46.4 42
46.5 31
46.6 43
46.7 36
46.8 42
46.9 46
47 36
47.1 40
47.2 33
47.3 35
47.4 52
47.5 51
47.6 49
47.7 46
47.8 54
47.9 46
48 39
48.1 30
48.2 42
48.3 39
48.4 46
48.5 46
48.6 39
48.7 47
48.8 38
48.9 36
49 38
49.1 18
49.2 32
49.3 41
49.4 34
49.5 36
49.6 17
49.7 24
49.8 23
49.9 35
50 34
50.1 9
50.2 8
50.3 10
50.4 8
50.5 7
50.6 7
50.7 4
50.8 1
50.9 2
51 5
51.1 4
51.2 4
51.3 4
51.4 4
51.5 5
51.6 2
51.7 2
51.8 2
51.9 3
52 3
52.1 2
52.2 1
52.3 2
52.4 2
52.5 4
52.6 4
52.7 3
52.8 2
52.9 5
53 4
53.1 4
53.2 4
53.3 2
53.4 4
53.5 3
53.6 5
53.7 2
53.8 6
53.9 7
54 8
54.1 10
54.2 7
54.3 7
54.4 4
54.5 1
54.6 0
54.7 3
54.8 3
54.9 5
55 4
55.1 4
55.2 9
55.3 5
55.4 2
55.5 5
55.6 3
55.7 4
55.8 6
55.9 5
56 12
56.1 7
56.2 4
56.3 6
56.4 6
56.5 10
56.6 10
56.7 5
56.8 4
56.9 9
57 3
57.1 4
57.2 5
57.3 6
57.4 9
57.5 5
57.6 6
57.7 6
57.8 7
57.9 10
58 25
58.1 13
58.2 6
58.3 3
58.4 6
58.5 3
58.6 2
58.7 5
58.8 7
58.9 6
59 4
59.1 5
59.2 5
59.3 11
59.4 8
59.5 4
59.6 5
59.7 0
59.8 7
59.9 22
60 19
60.1 12
60.2 7
60.3 2
60.4 8
60.5 10
60.6 6
60.7 9
60.8 3
60.9 4
61 11
61.1 15
61.2 8
61.3 4
61.4 14
61.5 9
61.6 7
61.7 6
61.8 5
61.9 4
62 10
62.1 8
62.2 9
62.3 8
62.4 7
62.5 8
62.6 4
62.7 3
62.8 4
62.9 4
63 2
63.1 2
63.2 10
63.3 10
63.4 8
63.5 7
63.6 6
63.7 7
63.8 6
63.9 8
64 7
64.1 4
64.2 9
64.3 6
64.4 3
64.5 2
64.6 2
64.7 3
64.8 6
64.9 7
65 4
65.1 3
65.2 4
65.3 3
65.4 6
65.5 7
65.6 3
65.7 5
65.8 5
65.9 6
66 3
66.1 4
66.2 4
66.3 5
66.4 5
66.5 4
66.6 3
66.7 2
66.8 0
66.9 6
67 8
67.1 6
67.2 6
67.3 8
67.4 4
67.5 3
67.6 5
67.7 1
67.8 3
67.9 8
68 4
68.1 8
68.2 8
68.3 6
68.4 7
68.5 13
68.6 12
68.7 22
68.8 14
68.9 7
69 9
69.1 3
69.2 28
69.3 35
69.4 45
69.5 41
69.6 40
69.7 33
69.8 39
69.9 38
70 31
70.1 48
70.2 53
70.3 48
70.4 39
70.5 42
70.6 41
70.7 47
70.8 43
70.9 38
71 36
71.1 41
71.2 63
71.3 55
71.4 51
71.5 40
71.6 32
71.7 41
71.8 40
71.9 39
72 39
72.1 41
72.2 40
72.3 35
72.4 30
72.5 39
72.6 43
72.7 43
72.8 34
72.9 40
73 43
73.1 37
73.2 45
73.3 37
73.4 46
73.5 43
73.6 45
73.7 41
73.8 56
73.9 50
74 41
74.1 30
74.2 43
74.3 44
74.4 37
74.5 34
74.6 45
74.7 41
74.8 38
74.9 24
75 18
75.1 23
75.2 21
75.3 34
75.4 20
75.5 12
75.6 9
75.7 7
75.8 3
75.9 3
76 3
76.1 2
76.2 7
76.3 5
76.4 9
76.5 7
76.6 4
76.7 3
76.8 4
76.9 6
77 6
77.1 6
77.2 4
77.3 4
77.4 1
77.5 2
77.6 1
77.7 2
77.8 6
77.9 16
78 14
78.1 3
78.2 1
78.3 3
78.4 5
78.5 3
78.6 2
78.7 6
78.8 5
78.9 4
79 2
79.1 5
79.2 4
79.3 8
79.4 12
79.5 9
79.6 8
79.7 5
79.8 4
79.9 5
80 7
80.1 5
80.2 7
80.3 8
80.4 8
80.5 8
80.6 7
80.7 5
80.8 6
80.9 3
81 6
81.1 6
81.2 6
81.3 6
81.4 8
81.5 5
81.6 6
81.7 8
81.8 7
81.9 5
82 3
82.1 15
82.2 7
82.3 4
82.4 3
82.5 6
82.6 5
82.7 6
82.8 5
82.9 2
83 3
83.1 6
83.2 6
83.3 7
83.4 8
83.5 5
83.6 4
83.7 8
83.8 8
83.9 6
84 7
84.1 7
84.2 7
84.3 5
84.4 12
84.5 21
84.6 10
84.7 3
84.8 7
84.9 8
85 8
85.1 8
85.2 11
85.3 4
85.4 3
85.5 2
85.6 2
85.7 4
85.8 6
85.9 7
86 5
86.1 5
86.2 8
86.3 7
86.4 5
86.5 7
86.6 3
86.7 11
86.8 4
86.9 2
87 4
87.1 18
87.2 8
87.3 7
87.4 3
87.5 4
87.6 2
87.7 3
87.8 10
87.9 29
88 10
88.1 8
88.2 6
88.3 7
88.4 5
88.5 4
88.6 6
88.7 8
88.8 4
88.9 14
89 20
89.1 18
89.2 26
89.3 32
89.4 20
89.5 13
89.6 38
89.7 46
89.8 42
89.9 43
90 36
90.1 30
90.2 29
90.3 49
90.4 28
90.5 31
90.6 40
90.7 40
90.8 43
90.9 61
91 38
91.1 37
91.2 40
91.3 43
91.4 32
91.5 34
91.6 41
91.7 45
91.8 39
91.9 36
92 35
92.1 34
92.2 38
92.3 37
92.4 46
92.5 41
92.6 42
92.7 38
92.8 31
92.9 37
93 33
93.1 33
93.2 28
93.3 35
93.4 39
93.5 24
93.6 28
93.7 39
93.8 34
93.9 20
94 45
94.1 26
94.2 26
94.3 26
94.4 22
94.5 26
94.6 13
94.7 7
94.8 11
94.9 9
95 7
95.1 9
95.2 5
95.3 5
95.4 3
95.5 6
95.6 6
95.7 7
95.8 5
95.9 3
96 5
96.1 6
96.2 4
96.3 3
96.4 3
96.5 3
96.6 4
96.7 3
96.8 7
96.9 9
97 8
97.1 4
97.2 6
97.3 6
97.4 4
97.5 5
97.6 5
97.7 0
97.8 4
97.9 6
98 3
98.1 5
98.2 2
98.3 3
98.4 6
98.5 5
98.6 3
98.7 1
98.8 4
98.9 17
99 8
99.1 8
99.2 3
99.3 6
99.4 6
99.5 2
99.6 5
99.7 3
99.8 6
99.9 8
100 11
100.1 9
100.2 5
100.3 6
100.4 8
100.5 6
100.6 5
100.7 4
100.8 4
100.9 8
101 11
101.1 8
101.2 6
101.3 3
101.4 2
101.5 3
101.6 5
101.7 8
101.8 3
101.9 4
102 4
102.1 2
102.2 7
102.3 6
102.4 6
102.5 3
102.6 5
102.7 8
102.8 5
102.9 23
103 11
103.1 7
103.2 4
103.3 8
103.4 12
103.5 7
103.6 3
103.7 3
103.8 3
103.9 2
104 5
104.1 6
104.2 4
104.3 9
104.4 10
104.5 5
104.6 5
104.7 10
104.8 13
104.9 7
105 3
105.1 4
105.2 4
105.3 9
105.4 9
105.5 6
105.6 4
105.7 5
105.8 9
105.9 35
106 14
106.1 16
106.2 10
106.3 6
106.4 5
106.5 12
106.6 22
106.7 17
106.8 6
106.9 3
107 5
107.1 8
107.2 5
107.3 12
107.4 6
107.5 9
107.6 6
107.7 4
107.8 6
107.9 7
108 6
108.1 5
108.2 4
108.3 10
108.4 10
108.5 11
108.6 4
108.7 2
108.8 2
108.9 1
109 3
109.1 6
109.2 5
109.3 3
109.4 3
109.5 6
109.6 1
109.7 8
109.8 4
109.9 6
110 3
110.1 4
110.2 4
110.3 9
110.4 4
110.5 8
110.6 1
110.7 0
110.8 2
110.9 5
111 5
111.1 9
111.2 8
111.3 7
111.4 10
111.5 4
111.6 3
111.7 3
111.8 13
111.9 19
112 12
112.1 8
112.2 18
112.3 9
112.4 7
112.5 14
112.6 10
112.7 13
112.8 10
112.9 6
113 27
113.1 18
113.2 26
113.3 12
113.4 12
113.5 16
113.6 12
113.7 12
113.8 18
113.9 20
114 9
114.1 26
114.2 25
114.3 22
114.4 26
114.5 20
114.6 25
114.7 44
114.8 49
114.9 41
115 40
115.1 50
115.2 46
115.3 43
115.4 41
115.5 42
115.6 53
115.7 49
115.8 48
115.9 49
116 43
116.1 45
116.2 47
116.3 54
116.4 48
116.5 39
116.6 34
116.7 47
116.8 42
116.9 52
117 52
117.1 46
117.2 45
117.3 38
117.4 38
117.5 36
117.6 50
117.7 43
117.8 38
117.9 41
118 39
118.1 36
118.2 46
118.3 49
118.4 44
118.5 39
118.6 28
118.7 34
118.8 40
118.9 45
119 37
119.1 47
119.2 48
119.3 42
119.4 51
119.5 35
119.6 32
119.7 20
119.8 27
119.9 19
120 13
120.1 9
120.2 21
120.3 13
120.4 9
120.5 7
120.6 7
120.7 9
120.8 10
120.9 6
121 7
121.1 8
121.2 3
121.3 3
121.4 4
121.5 18
121.6 10
121.7 4
121.8 5
121.9 8
122 9
122.1 9
122.2 8
122.3 4
122.4 10
122.5 6
122.6 5
122.7 7
122.8 2
122.9 1
123 2
123.1 4
123.2 4
123.3 5
123.4 3
123.5 2
123.6 4
123.7 4
123.8 6
123.9 4
124 8
124.1 8
124.2 4
124.3 3
124.4 6
124.5 10
124.6 8
124.7 4
124.8 5
124.9 5
125 4
125.1 5
125.2 9
125.3 4
125.4 3
125.5 6
125.6 4
125.7 7
125.8 7
125.9 8
126 5
126.1 7
126.2 5
126.3 2
126.4 9
126.5 5
126.6 4
126.7 3
126.8 4
126.9 5
127 2
127.1 3
127.2 4
127.3 7
127.4 9
127.5 11
127.6 6
127.7 7
127.8 3
127.9 8
128 5
128.1 3
128.2 7
128.3 8
128.4 7
128.5 4
128.6 5
128.7 3
128.8 5
128.9 6
129 2
129.1 3
129.2 3
129.3 4
129.4 3
129.5 1
129.6 4
129.7 3
129.8 4
129.9 5
130 3
130.1 6
130.2 5
130.3 5
130.4 5
130.5 8
130.6 8
130.7 9
130.8 4
130.9 4
131 10
131.1 10
131.2 7
131.3 6
131.4 8
131.5 8
131.6 5
131.7 4
131.8 2
131.9 5
132 5
132.1 1
132.2 4
132.3 1
132.4 5
132.5 4
132.6 3
132.7 2
132.8 3
132.9 6
133 8
133.1 12
133.2 7
133.3 21
133.4 25
133.5 36
133.6 25
133.7 7
133.8 12
133.9 42
134 36
134.1 33
134.2 29
134.3 29
134.4 43
134.5 21
134.6 31
134.7 36
134.8 26
134.9 35
135 32
135.1 36
135.2 37
135.3 49
135.4 47
135.5 51
135.6 50
135.7 41
135.8 44
135.9 44
136 40
136.1 38
136.2 52
136.3 52
136.4 51
136.5 45
136.6 47
136.7 40
136.8 47
136.9 48
137 51
137.1 50
137.2 35
137.3 35
137.4 42
137.5 41
137.6 54
137.7 32
137.8 47
137.9 57
138 57
138.1 50
138.2 37
138.3 37
138.4 33
138.5 32
138.6 44
138.7 34
138.8 41
138.9 27
139 32
139.1 32
139.2 33
139.3 36
139.4 29
139.5 20
139.6 16
139.7 13
139.8 6
139.9 3
140 2
140.1 4
140.2 1
140.3 1
140.4 2
140.5 3
140.6 2
140.7 2
140.8 1
140.9 2
141 5
141.1 7
141.2 5
141.3 5
141.4 7
141.5 6
141.6 5
141.7 4
141.8 4
141.9 6
142 7
142.1 7
142.2 8
142.3 5
142.4 4
142.5 4
142.6 5
142.7 3
142.8 1
142.9 2
143 1
143.1 1
143.2 8
143.3 2
143.4 4
143.5 3
143.6 5
143.7 7
143.8 7
143.9 5
144 2
144.1 3
144.2 5
144.3 12
144.4 10
144.5 4
144.6 4
144.7 5
144.8 4
144.9 8
145 5
145.1 7
145.2 4
145.3 5
145.4 6
145.5 2
145.6 5
145.7 5
145.8 7
145.9 3
146 3
146.1 6
146.2 4
146.3 5
146.4 4
146.5 5
146.6 5
146.7 5
146.8 7
146.9 25
147 18
147.1 11
147.2 10
147.3 11
147.4 3
147.5 5
147.6 5
147.7 2
147.8 1
147.9 0
148 19
148.1 34
148.2 46
148.3 31
148.4 25
148.5 27
148.6 34
148.7 19
148.8 20
148.9 11
149 27
149.1 21
149.2 29
149.3 29
149.4 22
149.5 24
149.6 34
149.7 30
149.8 36
149.9 28
150 35
150.1 36
150.2 39
150.3 42
150.4 50
150.5 40
150.6 50
150.7 29
150.8 44
150.9 50
151 46
151.1 51
151.2 43
151.3 39
151.4 29
151.5 29
151.6 41
151.7 35
151.8 33
151.9 34
152 35
152.1 15
152.2 29
152.3 25
152.4 21
152.5 24
152.6 19
152.7 9
152.8 7
152.9 7
153 3
153.1 4
153.2 6
153.3 7
153.4 5
153.5 30
153.6 13
153.7 12
153.8 8
153.9 12
154 8
154.1 3
154.2 4
154.3 5
154.4 4
154.5 4
154.6 8
154.7 5
154.8 6
154.9 2
155 6
155.1 10
155.2 3
155.3 5
155.4 6
155.5 26
155.6 30
155.7 24
155.8 13
155.9 8
156 6
156.1 9
156.2 3
156.3 1
156.4 4
156.5 3
156.6 7
156.7 2
156.8 2
156.9 5
157 3
157.1 4
157.2 2
157.3 3
157.4 7
157.5 7
157.6 6
157.7 7
157.8 6
157.9 2
158 2
158.1 5
158.2 4
158.3 5
158.4 7
158.5 5
158.6 3
158.7 5
158.8 3
158.9 6
159 17
159.1 12
159.2 1
159.3 5
159.4 6
159.5 4
159.6 6
159.7 4
159.8 3
159.9 2
160 4
160.1 32
160.2 25
160.3 11
160.4 7
160.5 7
160.6 3
160.7 4
160.8 3
160.9 2
161 7
161.1 8
161.2 6
161.3 4
161.4 4
161.5 5
161.6 4
161.7 7
161.8 6
161.9 2
162 3
162.1 6
162.2 6
162.3 4
162.4 9
162.5 4
162.6 4
162.7 5
162.8 5
162.9 5
163 3
163.1 2
163.2 3
163.3 6
163.4 6
163.5 10
163.6 4
163.7 5
163.8 4
163.9 2
164 2
164.1 3
164.2 5
164.3 10
164.4 5
164.5 4
164.6 0
164.7 1
164.8 5
164.9 7
165 12
165.1 7
165.2 6
165.3 5
165.4 3
165.5 4
165.6 3
165.7 5
165.8 7
165.9 6
166 4
166.1 2
166.2 8
166.3 4
166.4 5
166.5 2
166.6 4
166.7 2
166.8 2
166.9 2
167 5
167.1 2
167.2 4
167.3 3
167.4 4
167.5 3
167.6 6
167.7 8
167.8 15
167.9 5
168 5
168.1 2
168.2 3
168.3 3
168.4 3
168.5 4
168.6 2
168.7 3
168.8 3
168.9 7
169 20
169.1 10
169.2 10
169.3 15
169.4 7
169.5 5
169.6 15
169.7 2
169.8 6
169.9 23
170 27
170.1 19
170.2 8
170.3 10
170.4 18
170.5 40
170.6 38
170.7 45
170.8 39
170.9 33
171 34
171.1 33
171.2 33
171.3 34
171.4 40
171.5 43
171.6 40
171.7 40
171.8 39
171.9 49
172 47
172.1 45
172.2 45
172.3 30
172.4 47
172.5 44
172.6 41
172.7 50
172.8 45
172.9 37
173 48
173.1 49
173.2 52
173.3 49
173.4 52
173.5 36
173.6 38
173.7 49
173.8 45
173.9 37
174 44
174.1 38
174.2 34
174.3 41
174.4 35
174.5 42
174.6 45
174.7 45
174.8 48
174.9 37
175 41
175.1 40
175.2 42
175.3 44
175.4 37
175.5 47
175.6 36
175.7 30
175.8 38
175.9 37
176 43
176.1 37
176.2 50
176.3 37
176.4 32
176.5 23
176.6 29
176.7 26
176.8 11
176.9 6
177 7
177.1 6
177.2 4
177.3 8
177.4 3
177.5 4
177.6 2
177.7 4
177.8 6
177.9 7
178 4
178.1 3
178.2 4
178.3 3
178.4 5
178.5 5
178.6 6
178.7 7
178.8 7
178.9 1
179 2
179.1 9
179.2 6
179.3 7
179.4 3
179.5 5
179.6 3
179.7 7
179.8 6
179.9 6
180 7
180.1 3
180.2 5
180.3 4
180.4 2
180.5 5
180.6 3
180.7 6
180.8 16
180.9 9
181 7
181.1 7
181.2 8
181.3 10
181.4 20
181.5 12
181.6 11
181.7 11
181.8 12
181.9 9
182 6
182.1 10
182.2 6
182.3 4
182.4 5
182.5 5
182.6 6
182.7 4
182.8 6
182.9 2
183 5
183.1 2
183.2 0
183.3 5
183.4 1
183.5 3
183.6 7
183.7 6
183.8 5
183.9 5
184 3
184.1 3
184.2 7
184.3 4
184.4 3
184.5 8
184.6 6
184.7 4
184.8 5
184.9 5
185 5
185.1 5
185.2 5
185.3 8
185.4 21
185.5 11
185.6 6
185.7 3
185.8 1
185.9 2
186 21
186.1 11
186.2 10
186.3 16
186.4 11
186.5 11
186.6 7
186.7 16
186.8 27
186.9 30
187 29
187.1 40
187.2 21
187.3 36
187.4 28
187.5 26
187.6 32
187.7 23
187.8 33
187.9 38
188 26
188.1 36
188.2 24
188.3 23
188.4 40
188.5 49
188.6 42
188.7 42
188.8 34
188.9 41
189 35
189.1 46
189.2 40
189.3 41
189.4 24
189.5 33
189.6 37
189.7 42
189.8 47
189.9 38
190 34
190.1 39
190.2 27
190.3 24
190.4 40
190.5 31
190.6 15
190.7 39
190.8 32
190.9 30
191 30
191.1 35
191.2 29
191.3 36
191.4 37
191.5 28
191.6 38
191.7 47
191.8 48
191.9 24
192 32
192.1 33
192.2 29
192.3 22
192.4 7
192.5 8
192.6 9
192.7 10
192.8 10
192.9 11
193 4
193.1 3
193.2 5
193.3 5
193.4 3
193.5 7
193.6 4
193.7 3
193.8 7
193.9 3
194 6
194.1 7
194.2 6
194.3 3
194.4 2
194.5 7
194.6 9
194.7 7
194.8 4
194.9 3
195 4
195.1 5
195.2 4
195.3 2
195.4 6
195.5 6
195.6 3
195.7 7
195.8 7
195.9 7
196 7
196.1 8
196.2 5
196.3 4
196.4 4
196.5 2
196.6 5
196.7 2
196.8 4
196.9 5
197 3
197.1 7
197.2 7
197.3 7
197.4 5
197.5 5
197.6 5
197.7 3
197.8 1
197.9 8
198 9
198.1 7
198.2 2
198.3 2
198.4 6
198.5 5
198.6 4
198.7 2
198.8 2
198.9 2
199 2
199.1 6
199.2 2
199.3 3
199.4 2
199.5 3
199.6 1
199.7 6
199.8 5
199.9 8
200 5
