0 0
0.1 0
0.2 0
0.3 0
0.4 0
0.5 0
0.6 0
0.7 1
0.8 2
0.9 5
1 8
1.1 13
1.2 15
1.3 16
1.4 14
1.5 15
1.6 17
1.7 15
1.8 16
1.9 20
2 27
2.1 33
2.2 36
2.3 36
2.4 38
2.5 44
2.6 44
2.7 48
2.8 47
2.9 46
3 49
3.1 50
3.2 49
3.3 50
3.4 54
3.5 52
3.6 58
3.7 60
3.8 62
3.9 63
4 64
4.1 63
4.2 64
4.3 67
4.4 66
4.5 70
4.6 74
4.7 75
4.8 74
4.9 77
5 78
5.1 76
5.2 79
5.3 79
5.4 78
5.5 79
5.6 78
5.7 78
5.8 77
5.9 75
6 70
6.1 68
6.2 68
6.3 73
6.4 72
6.5 73
6.6 72
6.7 71
6.8 72
6.9 69
7 70
7.1 70
7.2 67
7.3 68
7.4 64
7.5 60
7.6 57
7.7 55
7.8 52
7.9 50
8 49
8.1 46
8.2 45
8.3 42
8.4 41
8.5 38
8.6 36
8.7 35
8.8 34
8.9 31
9 28
9.1 26
9.2 26
9.3 26
9.4 26
9.5 25
9.6 24
9.7 24
9.8 23
9.9 23
10 21
10.1 19
10.2 19
10.3 19
10.4 19
10.5 18
10.6 16
10.7 16
10.8 16
10.9 17
11 17
11.1 15
11.2 15
11.3 15
11.4 15
11.5 14
11.6 12
11.7 12
11.8 12
11.9 12
12 12
12.1 11
12.2 11
12.3 11
12.4 10
12.5 9
12.6 8
12.7 8
12.8 8
12.9 8
13 7
13.1 7
13.2 7
13.3 7
13.4 7
13.5 7
13.6 7
13.7 6
13.8 6
13.9 6
14 6
14.1 6
14.2 6
14.3 5
14.4 5
14.5 5
14.6 5
14.7 4
14.8 4
14.9 4
15 4
15.1 4
15.2 4
15.3 4
15.4 4
15.5 2
15.6 2
15.7 2
15.8 2
15.9 2
16 2
16.1 2
16.2 3
16.3 3
16.4 3
16.5 3
16.6 3
16.7 3
16.8 3
16.9 3
17 3
17.1 3
17.2 3
17.3 2
17.4 2
17.5 2
17.6 2
17.7 2
17.8 2
17.9 2
18 2
18.1 2
18.2 2
18.3 2
18.4 2
18.5 2
18.6 2
18.7 2
18.8 2
18.9 1
19 1
19.1 1
19.2 1
19.3 1
19.4 1
19.5 1
19.6 1
19.7 1
19.8 1
19.9 1
20 1
20.1 1
20.2 1
20.3 1
20.4 1
20.5 1
20.6 1
20.7 5
20.8 6
20.9 6
21 6
21.1 6
21.2 9
21.3 9
21.4 9
21.5 8
21.6 8
21.7 6
21.8 9
21.9 9
22 8
22.1 9
22.2 11
22.3 16
22.4 19
22.5 18
22.6 22
22.7 21
22.8 25
22.9 27
23 29
23.1 26
23.2 28
23.3 29
23.4 32
23.5 36
23.6 38
23.7 36
23.8 38
23.9 40
24 41
24.1 42
24.2 48
24.3 51
24.4 57
24.5 57
24.6 57
24.7 60
24.8 61
24.9 60
25 63
25.1 60
25.2 61
25.3 62
25.4 63
25.5 61
25.6 56
25.7 57
25.8 57
25.9 60
26 61
26.1 66
26.2 65
26.3 62
26.4 62
26.5 59
26.6 60
26.7 60
26.8 59
26.9 57
27 57
27.1 55
27.2 51
27.3 48
27.4 46
27.5 43
27.6 41
27.7 39
27.8 36
27.9 34
28 32
28.1 30
28.2 28
28.3 27
28.4 26
28.5 26
28.6 24
28.7 21
28.8 20
28.9 20
29 19
29.1 17
29.2 15
29.3 15
29.4 15
29.5 14
29.6 14
29.7 13
29.8 11
29.9 11
30 10
30.1 10
30.2 10
30.3 10
30.4 10
30.5 10
30.6 9
30.7 9
30.8 9
30.9 9
31 9
31.1 8
31.2 7
31.3 7
31.4 7
31.5 7
31.6 6
31.7 6
31.8 5
31.9 5
32 5
32.1 5
32.2 4
32.3 4
32.4 4
32.5 4
32.6 2
32.7 2
32.8 2
32.9 2
33 2
33.1 2
33.2 2
33.3 2
33.4 2
33.5 2
33.6 2
33.7 2
33.8 2
33.9 2
34 2
34.1 2
34.2 2
34.3 2
34.4 2
34.5 2
34.6 2
34.7 2
34.8 2
34.9 2
35 2
35.1 2
35.2 2
35.3 2
35.4 2
35.5 2
35.6 2
35.7 2
35.8 2
35.9 2
36 2
36.1 2
36.2 2
36.3 2
36.4 3
36.5 5
36.6 5
36.7 5
36.8 5
36.9 4
37 4
37.1 3
37.2 3
37.3 3
37.4 3
37.5 3
37.6 3
37.7 3
37.8 3
37.9 3
38 3
38.1 3
38.2 3
38.3 3
38.4 3
38.5 3
38.6 3
38.7 3
38.8 3
38.9 3
39 3
39.1 3
39.2 6
39.3 6
39.4 6
39.5 6
39.6 6
39.7 6
39.8 6
39.9 6
40 6
40.1 6
40.2 5
40.3 4
40.4 4
40.5 2
40.6 2
40.7 3
40.8 3
40.9 3
41 3
41.1 3
41.2 2
41.3 2
41.4 2
41.5 2
41.6 2
41.7 1
41.8 1
41.9 1
42 1
42.1 1
42.2 1
42.3 1
42.4 1
42.5 1
42.6 2
42.7 2
42.8 2
42.9 2
43 3
43.1 5
43.2 5
43.3 4
43.4 4
43.5 4
43.6 4
43.7 4
43.8 7
43.9 9
44 12
44.1 17
44.2 21
44.3 21
44.4 21
44.5 22
44.6 26
44.7 26
44.8 28
44.9 28
45 29
45.1 29
45.2 34
45.3 34
45.4 34
45.5 33
45.6 37
45.7 34
45.8 36
45.9 33
46 35
46.1 38
46.2 42
46.3 44
46.4 44
46.5 45
46.6 44
46.7 44
46.8 47
46.9 47
47 44
47.1 50
47.2 47
47.3 50
47.4 48
47.5 49
47.6 45
47.7 47
47.8 48
47.9 48
48 51
48.1 56
48.2 57
48.3 56
48.4 56
48.5 53
48.6 58
48.7 63
48.8 62
48.9 64
49 65
49.1 64
49.2 64
49.3 66
49.4 63
49.5 58
49.6 61
49.7 61
49.8 62
49.9 59
50 60
50.1 63
50.2 58
50.3 53
50.4 48
50.5 45
50.6 43
50.7 39
50.8 36
50.9 33
51 32
51.1 30
51.2 30
51.3 30
51.4 26
51.5 25
51.6 24
51.7 24
51.8 23
51.9 22
52 20
52.1 19
52.2 19
52.3 18
52.4 16
52.5 16
52.6 16
52.7 16
52.8 16
52.9 16
53 15
53.1 15
53.2 14
53.3 14
53.4 14
53.5 14
53.6 12
53.7 12
53.8 12
53.9 11
54 10
54.1 9
54.2 8
54.3 7
54.4 7
54.5 6
54.6 6
54.7 6
54.8 6
54.9 5
55 5
55.1 5
55.2 5
55.3 4
55.4 4
55.5 4
55.6 4
55.7 4
55.8 4
55.9 3
56 2
56.1 2
56.2 2
56.3 2
56.4 2
56.5 2
56.6 2
56.7 2
56.8 2
56.9 2
57 2
57.1 2
57.2 2
57.3 2
57.4 2
57.5 2
57.6 2
57.7 2
57.8 2
57.9 2
58 2
58.1 2
58.2 1
58.3 4
58.4 9
58.5 9
58.6 8
58.7 8
58.8 8
58.9 8
59 8
59.1 8
59.2 8
59.3 8
59.4 8
59.5 8
59.6 8
59.7 7
59.8 6
59.9 6
60 6
60.1 6
60.2 6
60.3 6
60.4 6
60.5 5
60.6 5
60.7 5
60.8 5
60.9 5
61 4
61.1 4
61.2 4
61.3 4
61.4 4
61.5 3
61.6 3
61.7 3
61.8 3
61.9 3
62 3
62.1 3
62.2 3
62.3 3
62.4 3
62.5 3
62.6 3
62.7 3
62.8 3
62.9 3
63 3
63.1 3
63.2 3
63.3 3
63.4 3
63.5 3
63.6 3
63.7 3
63.8 3
63.9 3
64 3
64.1 3
64.2 3
64.3 2
64.4 1
64.5 1
64.6 1
64.7 1
64.8 1
64.9 1
65 0
65.1 0
65.2 0
65.3 0
65.4 0
65.5 0
65.6 0
65.7 0
65.8 0
65.9 0
66 0
66.1 0
66.2 0
66.3 0
66.4 0
66.5 0
66.6 0
66.7 0
66.8 0
66.9 0
67 0
67.1 2
67.2 2
67.3 2
67.4 2
67.5 2
67.6 2
67.7 2
67.8 2
67.9 2
68 3
68.1 3
68.2 3
68.3 4
68.4 4
68.5 4
68.6 4
68.7 3
68.8 3
68.9 4
69 4
69.1 3
69.2 3
69.3 3
69.4 5
69.5 12
69.6 14
69.7 16
69.8 15
69.9 15
70 18
70.1 21
70.2 23
70.3 25
70.4 28
70.5 29
70.6 28
70.7 32
70.8 31
70.9 29
71 32
71.1 36
71.2 41
71.3 43
71.4 45
71.5 45
71.6 47
71.7 46
71.8 42
71.9 44
72 44
72.1 49
72.2 49
72.3 50
72.4 52
72.5 53
72.6 58
72.7 61
72.8 59
72.9 58
73 56
73.1 54
73.2 52
73.3 52
73.4 54
73.5 55
73.6 51
73.7 52
73.8 54
73.9 48
74 50
74.1 51
74.2 52
74.3 55
74.4 53
74.5 58
74.6 56
74.7 54
74.8 52
74.9 51
75 51
75.1 51
75.2 49
75.3 49
75.4 47
75.5 43
75.6 41
75.7 41
75.8 40
75.9 39
76 37
76.1 35
76.2 34
76.3 34
76.4 34
76.5 34
76.6 32
76.7 32
76.8 30
76.9 28
77 25
77.1 24
77.2 23
77.3 23
77.4 21
77.5 21
77.6 21
77.7 20
77.8 20
77.9 20
78 20
78.1 17
78.2 17
78.3 16
78.4 16
78.5 14
78.6 13
78.7 12
78.8 12
78.9 11
79 11
79.1 11
79.2 10
79.3 8
79.4 8
79.5 8
79.6 8
79.7 7
79.8 7
79.9 7
80 6
80.1 6
80.2 6
80.3 6
80.4 6
80.5 7
80.6 7
80.7 7
80.8 6
80.9 6
81 5
81.1 4
81.2 3
81.3 2
81.4 2
81.5 2
81.6 2
81.7 2
81.8 2
81.9 1
82 1
82.1 1
82.2 1
82.3 1
82.4 1
82.5 1
82.6 1
82.7 1
82.8 1
82.9 1
83 0
83.1 0
83.2 0
83.3 0
83.4 0
83.5 0
83.6 0
83.7 0
83.8 0
83.9 0
84 0
84.1 0
84.2 0
84.3 0
84.4 0
84.5 0
84.6 0
84.7 0
84.8 0
84.9 0
85 0
85.1 0
85.2 0
85.3 0
85.4 0
85.5 0
85.6 0
85.7 0
85.8 0
85.9 0
86 0
86.1 0
86.2 0
86.3 0
86.4 0
86.5 0
86.6 1
86.7 1
86.8 1
86.9 1
87 1
87.1 1
87.2 1
87.3 2
87.4 2
87.5 2
87.6 2
87.7 2
87.8 2
87.9 2
88 1
88.1 1
88.2 1
88.3 1
88.4 1
88.5 1
88.6 1
88.7 1
88.8 1
88.9 1
89 1
89.1 1
89.2 1
89.3 1
89.4 3
89.5 3
89.6 7
89.7 7
89.8 9
89.9 12
90 13
90.1 19
90.2 24
90.3 27
90.4 35
90.5 37
90.6 40
90.7 39
90.8 39
90.9 42
91 43
91.1 44
91.2 44
91.3 48
91.4 45
91.5 48
91.6 46
91.7 48
91.8 51
91.9 54
92 52
92.1 55
92.2 60
92.3 55
92.4 55
92.5 55
92.6 54
92.7 52
92.8 55
92.9 52
93 51
93.1 46
93.2 43
93.3 46
93.4 44
93.5 44
93.6 45
93.7 46
93.8 48
93.9 49
94 45
94.1 46
94.2 47
94.3 51
94.4 52
94.5 53
94.6 53
94.7 51
94.8 47
94.9 44
95 39
95.1 37
95.2 36
95.3 36
95.4 33
95.5 31
95.6 28
95.7 26
95.8 25
95.9 24
96 24
96.1 22
96.2 22
96.3 22
96.4 19
96.5 18
96.6 17
96.7 16
96.8 16
96.9 14
97 12
97.1 12
97.2 12
97.3 11
97.4 10
97.5 9
97.6 8
97.7 8
97.8 8
97.9 8
98 7
98.1 7
98.2 7
98.3 6
98.4 6
98.5 6
98.6 5
98.7 5
98.8 5
98.9 5
99 5
99.1 5
99.2 6
99.3 5
99.4 5
99.5 4
99.6 4
99.7 3
99.8 2
99.9 2
100 3
100.1 3
100.2 3
100.3 2
100.4 2
100.5 2
100.6 2
100.7 2
100.8 2
100.9 2
101 2
101.1 2
101.2 2
101.3 1
101.4 1
101.5 1
101.6 1
101.7 1
101.8 1
101.9 1
102 1
102.1 1
102.2 1
102.3 1
102.4 1
102.5 1
102.6 1
102.7 1
102.8 1
102.9 1
103 1
103.1 1
103.2 1
103.3 1
103.4 1
103.5 1
103.6 1
103.7 1
103.8 1
103.9 1
104 1
104.1 0
104.2 0
104.3 0
104.4 0
104.5 0
104.6 1
104.7 1
104.8 2
104.9 5
105 4
105.1 4
105.2 4
105.3 4
105.4 4
105.5 4
105.6 4
105.7 3
105.8 3
105.9 3
106 4
106.1 4
106.2 5
106.3 5
106.4 5
106.5 6
106.6 6
106.7 6
106.8 4
106.9 4
107 4
107.1 4
107.2 5
107.3 6
107.4 8
107.5 8
107.6 7
107.7 7
107.8 7
107.9 6
108 6
108.1 5
108.2 5
108.3 5
108.4 5
108.5 5
108.6 4
108.7 4
108.8 4
108.9 4
109 4
109.1 4
109.2 4
109.3 3
109.4 3
109.5 3
109.6 2
109.7 2
109.8 2
109.9 2
110 2
110.1 2
110.2 2
110.3 2
110.4 2
110.5 2
110.6 2
110.7 2
110.8 2
110.9 2
111 2
111.1 2
111.2 2
111.3 2
111.4 1
111.5 1
111.6 0
111.7 0
111.8 0
111.9 0
112 0
112.1 0
112.2 0
112.3 0
112.4 1
112.5 1
112.6 3
112.7 3
112.8 3
112.9 4
113 4
113.1 4
113.2 4
113.3 4
113.4 4
113.5 5
113.6 6
113.7 7
113.8 8
113.9 8
114 13
114.1 16
114.2 18
114.3 23
114.4 25
114.5 26
114.6 28
114.7 28
114.8 25
114.9 28
115 29
115.1 29
115.2 31
115.3 31
115.4 30
115.5 29
115.6 30
115.7 31
115.8 33
115.9 34
116 36
116.1 39
116.2 38
116.3 37
116.4 36
116.5 41
116.6 44
116.7 48
116.8 50
116.9 51
117 47
117.1 49
117.2 46
117.3 48
117.4 50
117.5 53
117.6 52
117.7 55
117.8 54
117.9 57
118 65
118.1 66
118.2 64
118.3 66
118.4 65
118.5 66
118.6 66
118.7 63
118.8 62
118.9 62
119 60
119.1 62
119.2 61
119.3 63
119.4 60
119.5 56
119.6 54
119.7 52
119.8 50
119.9 53
120 55
120.1 50
120.2 46
120.3 44
120.4 42
120.5 39
120.6 37
120.7 36
120.8 36
120.9 35
121 30
121.1 29
121.2 29
121.3 28
121.4 27
121.5 27
121.6 26
121.7 25
121.8 23
121.9 21
122 21
122.1 19
122.2 19
122.3 19
122.4 19
122.5 19
122.6 19
122.7 19
122.8 18
122.9 18
123 16
123.1 14
123.2 14
123.3 14
123.4 13
123.5 12
123.6 12
123.7 11
123.8 11
123.9 11
124 14
124.1 13
124.2 13
124.3 13
124.4 12
124.5 12
124.6 9
124.7 8
124.8 8
124.9 8
125 8
125.1 8
125.2 8
125.3 8
125.4 7
125.5 7
125.6 6
125.7 6
125.8 6
125.9 5
126 5
126.1 4
126.2 4
126.3 4
126.4 4
126.5 4
126.6 4
126.7 4
126.8 3
126.9 3
127 3
127.1 3
127.2 3
127.3 3
127.4 3
127.5 3
127.6 3
127.7 3
127.8 3
127.9 3
128 3
128.1 3
128.2 3
128.3 3
128.4 3
128.5 3
128.6 3
128.7 3
128.8 2
128.9 2
129 2
129.1 2
129.2 2
129.3 2
129.4 1
129.5 1
129.6 0
129.7 0
129.8 0
129.9 0
130 0
130.1 0
130.2 0
130.3 0
130.4 0
130.5 0
130.6 0
130.7 0
130.8 0
130.9 0
131 0
131.1 0
131.2 0
131.3 0
131.4 0
131.5 0
131.6 0
131.7 0
131.8 0
131.9 0
132 0
132.1 0
132.2 0
132.3 0
132.4 0
132.5 0
132.6 0
132.7 0
132.8 0
132.9 0
133 1
133.1 1
133.2 1
133.3 1
133.4 1
133.5 1
133.6 3
133.7 5
133.8 9
133.9 10
134 13
134.1 16
134.2 18
134.3 21
134.4 22
134.5 24
134.6 25
134.7 28
134.8 29
134.9 30
135 33
135.1 32
135.2 38
135.3 39
135.4 40
135.5 45
135.6 46
135.7 49
135.8 48
135.9 48
136 48
136.1 48
136.2 46
136.3 43
136.4 46
136.5 47
136.6 47
136.7 48
136.8 50
136.9 52
137 53
137.1 54
137.2 55
137.3 59
137.4 59
137.5 61
137.6 61
137.7 61
137.8 65
137.9 69
138 68
138.1 69
138.2 69
138.3 71
138.4 73
138.5 69
138.6 68
138.7 63
138.8 64
138.9 62
139 61
139.1 60
139.2 54
139.3 50
139.4 47
139.5 47
139.6 46
139.7 42
139.8 42
139.9 41
140 37
140.1 35
140.2 32
140.3 30
140.4 30
140.5 26
140.6 26
140.7 25
140.8 24
140.9 22
141 21
141.1 21
141.2 21
141.3 21
141.4 21
141.5 18
141.6 16
141.7 16
141.8 15
141.9 13
142 13
142.1 11
142.2 9
142.3 9
142.4 8
142.5 7
142.6 6
142.7 6
142.8 6
142.9 4
143 3
143.1 3
143.2 2
143.3 2
143.4 2
143.5 2
143.6 2
143.7 2
143.8 2
143.9 2
144 2
144.1 1
144.2 1
144.3 1
144.4 1
144.5 1
144.6 1
144.7 1
144.8 1
144.9 0
145 0
145.1 0
145.2 0
145.3 0
145.4 0
145.5 0
145.6 0
145.7 0
145.8 0
145.9 0
146 0
146.1 0
146.2 0
146.3 0
146.4 0
146.5 0
146.6 0
146.7 1
146.8 1
146.9 1
147 1
147.1 1
147.2 1
147.3 1
147.4 1
147.5 1
147.6 1
147.7 1
147.8 1
147.9 1
148 0
148.1 0
148.2 0
148.3 0
148.4 0
148.5 2
148.6 6
148.7 14
148.8 13
148.9 17
149 20
149.1 21
149.2 24
149.3 26
149.4 27
149.5 27
149.6 26
149.7 27
149.8 27
149.9 26
150 27
150.1 31
150.2 33
150.3 36
150.4 39
150.5 43
150.6 44
150.7 44
150.8 44
150.9 42
151 43
151.1 40
151.2 39
151.3 40
151.4 45
151.5 47
151.6 45
151.7 46
151.8 46
151.9 53
152 53
152.1 49
152.2 46
152.3 46
152.4 44
152.5 46
152.6 43
152.7 40
152.8 41
152.9 39
153 38
153.1 35
153.2 35
153.3 32
153.4 32
153.5 30
153.6 30
153.7 29
153.8 29
153.9 27
154 27
154.1 25
154.2 24
154.3 23
154.4 22
154.5 22
154.6 22
154.7 22
154.8 22
154.9 22
155 22
155.1 22
155.2 22
155.3 20
155.4 19
155.5 19
155.6 19
155.7 18
155.8 18
155.9 14
156 14
156.1 13
156.2 12
156.3 11
156.4 11
156.5 10
156.6 9
156.7 9
156.8 9
156.9 9
157 9
157.1 9
157.2 8
157.3 8
157.4 8
157.5 7
157.6 7
157.7 7
157.8 7
157.9 6
158 6
158.1 5
158.2 5
158.3 5
158.4 5
158.5 4
158.6 4
158.7 3
158.8 3
158.9 3
159 3
159.1 3
159.2 3
159.3 3
159.4 3
159.5 3
159.6 2
159.7 2
159.8 2
159.9 2
160 2
160.1 2
160.2 2
160.3 2
160.4 2
160.5 2
160.6 2
160.7 2
160.8 2
160.9 2
161 2
161.1 2
161.2 1
161.3 1
161.4 1
161.5 1
161.6 3
161.7 3
161.8 3
161.9 3
162 3
162.1 3
162.2 3
162.3 3
162.4 3
162.5 3
162.6 2
162.7 2
162.8 2
162.9 2
163 2
163.1 2
163.2 2
163.3 2
163.4 2
163.5 2
163.6 2
163.7 2
163.8 2
163.9 2
164 2
164.1 2
164.2 0
164.3 0
164.4 0
164.5 0
164.6 0
164.7 0
164.8 0
164.9 0
165 0
165.1 0
165.2 0
165.3 0
165.4 0
165.5 0
165.6 0
165.7 3
165.8 3
165.9 3
166 3
166.1 3
166.2 2
166.3 2
166.4 2
166.5 2
166.6 1
166.7 1
166.8 1
166.9 1
167 1
167.1 1
167.2 1
167.3 1
167.4 1
167.5 1
167.6 1
167.7 1
167.8 1
167.9 1
168 1
168.1 1
168.2 1
168.3 1
168.4 1
168.5 1
168.6 1
168.7 1
168.8 1
168.9 1
169 1
169.1 1
169.2 1
169.3 1
169.4 2
169.5 3
169.6 2
169.7 2
169.8 3
169.9 3
170 3
170.1 3
170.2 4
170.3 6
170.4 9
170.5 8
170.6 12
170.7 17
170.8 18
170.9 20
171 22
171.1 23
171.2 26
171.3 27
171.4 32
171.5 32
171.6 36
171.7 37
171.8 38
171.9 37
172 40
172.1 41
172.2 41
172.3 38
172.4 39
172.5 40
172.6 42
172.7 40
172.8 44
172.9 44
173 45
173.1 51
173.2 53
173.3 55
173.4 53
173.5 57
173.6 58
173.7 58
173.8 59
173.9 58
174 57
174.1 60
174.2 61
174.3 60
174.4 60
174.5 58
174.6 57
174.7 62
174.8 62
174.9 63
175 62
175.1 62
175.2 61
175.3 63
175.4 65
175.5 65
175.6 60
175.7 63
175.8 67
175.9 65
176 63
176.1 60
176.2 65
176.3 61
176.4 61
176.5 61
176.6 60
176.7 57
176.8 57
176.9 57
177 55
177.1 53
177.2 50
177.3 45
177.4 42
177.5 38
177.6 35
177.7 33
177.8 31
177.9 27
178 27
178.1 26
178.2 25
178.3 25
178.4 25
178.5 23
178.6 22
178.7 21
178.8 21
178.9 20
179 19
179.1 19
179.2 15
179.3 15
179.4 13
179.5 13
179.6 12
179.7 11
179.8 11
179.9 11
180 11
180.1 9
180.2 9
180.3 8
180.4 8
180.5 7
180.6 7
180.7 6
180.8 6
180.9 6
181 6
181.1 7
181.2 6
181.3 5
181.4 5
181.5 4
181.6 4
181.7 4
181.8 4
181.9 3
182 3
182.1 3
182.2 3
182.3 3
182.4 3
182.5 3
182.6 2
182.7 2
182.8 2
182.9 2
183 2
183.1 2
183.2 2
183.3 2
183.4 2
183.5 2
183.6 2
183.7 2
183.8 2
183.9 2
184 2
184.1 2
184.2 2
184.3 2
184.4 2
184.5 2
184.6 2
184.7 2
184.8 2
184.9 2
185 2
185.1 1
185.2 1
185.3 1
185.4 2
185.5 2
185.6 2
185.7 2
185.8 2
185.9 2
186 2
186.1 2
186.2 2
186.3 3
186.4 3
186.5 3
186.6 3
186.7 3
186.8 3
186.9 3
187 3
187.1 3
187.2 3
187.3 5
187.4 6
187.5 7
187.6 10
187.7 11
187.8 15
187.9 16
188 18
188.1 20
188.2 21
188.3 21
188.4 22
188.5 24
188.6 28
188.7 33
188.8 34
188.9 35
189 35
189.1 35
189.2 38
189.3 40
189.4 40
189.5 41
189.6 45
189.7 44
189.8 41
189.9 38
190 40
190.1 40
190.2 39
190.3 37
190.4 35
190.5 36
190.6 34
190.7 36
190.8 40
190.9 41
191 41
191.1 45
191.2 46
191.3 44
191.4 41
191.5 43
191.6 41
191.7 42
191.8 47
191.9 53
192 53
192.1 51
192.2 52
192.3 56
192.4 59
192.5 55
192.6 51
192.7 50
192.8 48
192.9 46
193 43
193.1 43
193.2 42
193.3 39
193.4 39
193.5 37
193.6 36
193.7 33
193.8 31
193.9 30
194 30
194.1 30
194.2 30
194.3 26
194.4 23
194.5 22
194.6 21
194.7 20
194.8 19
194.9 18
195 18
195.1 17
195.2 17
195.3 16
195.4 15
195.5 13
195.6 13
195.7 13
195.8 13
195.9 13
196 12
196.1 12
196.2 12
196.3 10
196.4 10
196.5 10
196.6 9
196.7 9
196.8 7
196.9 7
197 5
197.1 5
197.2 5
197.3 5
197.4 5
197.5 5
197.6 5
197.7 5
197.8 4
197.9 4
198 6
198.1 5
198.2 5
198.3 5
198.4 5
198.5 5
198.6 4
198.7 4
198.8 4
198.9 4
199 4
199.1 4
199.2 4
199.3 4
199.4 4
199.5 4
199.6 3
199.7 3
199.8 3
199.9 3
200 3
