0 0
0.1 0
0.2 0
0.3 0
0.4 0
0.5 0
0.6 0
0.7 0
0.8 0
0.9 1
1 2
1.1 0
1.2 0
1.3 1
1.4 1
1.5 0
1.6 2
1.7 0
1.8 2
1.9 0
2 0
2.1 2
2.2 3
2.3 1
2.4 1
2.5 3
2.6 2
2.7 2
2.8 3
2.9 2
3 4
3.1 1
3.2 4
3.3 3
3.4 3
3.5 2
3.6 3
3.7 2
3.8 2
3.9 4
4 1
4.1 4
4.2 6
4.3 4
4.4 4
4.5 5
4.6 7
4.7 1
4.8 6
4.9 1
5 2
5.1 3
5.2 5
5.3 9
5.4 6
5.5 7
5.6 5
5.7 9
5.8 7
5.9 7
6 10
6.1 14
6.2 8
6.3 5
6.4 16
6.5 16
6.6 12
6.7 13
6.8 19
6.9 25
7 18
7.1 28
7.2 39
7.3 53
7.4 76
7.5 103
7.6 130
7.7 202
7.8 366
7.9 498
8 630
8.1 749
8.2 839
8.3 955
8.4 1027
8.5 1104
8.6 1139
8.7 1206
8.8 1253
8.9 1297
9 1276
9.1 1224
9.2 1230
9.3 1239
9.4 1275
9.5 1279
9.6 1266
9.7 1271
9.8 1297
9.9 1272
10 1285
10.1 1296
10.2 1286
10.3 1272
10.4 1293
10.5 1292
10.6 1288
10.7 1276
10.8 1283
10.9 1293
11 1284
11.1 1280
11.2 1273
11.3 1254
11.4 1248
11.5 1229
11.6 1213
11.7 1189
11.8 1178
11.9 1160
12 1159
12.1 1138
12.2 1126
12.3 1114
12.4 1090
12.5 1087
12.6 1065
12.7 1053
12.8 1036
12.9 1023
13 1000
13.1 977
13.2 967
13.3 943
13.4 927
13.5 920
13.6 908
13.7 898
13.8 878
13.9 866
14 855
14.1 793
14.2 753
14.3 742
14.4 750
14.5 745
14.6 756
14.7 746
14.8 742
14.9 737
15 730
15.1 709
15.2 635
15.3 594
15.4 563
15.5 540
15.6 554
15.7 572
15.8 561
15.9 576
16 579
16.1 562
16.2 552
16.3 537
16.4 535
16.5 535
16.6 535
16.7 523
16.8 511
16.9 491
17 485
17.1 484
17.2 473
17.3 476
17.4 462
17.5 452
17.6 431
17.7 405
17.8 419
17.9 442
18 455
18.1 444
18.2 453
18.3 464
18.4 469
18.5 467
18.6 470
18.7 478
18.8 468
18.9 426
19 324
19.1 293
19.2 285
19.3 298
19.4 314
19.5 307
19.6 312
19.7 324
19.8 327
19.9 305
20 284
20.1 276
20.2 281
20.3 278
20.4 274
20.5 211
20.6 163
20.7 136
20.8 146
20.9 119
21 89
21.1 78
21.2 76
21.3 64
21.4 59
21.5 32
21.6 28
21.7 27
21.8 15
21.9 16
22 11
22.1 10
22.2 0
22.3 7
22.4 3
22.5 8
22.6 2
22.7 6
22.8 7
22.9 7
23 3
23.1 9
23.2 6
23.3 8
23.4 7
23.5 8
23.6 5
23.7 6
23.8 9
23.9 3
24 11
24.1 4
24.2 6
24.3 6
24.4 11
24.5 4
24.6 5
24.7 8
24.8 13
24.9 12
25 7
25.1 6
25.2 6
25.3 9
25.4 19
25.5 15
25.6 23
25.7 20
25.8 19
25.9 12
26 24
26.1 9
26.2 20
26.3 21
26.4 26
26.5 35
26.6 45
26.7 63
26.8 68
26.9 142
27 229
27.1 330
27.2 430
27.3 555
27.4 647
27.5 750
27.6 828
27.7 893
27.8 992
27.9 1041
28 1078
28.1 1131
28.2 1169
28.3 1195
28.4 1230
28.5 1230
28.6 1245
28.7 1250
28.8 1252
28.9 1249
29 1245
29.1 1230
29.2 1218
29.3 1197
29.4 1181
29.5 1183
29.6 1193
29.7 1198
29.8 1180
29.9 1160
30 1168
30.1 1180
30.2 1168
30.3 1148
30.4 1134
30.5 1126
30.6 1128
30.7 1110
30.8 1098
30.9 1082
31 1079
31.1 1073
31.2 1061
31.3 1041
31.4 1008
31.5 1001
31.6 974
31.7 951
31.8 931
31.9 884
32 851
32.1 843
32.2 853
32.3 862
32.4 840
32.5 809
32.6 775
32.7 752
32.8 738
32.9 724
33 719
33.1 722
33.2 727
33.3 736
33.4 743
33.5 742
33.6 733
33.7 707
33.8 669
33.9 636
34 618
34.1 597
34.2 605
34.3 601
34.4 615
34.5 622
34.6 613
34.7 599
34.8 574
34.9 556
35 535
35.1 521
35.2 505
35.3 480
35.4 445
35.5 437
35.6 437
35.7 439
35.8 433
35.9 442
36 434
36.1 437
36.2 437
36.3 411
36.4 404
36.5 404
36.6 402
36.7 405
36.8 409
36.9 416
37 399
37.1 375
37.2 361
37.3 339
37.4 330
37.5 324
37.6 334
37.7 332
37.8 323
37.9 314
38 333
38.1 332
38.2 325
38.3 313
38.4 316
38.5 324
38.6 309
38.7 308
38.8 311
38.9 297
39 285
39.1 267
39.2 266
39.3 257
39.4 250
39.5 249
39.6 240
39.7 232
39.8 236
39.9 247
40 247
40.1 246
40.2 250
40.3 255
40.4 256
40.5 248
40.6 240
40.7 237
40.8 243
40.9 237
41 241
41.1 256
41.2 277
41.3 274
41.4 256
41.5 241
41.6 228
41.7 212
41.8 215
41.9 216
42 233
42.1 236
42.2 232
42.3 230
42.4 217
42.5 187
42.6 140
42.7 102
42.8 100
42.9 81
43 42
43.1 33
43.2 31
43.3 33
43.4 35
43.5 27
43.6 10
43.7 12
43.8 14
43.9 14
44 13
44.1 10
44.2 8
44.3 5
44.4 2
44.5 10
44.6 4
44.7 4
44.8 2
44.9 2
45 6
45.1 1
45.2 4
45.3 5
45.4 4
45.5 7
45.6 6
45.7 2
45.8 5
45.9 1
46 1
46.1 7
46.2 4
46.3 8
46.4 9
46.5 4
46.6 3
46.7 4
46.8 7
46.9 9
47 3
47.1 5
47.2 10
47.3 10
47.4 10
47.5 8
47.6 3
47.7 8
47.8 6
47.9 6
48 9
48.1 4
48.2 8
48.3 11
48.4 10
48.5 9
48.6 10
48.7 12
48.8 13
48.9 22
49 16
49.1 22
49.2 24
49.3 22
49.4 29
49.5 29
49.6 44
49.7 58
49.8 86
49.9 102
50 104
50.1 149
50.2 250
50.3 405
50.4 515
50.5 616
50.6 731
50.7 819
50.8 910
50.9 1005
51 1083
51.1 1138
51.2 1164
51.3 1196
51.4 1226
51.5 1259
51.6 1281
51.7 1308
51.8 1333
51.9 1351
52 1372
52.1 1387
52.2 1404
52.3 1413
52.4 1403
52.5 1398
52.6 1389
52.7 1376
52.8 1377
52.9 1354
53 1333
53.1 1316
53.2 1303
53.3 1281
53.4 1274
53.5 1252
53.6 1223
53.7 1226
53.8 1221
53.9 1209
54 1182
54.1 1139
54.2 1092
54.3 1077
54.4 1077
54.5 1081
54.6 1091
54.7 1082
54.8 1068
54.9 1054
55 1022
55.1 996
55.2 985
55.3 938
55.4 919
55.5 901
55.6 886
55.7 866
55.8 853
55.9 823
56 793
56.1 764
56.2 738
56.3 728
56.4 709
56.5 688
56.6 658
56.7 650
56.8 627
56.9 592
57 595
57.1 583
57.2 568
57.3 571
57.4 548
57.5 542
57.6 541
57.7 543
57.8 534
57.9 525
58 412
58.1 349
58.2 322
58.3 333
58.4 345
58.5 352
58.6 379
58.7 393
58.8 386
58.9 371
59 373
59.1 377
59.2 397
59.3 386
59.4 356
59.5 350
59.6 377
59.7 388
59.8 412
59.9 415
60 346
60.1 294
60.2 276
60.3 295
60.4 303
60.5 287
60.6 299
60.7 290
60.8 296
60.9 330
61 336
61.1 315
61.2 280
61.3 286
61.4 282
61.5 248
61.6 235
61.7 236
61.8 266
61.9 282
62 278
62.1 281
62.2 255
62.3 256
62.4 258
62.5 268
62.6 274
62.7 278
62.8 284
62.9 288
63 301
63.1 314
63.2 328
63.3 280
63.4 278
63.5 270
63.6 262
63.7 273
63.8 273
63.9 274
64 277
64.1 276
64.2 281
64.3 254
64.4 245
64.5 255
64.6 275
64.7 283
64.8 279
64.9 265
65 264
65.1 263
65.2 261
65.3 266
65.4 267
65.5 261
65.6 248
65.7 258
65.8 253
65.9 254
66 255
66.1 254
66.2 263
66.3 253
66.4 250
66.5 235
66.6 233
66.7 232
66.8 238
66.9 234
67 222
67.1 219
67.2 201
67.3 198
67.4 180
67.5 190
67.6 187
67.7 188
67.8 205
67.9 191
68 174
68.1 162
68.2 140
68.3 123
68.4 125
68.5 113
68.6 78
68.7 63
68.8 37
68.9 27
69 26
69.1 30
69.2 29
69.3 19
69.4 7
69.5 7
69.6 5
69.7 6
69.8 1
69.9 2
70 5
70.1 6
70.2 3
70.3 3
70.4 1
70.5 3
70.6 1
70.7 2
70.8 2
70.9 2
71 2
71.1 4
71.2 5
71.3 5
71.4 3
71.5 2
71.6 4
71.7 9
71.8 2
71.9 7
72 1
72.1 2
72.2 5
72.3 4
72.4 9
72.5 5
72.6 4
72.7 6
72.8 10
72.9 9
73 13
73.1 6
73.2 11
73.3 8
73.4 9
73.5 11
73.6 14
73.7 15
73.8 7
73.9 11
74 19
74.1 14
74.2 9
74.3 14
74.4 13
74.5 19
74.6 26
74.7 25
74.8 22
74.9 25
75 33
75.1 43
75.2 41
75.3 55
75.4 75
75.5 123
75.6 206
75.7 292
75.8 396
75.9 511
76 613
76.1 705
76.2 777
76.3 870
76.4 909
76.5 916
76.6 966
76.7 1011
76.8 1075
76.9 1107
77 1132
77.1 1142
77.2 1149
77.3 1165
77.4 1183
77.5 1220
77.6 1237
77.7 1257
77.8 1255
77.9 1217
78 1141
78.1 1102
78.2 1113
78.3 1126
78.4 1127
78.5 1130
78.6 1125
78.7 1104
78.8 1100
78.9 1102
79 1102
79.1 1106
79.2 1094
79.3 1042
79.4 1016
79.5 993
79.6 951
79.7 940
79.8 938
79.9 940
80 946
80.1 933
80.2 930
80.3 899
80.4 867
80.5 853
80.6 815
80.7 813
80.8 808
80.9 808
81 802
81.1 796
81.2 801
81.3 787
81.4 749
81.5 727
81.6 719
81.7 720
81.8 699
81.9 677
82 671
82.1 615
82.2 577
82.3 571
82.4 585
82.5 589
82.6 592
82.7 596
82.8 606
82.9 601
83 610
83.1 582
83.2 574
83.3 558
83.4 542
83.5 518
83.6 507
83.7 498
83.8 469
83.9 458
84 465
84.1 437
84.2 430
84.3 428
84.4 418
84.5 352
84.6 312
84.7 301
84.8 312
84.9 304
85 310
85.1 305
85.2 301
85.3 302
85.4 330
85.5 347
85.6 358
85.7 358
85.8 359
85.9 356
86 354
86.1 348
86.2 337
86.3 325
86.4 308
86.5 305
86.6 299
86.7 307
86.8 300
86.9 314
87 320
87.1 326
87.2 283
87.3 276
87.4 253
87.5 256
87.6 268
87.7 266
87.8 269
87.9 235
88 172
88.1 171
88.2 175
88.3 187
88.4 191
88.5 182
88.6 185
88.7 192
88.8 188
88.9 187
89 120
89.1 92
89.2 64
89.3 22
89.4 13
89.5 14
89.6 9
89.7 12
89.8 6
89.9 8
90 4
90.1 5
90.2 9
90.3 4
90.4 9
90.5 6
90.6 7
90.7 3
90.8 7
90.9 5
91 6
91.1 4
91.2 8
91.3 4
91.4 7
91.5 3
91.6 6
91.7 5
91.8 7
91.9 8
92 6
92.1 9
92.2 7
92.3 3
92.4 5
92.5 6
92.6 13
92.7 7
92.8 9
92.9 9
93 9
93.1 15
93.2 9
93.3 24
93.4 12
93.5 21
93.6 28
93.7 24
93.8 29
93.9 40
94 44
94.1 42
94.2 50
94.3 65
94.4 62
94.5 106
94.6 149
94.7 248
94.8 358
94.9 452
95 542
95.1 593
95.2 671
95.3 765
95.4 813
95.5 867
95.6 908
95.7 943
95.8 976
95.9 1009
96 1060
96.1 1053
96.2 1082
96.3 1107
96.4 1132
96.5 1148
96.6 1160
96.7 1162
96.8 1163
96.9 1147
97 1144
97.1 1125
97.2 1108
97.3 1098
97.4 1087
97.5 1107
97.6 1104
97.7 1099
97.8 1099
97.9 1071
98 1051
98.1 1036
98.2 1037
98.3 1031
98.4 1000
98.5 978
98.6 965
98.7 969
98.8 964
98.9 926
99 890
99.1 860
99.2 848
99.3 840
99.4 824
99.5 828
99.6 817
99.7 808
99.8 778
99.9 753
100 732
100.1 676
100.2 667
100.3 659
100.4 637
100.5 621
100.6 627
100.7 626
100.8 608
100.9 599
101 561
101.1 540
101.2 519
101.3 521
101.4 546
101.5 557
101.6 542
101.7 531
101.8 532
101.9 529
102 516
102.1 518
102.2 512
102.3 487
102.4 470
102.5 470
102.6 484
102.7 472
102.8 457
102.9 422
103 356
103.1 328
103.2 336
103.3 317
103.4 304
103.5 285
103.6 288
103.7 317
103.8 327
103.9 331
104 341
104.1 335
104.2 315
104.3 309
104.4 294
104.5 285
104.6 285
104.7 294
104.8 266
104.9 242
105 246
105.1 239
105.2 245
105.3 257
105.4 236
105.5 235
105.6 248
105.7 252
105.8 251
105.9 207
106 101
106.1 68
106.2 54
106.3 64
106.4 68
106.5 94
106.6 66
106.7 50
106.8 58
106.9 63
107 89
107.1 105
107.2 116
107.3 121
107.4 120
107.5 129
107.6 133
107.7 143
107.8 155
107.9 180
108 179
108.1 182
108.2 178
108.3 191
108.4 181
108.5 162
108.6 161
108.7 181
108.8 197
108.9 211
109 225
109.1 228
109.2 245
109.3 258
109.4 263
109.5 264
109.6 257
109.7 253
109.8 243
109.9 240
110 243
110.1 245
110.2 242
110.3 239
110.4 217
110.5 199
110.6 182
110.7 195
110.8 214
110.9 225
111 214
111.1 216
111.2 191
111.3 173
111.4 143
111.5 127
111.6 123
111.7 130
111.8 132
111.9 111
112 83
112.1 67
112.2 72
112.3 50
112.4 47
112.5 36
112.6 30
112.7 28
112.8 39
112.9 35
113 30
113.1 23
113.2 23
113.3 23
113.4 17
113.5 17
113.6 6
113.7 18
113.8 12
113.9 22
114 5
114.1 14
114.2 17
114.3 11
114.4 13
114.5 14
114.6 9
114.7 9
114.8 5
114.9 4
115 2
115.1 5
115.2 7
115.3 4
115.4 5
115.5 2
115.6 5
115.7 4
115.8 7
115.9 4
116 3
116.1 1
116.2 6
116.3 3
116.4 4
116.5 4
116.6 4
116.7 5
116.8 4
116.9 6
117 7
117.1 2
117.2 8
117.3 8
117.4 7
117.5 4
117.6 6
117.7 7
117.8 2
117.9 8
118 9
118.1 10
118.2 12
118.3 10
118.4 9
118.5 17
118.6 9
118.7 18
118.8 21
118.9 14
119 21
119.1 16
119.2 22
119.3 28
119.4 19
119.5 25
119.6 27
119.7 32
119.8 51
119.9 70
120 95
120.1 179
120.2 259
120.3 323
120.4 428
120.5 527
120.6 634
120.7 721
120.8 814
120.9 865
121 938
121.1 969
121.2 1050
121.3 1119
121.4 1166
121.5 1203
121.6 1206
121.7 1231
121.8 1265
121.9 1281
122 1296
122.1 1290
122.2 1274
122.3 1266
122.4 1267
122.5 1261
122.6 1272
122.7 1273
122.8 1277
122.9 1292
123 1290
123.1 1295
123.2 1289
123.3 1261
123.4 1245
123.5 1238
123.6 1242
123.7 1243
123.8 1231
123.9 1209
124 1203
124.1 1174
124.2 1165
124.3 1159
124.4 1140
124.5 1116
124.6 1077
124.7 1073
124.8 1065
124.9 1054
125 1029
125.1 1010
125.2 980
125.3 947
125.4 952
125.5 938
125.6 915
125.7 893
125.8 863
125.9 826
126 817
126.1 813
126.2 811
126.3 816
126.4 817
126.5 782
126.6 783
126.7 778
126.8 775
126.9 761
127 752
127.1 750
127.2 764
127.3 750
127.4 734
127.5 695
127.6 662
127.7 658
127.8 660
127.9 661
128 633
128.1 620
128.2 620
128.3 608
128.4 588
128.5 571
128.6 567
128.7 563
128.8 550
128.9 542
129 530
129.1 538
129.2 530
129.3 530
129.4 519
129.5 525
129.6 523
129.7 522
129.8 514
129.9 511
130 498
130.1 488
130.2 471
130.3 468
130.4 449
130.5 429
130.6 414
130.7 389
130.8 377
130.9 368
131 353
131.1 324
131.2 304
131.3 297
131.4 291
131.5 276
131.6 274
131.7 282
131.8 292
131.9 289
132 273
132.1 282
132.2 291
132.3 290
132.4 295
132.5 288
132.6 293
132.7 304
132.8 305
132.9 300
133 275
133.1 203
133.2 186
133.3 182
133.4 122
133.5 71
133.6 36
133.7 31
133.8 23
133.9 15
134 13
134.1 8
134.2 8
134.3 12
134.4 6
134.5 7
134.6 8
134.7 5
134.8 8
134.9 9
135 5
135.1 4
135.2 3
135.3 8
135.4 8
135.5 6
135.6 5
135.7 3
135.8 2
135.9 6
136 2
136.1 4
136.2 9
136.3 5
136.4 8
136.5 5
136.6 5
136.7 6
136.8 7
136.9 6
137 8
137.1 5
137.2 7
137.3 13
137.4 5
137.5 12
137.6 11
137.7 10
137.8 12
137.9 12
138 8
138.1 16
138.2 14
138.3 13
138.4 28
138.5 17
138.6 23
138.7 24
138.8 30
138.9 21
139 45
139.1 45
139.2 53
139.3 73
139.4 78
139.5 113
139.6 183
139.7 283
139.8 408
139.9 520
140 643
140.1 746
140.2 829
140.3 912
140.4 997
140.5 1066
140.6 1095
140.7 1149
140.8 1209
140.9 1251
141 1254
141.1 1257
141.2 1268
141.3 1258
141.4 1258
141.5 1257
141.6 1250
141.7 1260
141.8 1250
141.9 1250
142 1243
142.1 1225
142.2 1201
142.3 1200
142.4 1198
142.5 1200
142.6 1183
142.7 1166
142.8 1160
142.9 1148
143 1154
143.1 1165
143.2 1145
143.3 1142
143.4 1141
143.5 1118
143.6 1113
143.7 1087
143.8 1062
143.9 1030
144 1030
144.1 1027
144.2 1004
144.3 948
144.4 913
144.5 877
144.6 873
144.7 857
144.8 847
144.9 814
145 777
145.1 758
145.2 747
145.3 734
145.4 720
145.5 712
145.6 689
145.7 664
145.8 659
145.9 645
146 644
146.1 632
146.2 635
146.3 620
146.4 605
146.5 592
146.6 583
146.7 583
146.8 556
146.9 523
147 423
147.1 388
147.2 370
147.3 367
147.4 356
147.5 367
147.6 397
147.7 394
147.8 411
147.9 424
148 420
148.1 318
148.2 182
148.3 71
148.4 41
148.5 30
148.6 22
148.7 18
148.8 19
148.9 34
149 22
149.1 25
149.2 18
149.3 28
149.4 29
149.5 27
149.6 23
149.7 19
149.8 19
149.9 16
150 15
150.1 16
150.2 13
150.3 21
150.4 12
150.5 7
150.6 18
150.7 17
150.8 20
150.9 10
151 16
151.1 9
151.2 9
151.3 18
151.4 14
151.5 12
151.6 14
151.7 12
151.8 18
151.9 19
152 22
152.1 23
152.2 22
152.3 27
152.4 46
152.5 57
152.6 75
152.7 105
152.8 165
152.9 254
153 359
153.1 469
153.2 546
153.3 602
153.4 657
153.5 671
153.6 654
153.7 697
153.8 732
153.9 778
154 812
154.1 859
154.2 875
154.3 923
154.4 947
154.5 979
154.6 992
154.7 985
154.8 1004
154.9 1023
155 1022
155.1 1020
155.2 1030
155.3 1042
155.4 1049
155.5 1007
155.6 869
155.7 753
155.8 742
155.9 777
156 784
156.1 775
156.2 784
156.3 810
156.4 824
156.5 833
156.6 859
156.7 863
156.8 875
156.9 881
157 895
157.1 903
157.2 899
157.3 917
157.4 909
157.5 890
157.6 880
157.7 857
157.8 852
157.9 835
158 837
158.1 826
158.2 833
158.3 819
158.4 806
158.5 796
158.6 788
158.7 792
158.8 777
158.9 758
159 697
159.1 656
159.2 643
159.3 642
159.4 627
159.5 632
159.6 633
159.7 630
159.8 609
159.9 622
160 613
160.1 564
160.2 446
160.3 392
160.4 392
160.5 414
160.6 417
160.7 423
160.8 438
160.9 471
161 470
161.1 458
161.2 444
161.3 444
161.4 451
161.5 435
161.6 435
161.7 429
161.8 427
161.9 428
162 449
162.1 443
162.2 438
162.3 431
162.4 410
162.5 402
162.6 393
162.7 380
162.8 382
162.9 388
163 385
163.1 386
163.2 378
163.3 378
163.4 356
163.5 341
163.6 321
163.7 329
163.8 332
163.9 331
164 335
164.1 335
164.2 336
164.3 298
164.4 278
164.5 293
164.6 309
164.7 328
164.8 334
164.9 328
165 294
165.1 259
165.2 231
165.3 210
165.4 198
165.5 204
165.6 208
165.7 215
165.8 215
165.9 197
166 199
166.1 207
166.2 219
166.3 207
166.4 211
166.5 220
166.6 225
166.7 223
166.8 236
166.9 238
167 237
167.1 219
167.2 218
167.3 200
167.4 193
167.5 192
167.6 208
167.7 189
167.8 159
167.9 116
168 116
168.1 114
168.2 138
168.3 146
168.4 146
168.5 154
168.6 159
168.7 173
168.8 175
168.9 169
169 146
169.1 102
169.2 91
169.3 71
169.4 61
169.5 59
169.6 48
169.7 33
169.8 38
169.9 26
170 19
170.1 14
170.2 10
170.3 4
170.4 13
170.5 13
170.6 9
170.7 10
170.8 4
170.9 4
171 4
171.1 2
171.2 5
171.3 6
171.4 5
171.5 5
171.6 6
171.7 6
171.8 4
171.9 6
172 3
172.1 4
172.2 3
172.3 4
172.4 5
172.5 6
172.6 10
172.7 5
172.8 10
172.9 8
173 4
173.1 4
173.2 4
173.3 4
173.4 8
173.5 3
173.6 8
173.7 9
173.8 10
173.9 5
174 9
174.1 4
174.2 6
174.3 11
174.4 8
174.5 11
174.6 10
174.7 18
174.8 9
174.9 20
175 12
175.1 22
175.2 16
175.3 20
175.4 17
175.5 26
175.6 19
175.7 27
175.8 31
175.9 47
176 33
176.1 33
176.2 40
176.3 43
176.4 45
176.5 50
176.6 78
176.7 104
176.8 165
176.9 296
177 425
177.1 552
177.2 698
177.3 814
177.4 896
177.5 979
177.6 1051
177.7 1147
177.8 1176
177.9 1236
178 1281
178.1 1313
178.2 1350
178.3 1390
178.4 1422
178.5 1443
178.6 1450
178.7 1438
178.8 1434
178.9 1431
179 1437
179.1 1419
179.2 1396
179.3 1374
179.4 1373
179.5 1376
179.6 1367
179.7 1362
179.8 1353
179.9 1334
180 1315
180.1 1305
180.2 1284
180.3 1283
180.4 1275
180.5 1273
180.6 1246
180.7 1226
180.8 1190
180.9 1112
181 1102
181.1 1071
181.2 1061
181.3 1038
181.4 1023
181.5 958
181.6 909
181.7 885
181.8 870
181.9 865
182 864
182.1 841
182.2 826
182.3 822
182.4 828
182.5 824
182.6 844
182.7 849
182.8 835
182.9 833
183 842
183.1 836
183.2 832
183.3 852
183.4 845
183.5 839
183.6 808
183.7 783
183.8 784
183.9 773
184 752
184.1 741
184.2 725
184.3 704
184.4 703
184.5 677
184.6 643
184.7 635
184.8 634
184.9 620
185 612
185.1 612
185.2 600
185.3 588
185.4 528
185.5 469
185.6 451
185.7 458
185.8 469
185.9 468
186 465
186.1 415
186.2 388
186.3 314
186.4 286
186.5 262
186.6 249
186.7 224
186.8 180
186.9 115
187 67
187.1 42
187.2 31
187.3 15
187.4 20
187.5 13
187.6 12
187.7 12
187.8 10
187.9 13
188 9
188.1 7
188.2 7
188.3 7
188.4 7
188.5 8
188.6 8
188.7 7
188.8 10
188.9 8
189 10
189.1 8
189.2 8
189.3 9
189.4 11
189.5 8
189.6 11
189.7 15
189.8 14
189.9 14
190 11
190.1 11
190.2 10
190.3 8
190.4 12
190.5 11
190.6 12
190.7 11
190.8 14
190.9 21
191 12
191.1 13
191.2 20
191.3 23
191.4 27
191.5 22
191.6 30
191.7 27
191.8 23
191.9 30
192 40
192.1 49
192.2 57
192.3 67
192.4 132
192.5 245
192.6 360
192.7 443
192.8 524
192.9 616
193 694
193.1 778
193.2 846
193.3 901
193.4 957
193.5 1008
193.6 1053
193.7 1098
193.8 1120
193.9 1145
194 1169
194.1 1184
194.2 1200
194.3 1225
194.4 1253
194.5 1263
194.6 1252
194.7 1232
194.8 1218
194.9 1223
195 1232
195.1 1236
195.2 1212
195.3 1198
195.4 1184
195.5 1155
195.6 1142
195.7 1133
195.8 1128
195.9 1110
196 1103
196.1 1081
196.2 1057
196.3 1044
196.4 1046
196.5 1043
196.6 1043
196.7 1049
196.8 1058
196.9 1034
197 1006
197.1 997
197.2 986
197.3 956
197.4 942
197.5 927
197.6 915
197.7 896
197.8 901
197.9 870
198 847
198.1 813
198.2 801
198.3 807
198.4 807
198.5 798
198.6 789
198.7 770
198.8 767
198.9 758
199 747
199.1 743
199.2 713
199.3 720
199.4 716
199.5 715
199.6 711
199.7 690
199.8 676
199.9 641
200 612
