0 0
0.1 4
0.2 6
0.3 14
0.4 23
0.5 19
0.6 24
0.7 39
0.8 36
0.9 37
1 44
1.1 45
1.2 38
1.3 46
1.4 51
1.5 56
1.6 44
1.7 44
1.8 59
1.9 57
2 50
2.1 46
2.2 38
2.3 46
2.4 47
2.5 41
2.6 40
2.7 33
2.8 39
2.9 46
3 41
3.1 40
3.2 32
3.3 33
3.4 39
3.5 31
3.6 32
3.7 39
3.8 45
3.9 52
4 43
4.1 45
4.2 31
4.3 41
4.4 47
4.5 54
4.6 46
4.7 48
4.8 49
4.9 51
5 34
5.1 49
5.2 38
5.3 37
5.4 33
5.5 44
5.6 40
5.7 29
5.8 27
5.9 33
6 37
6.1 24
6.2 40
6.3 28
6.4 29
6.5 30
6.6 42
6.7 29
6.8 26
6.9 25
7 14
7.1 16
7.2 4
7.3 4
7.4 4
7.5 7
7.6 7
7.7 6
7.8 3
7.9 3
8 2
8.1 2
8.2 5
8.3 15
8.4 6
8.5 5
8.6 4
8.7 4
8.8 4
8.9 4
9 3
9.1 2
9.2 2
9.3 1
9.4 5
9.5 8
9.6 9
9.7 7
9.8 5
9.9 8
10 4
10.1 7
10.2 4
10.3 3
10.4 3
10.5 6
10.6 6
10.7 7
10.8 9
10.9 7
11 6
11.1 5
11.2 3
11.3 0
11.4 0
11.5 5
11.6 6
11.7 2
11.8 4
11.9 2
12 3
12.1 3
12.2 7
12.3 9
12.4 5
12.5 6
12.6 2
12.7 4
12.8 3
12.9 5
13 9
13.1 8
13.2 9
13.3 7
13.4 5
13.5 10
13.6 6
13.7 8
13.8 5
13.9 5
14 3
14.1 4
14.2 5
14.3 4
14.4 5
14.5 6
14.6 3
14.7 4
14.8 0
14.9 1
15 2
15.1 3
15.2 4
15.3 2
15.4 2
15.5 5
15.6 4
15.7 7
15.8 4
15.9 3
16 5
16.1 8
16.2 3
16.3 13
16.4 18
16.5 9
16.6 11
16.7 9
16.8 5
16.9 2
17 3
17.1 5
17.2 4
17.3 6
17.4 8
17.5 5
17.6 6
17.7 7
17.8 7
17.9 6
18 5
18.1 7
18.2 7
18.3 6
18.4 5
18.5 5
18.6 3
18.7 6
18.8 8
18.9 5
19 3
19.1 4
19.2 2
19.3 1
19.4 4
19.5 4
19.6 4
19.7 3
19.8 16
19.9 8
20 10
20.1 26
20.2 21
20.3 28
20.4 16
20.5 22
20.6 24
20.7 15
20.8 28
20.9 44
21 44
21.1 66
21.2 52
21.3 48
21.4 52
21.5 42
21.6 36
21.7 39
21.8 38
21.9 40
22 38
22.1 39
22.2 37
22.3 44
22.4 42
22.5 51
22.6 44
22.7 34
22.8 40
22.9 44
23 30
23.1 51
23.2 60
23.3 46
23.4 46
23.5 31
23.6 48
23.7 47
23.8 40
23.9 47
24 40
24.1 40
24.2 35
24.3 41
24.4 38
24.5 47
24.6 36
24.7 34
24.8 29
24.9 30
25 38
25.1 33
25.2 48
25.3 42
25.4 41
25.5 42
25.6 56
25.7 41
25.8 36
25.9 35
26 28
26.1 41
26.2 51
26.3 37
26.4 34
26.5 17
26.6 25
26.7 13
26.8 8
26.9 7
27 7
27.1 9
27.2 10
27.3 4
27.4 5
27.5 6
27.6 4
27.7 6
27.8 6
27.9 4
28 3
28.1 5
28.2 3
28.3 8
28.4 5
28.5 3
28.6 7
28.7 5
28.8 6
28.9 4
29 2
29.1 0
29.2 1
29.3 3
29.4 4
29.5 5
29.6 5
29.7 3
29.8 2
29.9 2
30 7
30.1 6
30.2 5
30.3 6
30.4 8
30.5 6
30.6 8
30.7 6
30.8 4
30.9 6
31 7
31.1 6
31.2 7
31.3 30
31.4 22
31.5 23
31.6 18
31.7 11
31.8 6
31.9 7
32 5
32.1 4
32.2 6
32.3 3
32.4 5
32.5 4
32.6 3
32.7 5
32.8 4
32.9 2
33 7
33.1 4
33.2 8
33.3 7
33.4 4
33.5 5
33.6 3
33.7 2
33.8 6
33.9 8
34 8
34.1 4
34.2 6
34.3 6
34.4 4
34.5 4
34.6 4
34.7 2
34.8 1
34.9 3
35 5
35.1 4
35.2 3
35.3 6
35.4 5
35.5 3
35.6 2
35.7 1
35.8 5
35.9 6
36 7
36.1 3
36.2 4
36.3 4
36.4 15
36.5 4
36.6 3
36.7 2
36.8 6
36.9 5
37 5
37.1 6
37.2 4
37.3 7
37.4 7
37.5 9
37.6 4
37.7 6
37.8 9
37.9 9
38 7
38.1 4
38.2 10
38.3 4
38.4 3
38.5 4
38.6 5
38.7 16
38.8 8
38.9 3
39 4
39.1 3
39.2 4
39.3 4
39.4 7
39.5 7
39.6 5
39.7 6
39.8 8
39.9 9
40 28
40.1 10
40.2 19
40.3 7
40.4 12
40.5 9
40.6 11
40.7 22
40.8 19
40.9 10
41 10
41.1 11
41.2 13
41.3 25
41.4 16
41.5 3
41.6 28
41.7 29
41.8 27
41.9 34
42 14
42.1 21
42.2 21
42.3 35
42.4 28
42.5 24
42.6 36
42.7 43
42.8 31
42.9 22
43 40
43.1 27
43.2 21
43.3 34
43.4 34
43.5 46
43.6 38
43.7 29
43.8 47
43.9 37
44 27
44.1 35
44.2 32
44.3 30
44.4 37
44.5 37
44.6 43
44.7 36
44.8 36
44.9 35
45 25
45.1 36
45.2 39
45.3 40
45.4 45
45.5 28
45.6 30
45.7 21
45.8 38
45.9 37
46 29
46.1 29
46.2 44
46.3 30
46.4 22
46.5 19
46.6 29
46.7 22
46.8 53
46.9 33
47 39
47.1 38
47.2 26
47.3 16
47.4 46
47.5 40
47.6 32
47.7 21
47.8 12
47.9 7
48 6
48.1 6
48.2 3
48.3 4
48.4 3
48.5 1
48.6 8
48.7 5
48.8 4
48.9 6
49 8
49.1 5
49.2 8
49.3 7
49.4 4
49.5 5
49.6 6
49.7 7
49.8 3
49.9 6
50 8
50.1 6
50.2 7
50.3 7
50.4 9
50.5 5
50.6 6
50.7 6
50.8 5
50.9 5
51 5
51.1 4
51.2 4
51.3 1
51.4 7
51.5 6
51.6 6
51.7 7
51.8 5
51.9 4
52 3
52.1 3
52.2 6
52.3 6
52.4 4
52.5 4
52.6 3
52.7 4
52.8 4
52.9 5
53 3
53.1 6
53.2 9
53.3 6
53.4 7
53.5 9
53.6 2
53.7 1
53.8 7
53.9 10
54 4
54.1 3
54.2 3
54.3 4
54.4 7
54.5 16
54.6 10
54.7 7
54.8 8
54.9 8
55 6
55.1 3
55.2 4
55.3 8
55.4 6
55.5 4
55.6 1
55.7 3
55.8 2
55.9 4
56 6
56.1 6
56.2 3
56.3 9
56.4 3
56.5 5
56.6 1
56.7 4
56.8 3
56.9 9
57 6
57.1 5
57.2 8
57.3 2
57.4 4
57.5 6
57.6 5
57.7 6
57.8 4
57.9 3
58 4
58.1 5
58.2 3
58.3 3
58.4 4
58.5 6
58.6 6
58.7 5
58.8 12
58.9 8
59 8
59.1 3
59.2 7
59.3 10
59.4 6
59.5 0
59.6 5
59.7 8
59.8 8
59.9 11
60 7
60.1 6
60.2 5
60.3 7
60.4 8
60.5 9
60.6 10
60.7 6
60.8 3
60.9 5
61 6
61.1 6
61.2 3
61.3 3
61.4 6
61.5 8
61.6 14
61.7 8
61.8 5
61.9 7
62 6
62.1 23
62.2 10
62.3 7
62.4 8
62.5 8
62.6 9
62.7 12
62.8 13
62.9 26
63 25
63.1 17
63.2 35
63.3 25
63.4 36
63.5 40
63.6 42
63.7 40
63.8 43
63.9 30
64 49
64.1 43
64.2 35
64.3 42
64.4 46
64.5 43
64.6 34
64.7 43
64.8 46
64.9 41
65 52
65.1 55
65.2 36
65.3 40
65.4 38
65.5 43
65.6 50
65.7 32
65.8 44
65.9 57
66 61
66.1 47
66.2 43
66.3 48
66.4 56
66.5 49
66.6 53
66.7 44
66.8 50
66.9 36
67 46
67.1 34
67.2 41
67.3 55
67.4 49
67.5 36
67.6 37
67.7 43
67.8 42
67.9 36
68 28
68.1 36
68.2 29
68.3 20
68.4 19
68.5 23
68.6 27
68.7 20
68.8 9
68.9 38
69 18
69.1 8
69.2 2
69.3 3
69.4 5
69.5 4
69.6 3
69.7 4
69.8 5
69.9 6
70 6
70.1 4
70.2 6
70.3 2
70.4 1
70.5 3
70.6 6
70.7 3
70.8 8
70.9 9
71 7
71.1 4
71.2 4
71.3 5
71.4 3
71.5 5
71.6 6
71.7 7
71.8 6
71.9 5
72 5
72.1 5
72.2 4
72.3 4
72.4 6
72.5 4
72.6 5
72.7 7
72.8 5
72.9 7
73 9
73.1 9
73.2 9
73.3 7
73.4 5
73.5 2
73.6 4
73.7 6
73.8 6
73.9 3
74 3
74.1 10
74.2 13
74.3 9
74.4 7
74.5 8
74.6 7
74.7 11
74.8 3
74.9 2
75 6
75.1 8
75.2 7
75.3 4
75.4 4
75.5 3
75.6 6
75.7 3
75.8 4
75.9 5
76 2
76.1 1
76.2 1
76.3 1
76.4 1
76.5 4
76.6 4
76.7 5
76.8 4
76.9 4
77 13
77.1 23
77.2 19
77.3 8
77.4 8
77.5 5
77.6 7
77.7 16
77.8 13
77.9 4
78 3
78.1 5
78.2 5
78.3 3
78.4 6
78.5 5
78.6 7
78.7 5
78.8 4
78.9 5
79 6
79.1 4
79.2 5
79.3 8
79.4 9
79.5 6
79.6 9
79.7 18
79.8 12
79.9 9
80 5
80.1 13
80.2 4
80.3 5
80.4 5
80.5 6
80.6 4
80.7 4
80.8 4
80.9 3
81 7
81.1 4
81.2 2
81.3 1
81.4 1
81.5 1
81.6 3
81.7 7
81.8 7
81.9 7
82 3
82.1 2
82.2 2
82.3 1
82.4 4
82.5 5
82.6 4
82.7 5
82.8 6
82.9 16
83 37
83.1 13
83.2 5
83.3 5
83.4 2
83.5 2
83.6 2
83.7 3
83.8 1
83.9 4
84 4
84.1 9
84.2 5
84.3 7
84.4 6
84.5 8
84.6 0
84.7 25
84.8 18
84.9 12
85 6
85.1 4
85.2 2
85.3 3
85.4 3
85.5 4
85.6 6
85.7 6
85.8 5
85.9 5
86 5
86.1 8
86.2 4
86.3 4
86.4 4
86.5 5
86.6 6
86.7 1
86.8 6
86.9 4
87 3
87.1 4
87.2 5
87.3 3
87.4 4
87.5 3
87.6 4
87.7 1
87.8 4
87.9 6
88 4
88.1 4
88.2 16
88.3 37
88.4 17
88.5 12
88.6 19
88.7 30
88.8 38
88.9 47
89 48
89.1 46
89.2 46
89.3 51
89.4 43
89.5 50
89.6 43
89.7 35
89.8 25
89.9 36
90 49
90.1 47
90.2 37
90.3 34
90.4 50
90.5 44
90.6 29
90.7 32
90.8 38
90.9 39
91 46
91.1 36
91.2 42
91.3 40
91.4 35
91.5 33
91.6 46
91.7 45
91.8 34
91.9 37
92 40
92.1 43
92.2 43
92.3 43
92.4 33
92.5 44
92.6 47
92.7 39
92.8 39
92.9 44
93 31
93.1 29
93.2 40
93.3 42
93.4 30
93.5 28
93.6 41
93.7 31
93.8 44
93.9 37
94 25
94.1 25
94.2 28
94.3 26
94.4 24
94.5 14
94.6 32
94.7 39
94.8 22
94.9 13
95 27
95.1 33
95.2 36
95.3 22
95.4 27
95.5 12
95.6 6
95.7 5
95.8 2
95.9 8
96 8
96.1 5
96.2 4
96.3 7
96.4 5
96.5 13
96.6 10
96.7 8
96.8 10
96.9 6
97 9
97.1 7
97.2 5
97.3 4
97.4 9
97.5 7
97.6 2
97.7 3
97.8 5
97.9 6
98 1
98.1 4
98.2 4
98.3 5
98.4 8
98.5 10
98.6 4
98.7 3
98.8 8
98.9 11
99 11
99.1 9
99.2 8
99.3 5
99.4 11
99.5 10
99.6 9
99.7 6
99.8 6
99.9 7
100 16
100.1 16
100.2 11
100.3 5
100.4 1
100.5 3
100.6 2
100.7 3
100.8 2
100.9 14
101 5
101.1 4
101.2 4
101.3 4
101.4 2
101.5 4
101.6 6
101.7 4
101.8 3
101.9 5
102 9
102.1 10
102.2 5
102.3 8
102.4 3
102.5 4
102.6 4
102.7 6
102.8 4
102.9 4
103 4
103.1 4
103.2 4
103.3 4
103.4 7
103.5 3
103.6 8
103.7 14
103.8 13
103.9 8
104 5
104.1 7
104.2 6
104.3 5
104.4 6
104.5 8
104.6 5
104.7 7
104.8 5
104.9 14
105 12
105.1 7
105.2 7
105.3 3
105.4 3
105.5 6
105.6 7
105.7 5
105.8 5
105.9 5
106 5
106.1 23
106.2 13
106.3 13
106.4 9
106.5 7
106.6 5
106.7 3
106.8 7
106.9 5
107 4
107.1 4
107.2 4
107.3 4
107.4 4
107.5 5
107.6 6
107.7 6
107.8 8
107.9 14
108 4
108.1 6
108.2 8
108.3 9
108.4 5
108.5 4
108.6 4
108.7 5
108.8 7
108.9 5
109 4
109.1 2
109.2 3
109.3 2
109.4 8
109.5 7
109.6 5
109.7 1
109.8 13
109.9 13
110 10
110.1 7
110.2 4
110.3 5
110.4 11
110.5 10
110.6 7
110.7 5
110.8 3
110.9 4
111 4
111.1 2
111.2 8
111.3 7
111.4 4
111.5 6
111.6 4
111.7 11
111.8 6
111.9 20
112 9
112.1 17
112.2 9
112.3 8
112.4 7
112.5 17
112.6 12
112.7 10
112.8 4
112.9 5
113 7
113.1 3
113.2 6
113.3 6
113.4 8
113.5 7
113.6 4
113.7 16
113.8 9
113.9 11
114 9
114.1 5
114.2 1
114.3 5
114.4 4
114.5 2
114.6 5
114.7 2
114.8 6
114.9 3
115 6
115.1 4
115.2 10
115.3 21
115.4 50
115.5 51
115.6 31
115.7 38
115.8 44
115.9 53
116 39
116.1 21
116.2 26
116.3 32
116.4 39
116.5 26
116.6 23
116.7 29
116.8 46
116.9 44
117 52
117.1 41
117.2 39
117.3 30
117.4 46
117.5 50
117.6 34
117.7 47
117.8 54
117.9 50
118 43
118.1 49
118.2 47
118.3 42
118.4 31
118.5 38
118.6 47
118.7 41
118.8 37
118.9 40
119 32
119.1 34
119.2 35
119.3 54
119.4 56
119.5 52
119.6 59
119.7 55
119.8 36
119.9 36
120 46
120.1 37
120.2 35
120.3 33
120.4 29
120.5 32
120.6 29
120.7 29
120.8 33
120.9 48
121 33
121.1 34
121.2 33
121.3 31
121.4 9
121.5 16
121.6 14
121.7 11
121.8 12
121.9 7
122 3
122.1 4
122.2 3
122.3 6
122.4 3
122.5 2
122.6 2
122.7 12
122.8 8
122.9 8
123 30
123.1 18
123.2 5
123.3 7
123.4 6
123.5 9
123.6 12
123.7 8
123.8 6
123.9 3
124 4
124.1 2
124.2 8
124.3 6
124.4 3
124.5 3
124.6 2
124.7 4
124.8 6
124.9 6
125 3
125.1 6
125.2 6
125.3 7
125.4 7
125.5 9
125.6 6
125.7 5
125.8 7
125.9 6
126 2
126.1 3
126.2 2
126.3 3
126.4 2
126.5 0
126.6 4
126.7 7
126.8 12
126.9 7
127 6
127.1 7
127.2 1
127.3 4
127.4 4
127.5 4
127.6 2
127.7 7
127.8 3
127.9 4
128 1
128.1 4
128.2 4
128.3 3
128.4 4
128.5 5
128.6 4
128.7 4
128.8 6
128.9 4
129 1
129.1 2
129.2 4
129.3 3
129.4 6
129.5 25
129.6 14
129.7 7
129.8 9
129.9 7
130 8
130.1 12
130.2 8
130.3 5
130.4 5
130.5 5
130.6 5
130.7 17
130.8 8
130.9 5
131 7
131.1 6
131.2 10
131.3 6
131.4 7
131.5 6
131.6 2
131.7 3
131.8 3
131.9 4
132 6
132.1 6
132.2 3
132.3 0
132.4 4
132.5 4
132.6 5
132.7 2
132.8 1
132.9 4
133 4
133.1 7
133.2 5
133.3 7
133.4 8
133.5 8
133.6 4
133.7 5
133.8 4
133.9 4
134 4
134.1 4
134.2 3
134.3 2
134.4 10
134.5 10
134.6 5
134.7 6
134.8 8
134.9 9
135 5
135.1 6
135.2 1
135.3 9
135.4 8
135.5 7
135.6 5
135.7 8
135.8 5
135.9 2
136 3
136.1 4
136.2 4
136.3 8
136.4 4
136.5 7
136.6 2
136.7 5
136.8 4
136.9 3
137 3
137.1 8
137.2 6
137.3 4
137.4 5
137.5 2
137.6 7
137.7 4
137.8 4
137.9 5
138 6
138.1 3
138.2 2
138.3 2
138.4 6
138.5 5
138.6 5
138.7 6
138.8 13
138.9 12
139 12
139.1 34
139.2 34
139.3 36
139.4 27
139.5 25
139.6 29
139.7 40
139.8 36
139.9 48
140 50
140.1 35
140.2 54
140.3 43
140.4 47
140.5 49
140.6 33
140.7 37
140.8 53
140.9 50
141 55
141.1 56
141.2 46
141.3 42
141.4 52
141.5 34
141.6 37
141.7 30
141.8 38
141.9 35
142 42
142.1 50
142.2 47
142.3 34
142.4 37
142.5 37
142.6 37
142.7 38
142.8 32
142.9 31
143 44
143.1 45
143.2 44
143.3 41
143.4 33
143.5 39
143.6 38
143.7 33
143.8 39
143.9 42
144 40
144.1 39
144.2 40
144.3 33
144.4 51
144.5 40
144.6 43
144.7 27
144.8 30
144.9 47
145 34
145.1 34
145.2 36
145.3 16
145.4 27
145.5 31
145.6 24
145.7 12
145.8 14
145.9 18
146 16
146.1 7
146.2 4
146.3 1
146.4 5
146.5 6
146.6 4
146.7 5
146.8 4
146.9 2
147 3
147.1 2
147.2 2
147.3 1
147.4 1
147.5 1
147.6 6
147.7 3
147.8 5
147.9 8
148 5
148.1 3
148.2 4
148.3 1
148.4 3
148.5 3
148.6 6
148.7 9
148.8 12
148.9 10
149 4
149.1 5
149.2 6
149.3 6
149.4 0
149.5 1
149.6 3
149.7 5
149.8 9
149.9 8
150 6
150.1 3
150.2 4
150.3 4
150.4 4
150.5 3
150.6 2
150.7 2
150.8 4
150.9 3
151 4
151.1 6
151.2 2
151.3 3
151.4 4
151.5 4
151.6 6
151.7 18
151.8 8
151.9 5
152 4
152.1 4
152.2 4
152.3 3
152.4 4
152.5 4
152.6 5
152.7 5
152.8 4
152.9 0
153 5
153.1 6
153.2 4
153.3 5
153.4 8
153.5 7
153.6 3
153.7 1
153.8 3
153.9 3
154 5
154.1 5
154.2 5
154.3 10
154.4 8
154.5 7
154.6 4
154.7 2
154.8 0
154.9 1
155 5
155.1 2
155.2 2
155.3 5
155.4 3
155.5 9
155.6 6
155.7 3
155.8 17
155.9 10
156 10
156.1 6
156.2 7
156.3 6
156.4 4
156.5 9
156.6 8
156.7 16
156.8 36
156.9 16
157 9
157.1 13
157.2 16
157.3 19
157.4 36
157.5 22
157.6 18
157.7 34
157.8 32
157.9 32
158 47
158.1 37
158.2 42
158.3 38
158.4 41
158.5 37
158.6 42
158.7 35
158.8 38
158.9 34
159 54
159.1 40
159.2 33
159.3 26
159.4 33
159.5 39
159.6 46
159.7 55
159.8 52
159.9 48
160 39
160.1 44
160.2 42
160.3 54
160.4 34
160.5 33
160.6 53
160.7 56
160.8 49
160.9 61
161 47
161.1 45
161.2 44
161.3 58
161.4 49
161.5 38
161.6 43
161.7 52
161.8 35
161.9 35
162 48
162.1 36
162.2 39
162.3 40
162.4 41
162.5 39
162.6 41
162.7 33
162.8 30
162.9 11
163 15
163.1 21
163.2 14
163.3 14
163.4 16
163.5 10
163.6 5
163.7 6
163.8 4
163.9 4
164 6
164.1 5
164.2 3
164.3 3
164.4 4
164.5 4
164.6 3
164.7 3
164.8 4
164.9 4
165 3
165.1 8
165.2 8
165.3 8
165.4 2
165.5 2
165.6 6
165.7 5
165.8 5
165.9 8
166 7
166.1 3
166.2 3
166.3 2
166.4 4
166.5 7
166.6 2
166.7 1
166.8 7
166.9 10
167 10
167.1 6
167.2 6
167.3 7
167.4 23
167.5 14
167.6 12
167.7 6
167.8 4
167.9 5
168 8
168.1 1
168.2 2
168.3 9
168.4 21
168.5 16
168.6 11
168.7 10
168.8 2
168.9 7
169 8
169.1 9
169.2 5
169.3 5
169.4 4
169.5 7
169.6 5
169.7 0
169.8 3
169.9 3
170 8
170.1 6
170.2 2
170.3 2
170.4 2
170.5 5
170.6 5
170.7 4
170.8 6
170.9 4
171 0
171.1 3
171.2 7
171.3 5
171.4 4
171.5 4
171.6 10
171.7 7
171.8 1
171.9 4
172 6
172.1 11
172.2 10
172.3 5
172.4 9
172.5 8
172.6 7
172.7 8
172.8 4
172.9 3
173 4
173.1 5
173.2 7
173.3 4
173.4 4
173.5 4
173.6 5
173.7 9
173.8 6
173.9 11
174 6
174.1 11
174.2 4
174.3 8
174.4 5
174.5 5
174.6 8
174.7 7
174.8 6
174.9 6
175 13
175.1 3
175.2 7
175.3 8
175.4 7
175.5 4
175.6 6
175.7 10
175.8 7
175.9 4
176 1
176.1 2
176.2 1
176.3 8
176.4 3
176.5 7
176.6 7
176.7 4
176.8 8
176.9 7
177 3
177.1 8
177.2 14
177.3 8
177.4 8
177.5 6
177.6 3
177.7 2
177.8 2
177.9 4
178 4
178.1 2
178.2 6
178.3 4
178.4 5
178.5 15
178.6 17
178.7 10
178.8 15
178.9 13
179 22
179.1 41
179.2 24
179.3 15
179.4 29
179.5 19
179.6 15
179.7 28
179.8 33
179.9 22
180 22
180.1 37
180.2 49
180.3 38
180.4 22
180.5 45
180.6 36
180.7 35
180.8 44
180.9 38
181 27
181.1 46
181.2 47
181.3 51
181.4 45
181.5 37
181.6 37
181.7 38
181.8 45
181.9 46
182 39
182.1 37
182.2 47
182.3 37
182.4 37
182.5 35
182.6 35
182.7 28
182.8 33
182.9 40
183 47
183.1 35
183.2 23
183.3 29
183.4 36
183.5 48
183.6 37
183.7 37
183.8 47
183.9 55
184 50
184.1 44
184.2 45
184.3 40
184.4 42
184.5 42
184.6 49
184.7 35
184.8 39
184.9 28
185 27
185.1 19
185.2 9
185.3 8
185.4 6
185.5 4
185.6 32
185.7 25
185.8 8
185.9 4
186 5
186.1 9
186.2 1
186.3 2
186.4 1
186.5 2
186.6 2
186.7 4
186.8 4
186.9 6
187 6
187.1 4
187.2 4
187.3 2
187.4 6
187.5 3
187.6 5
187.7 10
187.8 7
187.9 6
188 4
188.1 6
188.2 9
188.3 5
188.4 2
188.5 6
188.6 6
188.7 5
188.8 7
188.9 4
189 6
189.1 7
189.2 3
189.3 4
189.4 4
189.5 5
189.6 4
189.7 4
189.8 4
189.9 6
190 2
190.1 1
190.2 3
190.3 6
190.4 4
190.5 8
190.6 2
190.7 2
190.8 1
190.9 5
191 3
191.1 5
191.2 5
191.3 3
191.4 7
191.5 8
191.6 6
191.7 4
191.8 5
191.9 2
192 5
192.1 3
192.2 6
192.3 6
192.4 8
192.5 6
192.6 5
192.7 5
192.8 3
192.9 5
193 4
193.1 3
193.2 5
193.3 5
193.4 5
193.5 6
193.6 7
193.7 7
193.8 4
193.9 3
194 3
194.1 7
194.2 7
194.3 3
194.4 6
194.5 9
194.6 6
194.7 6
194.8 7
194.9 5
195 2
195.1 4
195.2 14
195.3 8
195.4 3
195.5 10
195.6 10
195.7 9
195.8 9
195.9 8
196 8
196.1 22
196.2 17
196.3 8
196.4 3
196.5 17
196.6 25
196.7 15
196.8 22
196.9 20
197 11
197.1 8
197.2 7
197.3 16
197.4 21
197.5 9
197.6 14
197.7 35
197.8 20
197.9 19
198 37
198.1 23
198.2 41
198.3 39
198.4 37
198.5 33
198.6 24
198.7 45
198.8 34
198.9 38
199 34
199.1 40
199.2 49
199.3 45
199.4 54
199.5 54
199.6 57
199.7 47
199.8 37
199.9 39
200 49
