0 0
0.1 0
0.2 0
0.3 0
0.4 0
0.5 0
0.6 0
0.7 0
0.8 0
0.9 0
1 1
1.1 0
1.2 1
1.3 1
1.4 1
1.5 1
1.6 0
1.7 0
1.8 1
1.9 0
2 1
2.1 0
2.2 0
2.3 4
2.4 2
2.5 3
2.6 2
2.7 4
2.8 1
2.9 3
3 1
3.1 3
3.2 2
3.3 2
3.4 3
3.5 4
3.6 1
3.7 3
3.8 2
3.9 6
4 5
4.1 4
4.2 6
4.3 7
4.4 7
4.5 3
4.6 8
4.7 6
4.8 2
4.9 6
5 6
5.1 7
5.2 9
5.3 10
5.4 10
5.5 10
5.6 5
5.7 15
5.8 13
5.9 21
6 17
6.1 13
6.2 24
6.3 26
6.4 21
6.5 19
6.6 30
6.7 41
6.8 37
6.9 60
7 84
7.1 131
7.2 191
7.3 301
7.4 391
7.5 488
7.6 569
7.7 634
7.8 698
7.9 770
8 828
8.1 891
8.2 934
8.3 963
8.4 980
8.5 990
8.6 1008
8.7 1034
8.8 1045
8.9 1048
9 1070
9.1 1085
9.2 1095
9.3 1099
9.4 1107
9.5 1104
9.6 1074
9.7 1065
9.8 1061
9.9 1033
10 1044
10.1 1033
10.2 1025
10.3 1015
10.4 1007
10.5 1015
10.6 1006
10.7 1008
10.8 999
10.9 976
11 958
11.1 950
11.2 943
11.3 931
11.4 936
11.5 927
11.6 902
11.7 894
11.8 882
11.9 870
12 870
12.1 859
12.2 844
12.3 814
12.4 794
12.5 780
12.6 776
12.7 784
12.8 763
12.9 755
13 715
13.1 666
13.2 641
13.3 614
13.4 605
13.5 587
13.6 566
13.7 557
13.8 561
13.9 545
14 549
14.1 552
14.2 543
14.3 527
14.4 527
14.5 533
14.6 531
14.7 515
14.8 526
14.9 530
15 536
15.1 530
15.2 519
15.3 513
15.4 511
15.5 509
15.6 488
15.7 486
15.8 463
15.9 465
16 466
16.1 454
16.2 444
16.3 425
16.4 363
16.5 333
16.6 302
16.7 289
16.8 269
16.9 274
17 297
17.1 294
17.2 299
17.3 290
17.4 300
17.5 290
17.6 286
17.7 283
17.8 271
17.9 256
18 253
18.1 253
18.2 248
18.3 236
18.4 235
18.5 244
18.6 256
18.7 254
18.8 246
18.9 211
19 210
19.1 217
19.2 233
19.3 240
19.4 245
19.5 239
19.6 239
19.7 229
19.8 192
19.9 145
20 129
20.1 102
20.2 56
20.3 27
20.4 15
20.5 12
20.6 12
20.7 9
20.8 6
20.9 6
21 7
21.1 6
21.2 2
21.3 3
21.4 4
21.5 2
21.6 3
21.7 2
21.8 2
21.9 3
22 3
22.1 7
22.2 2
22.3 4
22.4 4
22.5 2
22.6 4
22.7 7
22.8 5
22.9 6
23 4
23.1 5
23.2 8
23.3 6
23.4 3
23.5 6
23.6 6
23.7 7
23.8 8
23.9 7
24 10
24.1 6
24.2 13
24.3 7
24.4 11
24.5 9
24.6 9
24.7 11
24.8 16
24.9 17
25 8
25.1 17
25.2 26
25.3 20
25.4 27
25.5 31
25.6 23
25.7 18
25.8 30
25.9 28
26 32
26.1 46
26.2 38
26.3 48
26.4 55
26.5 88
26.6 141
26.7 223
26.8 317
26.9 436
27 563
27.1 643
27.2 736
27.3 838
27.4 926
27.5 988
27.6 1029
27.7 1078
27.8 1116
27.9 1138
28 1147
28.1 1183
28.2 1220
28.3 1225
28.4 1243
28.5 1270
28.6 1270
28.7 1263
28.8 1261
28.9 1250
29 1274
29.1 1270
29.2 1285
29.3 1294
29.4 1305
29.5 1296
29.6 1278
29.7 1261
29.8 1268
29.9 1264
30 1231
30.1 1195
30.2 1173
30.3 1144
30.4 1108
30.5 1083
30.6 1061
30.7 1033
30.8 1007
30.9 980
31 937
31.1 904
31.2 881
31.3 810
31.4 726
31.5 664
31.6 604
31.7 577
31.8 570
31.9 591
32 602
32.1 593
32.2 590
32.3 607
32.4 637
32.5 647
32.6 655
32.7 676
32.8 688
32.9 683
33 675
33.1 662
33.2 632
33.3 623
33.4 627
33.5 642
33.6 635
33.7 630
33.8 629
33.9 610
34 593
34.1 585
34.2 576
34.3 566
34.4 552
34.5 543
34.6 553
34.7 558
34.8 560
34.9 563
35 552
35.1 542
35.2 532
35.3 515
35.4 486
35.5 476
35.6 477
35.7 489
35.8 482
35.9 473
36 459
36.1 440
36.2 436
36.3 435
36.4 409
36.5 383
36.6 374
36.7 361
36.8 359
36.9 336
37 327
37.1 328
37.2 320
37.3 320
37.4 321
37.5 299
37.6 293
37.7 295
37.8 281
37.9 268
38 230
38.1 208
38.2 217
38.3 218
38.4 229
38.5 237
38.6 240
38.7 194
38.8 163
38.9 159
39 167
39.1 177
39.2 202
39.3 217
39.4 219
39.5 227
39.6 225
39.7 220
39.8 209
39.9 189
40 153
40.1 88
40.2 79
40.3 64
40.4 53
40.5 58
40.6 54
40.7 49
40.8 16
40.9 20
41 22
41.1 26
41.2 31
41.3 26
41.4 20
41.5 23
41.6 30
41.7 20
41.8 11
41.9 14
42 13
42.1 15
42.2 14
42.3 11
42.4 9
42.5 12
42.6 8
42.7 12
42.8 16
42.9 13
43 11
43.1 16
43.2 11
43.3 8
43.4 12
43.5 8
43.6 7
43.7 4
43.8 14
43.9 6
44 11
44.1 13
44.2 12
44.3 4
44.4 18
44.5 14
44.6 11
44.7 16
44.8 22
44.9 11
45 20
45.1 22
45.2 17
45.3 22
45.4 9
45.5 15
45.6 25
45.7 18
45.8 24
45.9 23
46 16
46.1 19
46.2 26
46.3 28
46.4 30
46.5 34
46.6 31
46.7 40
46.8 71
46.9 59
47 75
47.1 71
47.2 62
47.3 96
47.4 144
47.5 126
47.6 113
47.7 133
47.8 208
47.9 294
48 403
48.1 479
48.2 574
48.3 654
48.4 738
48.5 839
48.6 904
48.7 949
48.8 997
48.9 1047
49 1067
49.1 1075
49.2 1089
49.3 1113
49.4 1129
49.5 1156
49.6 1164
49.7 1163
49.8 1149
49.9 1160
50 1153
50.1 1144
50.2 1134
50.3 1123
50.4 1098
50.5 1078
50.6 1076
50.7 1063
50.8 1060
50.9 1051
51 1042
51.1 1041
51.2 1015
51.3 1021
51.4 1031
51.5 1025
51.6 1014
51.7 999
51.8 992
51.9 984
52 975
52.1 973
52.2 966
52.3 933
52.4 919
52.5 909
52.6 910
52.7 907
52.8 893
52.9 875
53 865
53.1 849
53.2 807
53.3 787
53.4 747
53.5 721
53.6 708
53.7 712
53.8 718
53.9 688
54 664
54.1 668
54.2 670
54.3 666
54.4 646
54.5 589
54.6 559
54.7 547
54.8 527
54.9 520
55 506
55.1 508
55.2 498
55.3 504
55.4 475
55.5 476
55.6 491
55.7 510
55.8 510
55.9 509
56 505
56.1 492
56.2 490
56.3 480
56.4 459
56.5 454
56.6 459
56.7 449
56.8 445
56.9 443
57 427
57.1 416
57.2 404
57.3 391
57.4 378
57.5 367
57.6 362
57.7 346
57.8 347
57.9 345
58 358
58.1 351
58.2 344
58.3 341
58.4 340
58.5 331
58.6 321
58.7 304
58.8 298
58.9 288
59 274
59.1 277
59.2 280
59.3 278
59.4 250
59.5 242
59.6 249
59.7 240
59.8 230
59.9 198
60 179
60.1 175
60.2 187
60.3 190
60.4 189
60.5 184
60.6 167
60.7 178
60.8 187
60.9 210
61 200
61.1 195
61.2 199
61.3 217
61.4 217
61.5 208
61.6 182
61.7 174
61.8 161
61.9 178
62 172
62.1 165
62.2 142
62.3 133
62.4 136
62.5 125
62.6 126
62.7 128
62.8 117
62.9 76
63 34
63.1 16
63.2 6
63.3 8
63.4 5
63.5 4
63.6 4
63.7 3
63.8 5
63.9 2
64 2
64.1 7
64.2 2
64.3 4
64.4 11
64.5 3
64.6 1
64.7 4
64.8 2
64.9 2
65 3
65.1 7
65.2 7
65.3 5
65.4 7
65.5 5
65.6 5
65.7 10
65.8 6
65.9 8
66 5
66.1 6
66.2 5
66.3 7
66.4 9
66.5 9
66.6 9
66.7 2
66.8 7
66.9 12
67 12
67.1 7
67.2 11
67.3 11
67.4 5
67.5 15
67.6 11
67.7 16
67.8 20
67.9 18
68 17
68.1 12
68.2 19
68.3 24
68.4 43
68.5 59
68.6 99
68.7 131
68.8 205
68.9 271
69 272
69.1 371
69.2 508
69.3 604
69.4 721
69.5 801
69.6 882
69.7 941
69.8 1005
69.9 1042
70 1095
70.1 1144
70.2 1189
70.3 1209
70.4 1244
70.5 1264
70.6 1294
70.7 1298
70.8 1311
70.9 1290
71 1288
71.1 1280
71.2 1271
71.3 1281
71.4 1295
71.5 1273
71.6 1249
71.7 1246
71.8 1238
71.9 1230
72 1203
72.1 1193
72.2 1171
72.3 1153
72.4 1154
72.5 1123
72.6 1106
72.7 1075
72.8 1037
72.9 1018
73 1000
73.1 947
73.2 920
73.3 903
73.4 895
73.5 901
73.6 907
73.7 907
73.8 883
73.9 875
74 894
74.1 888
74.2 853
74.3 791
74.4 774
74.5 769
74.6 765
74.7 738
74.8 727
74.9 728
75 736
75.1 730
75.2 700
75.3 691
75.4 697
75.5 698
75.6 716
75.7 715
75.8 716
75.9 707
76 693
76.1 684
76.2 687
76.3 688
76.4 704
76.5 702
76.6 675
76.7 664
76.8 658
76.9 633
77 629
77.1 531
77.2 464
77.3 428
77.4 424
77.5 415
77.6 425
77.7 399
77.8 371
77.9 355
78 375
78.1 400
78.2 405
78.3 421
78.4 433
78.5 422
78.6 416
78.7 428
78.8 416
78.9 405
79 407
79.1 423
79.2 424
79.3 423
79.4 401
79.5 382
79.6 363
79.7 277
79.8 252
79.9 242
80 239
80.1 258
80.2 261
80.3 271
80.4 288
80.5 309
80.6 310
80.7 310
80.8 328
80.9 339
81 337
81.1 324
81.2 340
81.3 350
81.4 368
81.5 382
81.6 387
81.7 376
81.8 356
81.9 319
82 316
82.1 319
82.2 321
82.3 322
82.4 321
82.5 311
82.6 300
82.7 297
82.8 298
82.9 294
83 216
83.1 139
83.2 120
83.3 123
83.4 120
83.5 142
83.6 168
83.7 187
83.8 197
83.9 216
84 220
84.1 210
84.2 198
84.3 202
84.4 200
84.5 193
84.6 192
84.7 187
84.8 99
84.9 76
85 83
85.1 102
85.2 124
85.3 158
85.4 171
85.5 189
85.6 189
85.7 184
85.8 185
85.9 184
86 189
86.1 187
86.2 192
86.3 195
86.4 201
86.5 212
86.6 223
86.7 220
86.8 236
86.9 237
87 240
87.1 244
87.2 240
87.3 236
87.4 234
87.5 217
87.6 210
87.7 195
87.8 202
87.9 189
88 194
88.1 189
88.2 181
88.3 114
88.4 57
88.5 38
88.6 30
88.7 19
88.8 8
88.9 7
89 7
89.1 3
89.2 3
89.3 4
89.4 2
89.5 5
89.6 1
89.7 3
89.8 2
89.9 3
90 4
90.1 3
90.2 0
90.3 2
90.4 2
90.5 2
90.6 6
90.7 3
90.8 4
90.9 3
91 4
91.1 6
91.2 4
91.3 4
91.4 5
91.5 3
91.6 7
91.7 3
91.8 4
91.9 3
92 7
92.1 8
92.2 4
92.3 9
92.4 9
92.5 6
92.6 9
92.7 9
92.8 13
92.9 10
93 11
93.1 12
93.2 13
93.3 15
93.4 10
93.5 16
93.6 14
93.7 17
93.8 14
93.9 19
94 26
94.1 22
94.2 28
94.3 38
94.4 46
94.5 74
94.6 98
94.7 99
94.8 109
94.9 137
95 178
95.1 211
95.2 183
95.3 197
95.4 199
95.5 219
95.6 315
95.7 456
95.8 555
95.9 666
96 722
96.1 773
96.2 835
96.3 894
96.4 921
96.5 959
96.6 964
96.7 972
96.8 979
96.9 986
97 1016
97.1 1028
97.2 1029
97.3 1052
97.4 1070
97.5 1050
97.6 1066
97.7 1080
97.8 1085
97.9 1084
98 1093
98.1 1097
98.2 1111
98.3 1107
98.4 1098
98.5 1068
98.6 1060
98.7 1052
98.8 1049
98.9 1035
99 991
99.1 955
99.2 951
99.3 925
99.4 905
99.5 864
99.6 831
99.7 826
99.8 832
99.9 831
100 821
100.1 792
100.2 741
100.3 734
100.4 736
100.5 751
100.6 760
100.7 771
100.8 765
100.9 772
101 736
101.1 735
101.2 736
101.3 712
101.4 713
101.5 717
101.6 703
101.7 688
101.8 680
101.9 679
102 652
102.1 638
102.2 610
102.3 599
102.4 597
102.5 602
102.6 594
102.7 585
102.8 576
102.9 572
103 557
103.1 550
103.2 539
103.3 542
103.4 550
103.5 532
103.6 517
103.7 479
103.8 384
103.9 339
104 325
104.1 340
104.2 338
104.3 349
104.4 342
104.5 342
104.6 342
104.7 345
104.8 338
104.9 314
105 282
105.1 268
105.2 272
105.3 271
105.4 283
105.5 294
105.6 291
105.7 277
105.8 280
105.9 272
106 262
106.1 259
106.2 195
106.3 163
106.4 137
106.5 131
106.6 143
106.7 159
106.8 177
106.9 185
107 197
107.1 215
107.2 224
107.3 242
107.4 250
107.5 258
107.6 278
107.7 273
107.8 276
107.9 256
108 246
108.1 248
108.2 255
108.3 221
108.4 221
108.5 212
108.6 222
108.7 227
108.8 230
108.9 232
109 229
109.1 249
109.2 249
109.3 250
109.4 239
109.5 226
109.6 217
109.7 227
109.8 212
109.9 192
110 171
110.1 153
110.2 145
110.3 149
110.4 156
110.5 134
110.6 134
110.7 144
110.8 166
110.9 190
111 188
111.1 199
111.2 220
111.3 210
111.4 219
111.5 220
111.6 226
111.7 216
111.8 203
111.9 148
112 112
112.1 94
112.2 82
112.3 89
112.4 96
112.5 102
112.6 85
112.7 83
112.8 90
112.9 96
113 109
113.1 116
113.2 135
113.3 147
113.4 151
113.5 142
113.6 153
113.7 156
113.8 120
113.9 121
114 132
114.1 118
114.2 133
114.3 157
114.4 174
114.5 190
114.6 205
114.7 214
114.8 227
114.9 245
115 241
115.1 246
115.2 237
115.3 214
115.4 120
115.5 45
115.6 14
115.7 11
115.8 12
115.9 10
116 8
116.1 4
116.2 5
116.3 6
116.4 6
116.5 13
116.6 6
116.7 7
116.8 3
116.9 10
117 4
117.1 5
117.2 3
117.3 7
117.4 5
117.5 6
117.6 4
117.7 7
117.8 6
117.9 5
118 6
118.1 6
118.2 5
118.3 12
118.4 9
118.5 5
118.6 10
118.7 14
118.8 9
118.9 7
119 16
119.1 15
119.2 12
119.3 10
119.4 8
119.5 8
119.6 13
119.7 8
119.8 12
119.9 11
120 15
120.1 8
120.2 16
120.3 17
120.4 18
120.5 26
120.6 25
120.7 24
120.8 45
120.9 32
121 36
121.1 34
121.2 51
121.3 68
121.4 80
121.5 151
121.6 237
121.7 355
121.8 472
121.9 588
122 714
122.1 823
122.2 890
122.3 956
122.4 1006
122.5 1100
122.6 1142
122.7 1167
122.8 1168
122.9 1170
123 1158
123.1 1089
123.2 1108
123.3 1125
123.4 1139
123.5 1149
123.6 1135
123.7 1138
123.8 1158
123.9 1171
124 1194
124.1 1220
124.2 1215
124.3 1212
124.4 1201
124.5 1211
124.6 1217
124.7 1214
124.8 1199
124.9 1193
125 1196
125.1 1189
125.2 1167
125.3 1146
125.4 1142
125.5 1120
125.6 1098
125.7 1080
125.8 1063
125.9 1035
126 1029
126.1 1024
126.2 1023
126.3 1017
126.4 1014
126.5 1012
126.6 1005
126.7 984
126.8 964
126.9 915
127 882
127.1 859
127.2 854
127.3 859
127.4 848
127.5 839
127.6 816
127.7 798
127.8 780
127.9 768
128 756
128.1 750
128.2 743
128.3 741
128.4 744
128.5 728
128.6 717
128.7 689
128.8 677
128.9 663
129 657
129.1 656
129.2 639
129.3 633
129.4 616
129.5 575
129.6 518
129.7 484
129.8 456
129.9 443
130 401
130.1 384
130.2 367
130.3 370
130.4 369
130.5 368
130.6 370
130.7 349
130.8 322
130.9 321
131 311
131.1 288
131.2 278
131.3 276
131.4 276
131.5 257
131.6 253
131.7 283
131.8 290
131.9 296
132 298
132.1 311
132.2 308
132.3 318
132.4 340
132.5 359
132.6 344
132.7 338
132.8 349
132.9 346
133 348
133.1 339
133.2 324
133.3 312
133.4 307
133.5 278
133.6 263
133.7 254
133.8 253
133.9 250
134 244
134.1 226
134.2 227
134.3 247
134.4 265
134.5 238
134.6 222
134.7 215
134.8 214
134.9 200
135 206
135.1 182
135.2 188
135.3 205
135.4 181
135.5 160
135.6 141
135.7 133
135.8 134
135.9 137
136 142
136.1 149
136.2 156
136.3 160
136.4 143
136.5 140
136.6 148
136.7 132
136.8 126
136.9 128
137 138
137.1 144
137.2 136
137.3 140
137.4 142
137.5 148
137.6 149
137.7 141
137.8 136
137.9 145
138 137
138.1 129
138.2 128
138.3 138
138.4 153
138.5 151
138.6 146
138.7 144
138.8 136
138.9 104
139 78
139.1 51
139.2 13
139.3 7
139.4 6
139.5 4
139.6 4
139.7 0
139.8 0
139.9 2
140 4
140.1 4
140.2 2
140.3 4
140.4 1
140.5 1
140.6 2
140.7 2
140.8 2
140.9 4
141 1
141.1 2
141.2 1
141.3 1
141.4 6
141.5 5
141.6 5
141.7 3
141.8 5
141.9 4
142 7
142.1 3
142.2 5
142.3 6
142.4 7
142.5 4
142.6 10
142.7 10
142.8 15
142.9 7
143 7
143.1 7
143.2 10
143.3 8
143.4 13
143.5 9
143.6 4
143.7 7
143.8 20
143.9 8
144 8
144.1 12
144.2 11
144.3 14
144.4 19
144.5 13
144.6 12
144.7 10
144.8 18
144.9 13
145 9
145.1 18
145.2 17
145.3 26
145.4 35
145.5 57
145.6 64
145.7 81
145.8 108
145.9 185
146 242
146.1 314
146.2 413
146.3 527
146.4 605
146.5 684
146.6 761
146.7 815
146.8 898
146.9 972
147 1027
147.1 1075
147.2 1120
147.3 1166
147.4 1181
147.5 1206
147.6 1210
147.7 1211
147.8 1211
147.9 1206
148 1179
148.1 1188
148.2 1194
148.3 1194
148.4 1207
148.5 1195
148.6 1190
148.7 1156
148.8 1138
148.9 1104
149 1089
149.1 1068
149.2 1062
149.3 1052
149.4 1039
149.5 1056
149.6 1041
149.7 1030
149.8 997
149.9 940
150 926
150.1 919
150.2 893
150.3 882
150.4 863
150.5 856
150.6 858
150.7 853
150.8 848
150.9 822
151 809
151.1 806
151.2 800
151.3 797
151.4 781
151.5 756
151.6 750
151.7 720
151.8 656
151.9 660
152 649
152.1 654
152.2 660
152.3 653
152.4 658
152.5 650
152.6 646
152.7 621
152.8 609
152.9 595
153 590
153.1 594
153.2 586
153.3 564
153.4 551
153.5 521
153.6 519
153.7 514
153.8 506
153.9 500
154 496
154.1 477
154.2 457
154.3 441
154.4 418
154.5 397
154.6 392
154.7 382
154.8 389
154.9 389
155 394
155.1 392
155.2 395
155.3 403
155.4 394
155.5 393
155.6 369
155.7 356
155.8 337
155.9 283
156 252
156.1 240
156.2 254
156.3 240
156.4 215
156.5 208
156.6 196
156.7 171
156.8 111
156.9 52
157 34
157.1 45
157.2 48
157.3 37
157.4 32
157.5 12
157.6 14
157.7 10
157.8 11
157.9 5
158 2
158.1 4
158.2 6
158.3 6
158.4 4
158.5 6
158.6 4
158.7 3
158.8 5
158.9 4
159 5
159.1 4
159.2 5
159.3 4
159.4 6
159.5 7
159.6 2
159.7 10
159.8 9
159.9 8
160 6
160.1 8
160.2 8
160.3 7
160.4 10
160.5 7
160.6 7
160.7 9
160.8 6
160.9 6
161 16
161.1 11
161.2 12
161.3 10
161.4 9
161.5 11
161.6 9
161.7 9
161.8 7
161.9 8
162 14
162.1 15
162.2 18
162.3 7
162.4 24
162.5 22
162.6 17
162.7 17
162.8 17
162.9 30
163 48
163.1 71
163.2 114
163.3 181
163.4 246
163.5 320
163.6 429
163.7 554
163.8 652
163.9 776
164 871
164.1 933
164.2 1001
164.3 1065
164.4 1097
164.5 1149
164.6 1182
164.7 1209
164.8 1243
164.9 1277
165 1280
165.1 1292
165.2 1269
165.3 1260
165.4 1274
165.5 1264
165.6 1270
165.7 1270
165.8 1269
165.9 1252
166 1232
166.1 1224
166.2 1235
166.3 1223
166.4 1220
166.5 1213
166.6 1217
166.7 1232
166.8 1218
166.9 1187
167 1152
167.1 1117
167.2 1091
167.3 1080
167.4 1026
167.5 944
167.6 909
167.7 885
167.8 887
167.9 893
168 877
168.1 884
168.2 917
168.3 924
168.4 841
168.5 762
168.6 725
168.7 698
168.8 705
168.9 675
169 662
169.1 653
169.2 657
169.3 669
169.4 672
169.5 691
169.6 686
169.7 694
169.8 694
169.9 707
170 695
170.1 669
170.2 662
170.3 679
170.4 683
170.5 667
170.6 652
170.7 635
170.8 650
170.9 644
171 631
171.1 631
171.2 610
171.3 591
171.4 586
171.5 567
171.6 548
171.7 530
171.8 525
171.9 526
172 528
172.1 511
172.2 468
172.3 450
172.4 420
172.5 404
172.6 380
172.7 370
172.8 362
172.9 369
173 374
173.1 378
173.2 359
173.3 344
173.4 353
173.5 343
173.6 350
173.7 330
173.8 321
173.9 314
174 309
174.1 310
174.2 301
174.3 301
174.4 297
174.5 303
174.6 297
174.7 293
174.8 275
174.9 259
175 256
175.1 244
175.2 267
175.3 262
175.4 248
175.5 250
175.6 253
175.7 249
175.8 229
175.9 230
176 239
176.1 249
176.2 259
176.3 262
176.4 243
176.5 245
176.6 238
176.7 241
176.8 245
176.9 227
177 209
177.1 208
177.2 161
177.3 120
177.4 119
177.5 126
177.6 137
177.7 152
177.8 163
177.9 164
178 180
178.1 183
178.2 191
178.3 185
178.4 182
178.5 155
178.6 107
178.7 75
178.8 48
178.9 47
179 41
179.1 23
179.2 10
179.3 14
179.4 9
179.5 6
179.6 5
179.7 6
179.8 9
179.9 12
180 8
180.1 6
180.2 3
180.3 7
180.4 5
180.5 10
180.6 9
180.7 4
180.8 6
180.9 7
181 10
181.1 6
181.2 5
181.3 3
181.4 10
181.5 6
181.6 3
181.7 5
181.8 11
181.9 5
182 9
182.1 8
182.2 5
182.3 10
182.4 8
182.5 1
182.6 10
182.7 9
182.8 6
182.9 12
183 9
183.1 10
183.2 15
183.3 13
183.4 12
183.5 18
183.6 10
183.7 13
183.8 14
183.9 11
184 23
184.1 18
184.2 14
184.3 18
184.4 25
184.5 13
184.6 23
184.7 15
184.8 31
184.9 25
185 38
185.1 67
185.2 83
185.3 169
185.4 301
185.5 433
185.6 497
185.7 466
185.8 504
185.9 624
186 744
186.1 821
186.2 902
186.3 978
186.4 1062
186.5 1112
186.6 1166
186.7 1217
186.8 1272
186.9 1303
187 1312
187.1 1322
187.2 1353
187.3 1362
187.4 1360
187.5 1355
187.6 1362
187.7 1347
187.8 1319
187.9 1300
188 1306
188.1 1301
188.2 1297
188.3 1262
188.4 1264
188.5 1251
188.6 1236
188.7 1223
188.8 1204
188.9 1189
189 1184
189.1 1157
189.2 1146
189.3 1134
189.4 1113
189.5 1084
189.6 1088
189.7 1070
189.8 1057
189.9 1033
190 1001
190.1 990
190.2 973
190.3 949
190.4 937
190.5 920
190.6 907
190.7 917
190.8 907
190.9 904
191 869
191.1 862
191.2 831
191.3 800
191.4 794
191.5 758
191.6 739
191.7 728
191.8 725
191.9 705
192 703
192.1 687
192.2 666
192.3 645
192.4 613
192.5 590
192.6 582
192.7 573
192.8 568
192.9 569
193 575
193.1 565
193.2 563
193.3 531
193.4 523
193.5 507
193.6 484
193.7 452
193.8 441
193.9 435
194 441
194.1 439
194.2 418
194.3 407
194.4 408
194.5 366
194.6 347
194.7 342
194.8 326
194.9 328
195 332
195.1 336
195.2 328
195.3 287
195.4 282
195.5 293
195.6 258
195.7 242
195.8 228
195.9 215
196 197
196.1 198
196.2 135
196.3 116
196.4 125
196.5 145
196.6 108
196.7 48
196.8 37
196.9 23
197 19
197.1 17
197.2 33
197.3 39
197.4 38
197.5 42
197.6 40
197.7 50
197.8 25
197.9 25
198 16
198.1 9
198.2 15
198.3 6
198.4 10
198.5 12
198.6 11
198.7 3
198.8 4
198.9 8
199 7
199.1 5
199.2 10
199.3 5
199.4 4
199.5 4
199.6 10
199.7 9
199.8 7
199.9 7
200 8
