0 0
0.1 10
0.2 20
0.3 23
0.4 70
0.5 125
0.6 155
0.7 230
0.8 419
0.9 573
1 666
1.1 739
1.2 837
1.3 920
1.4 988
1.5 1044
1.6 1122
1.7 1120
1.8 1169
1.9 1228
2 1268
2.1 1359
2.2 1509
2.3 1598
2.4 1636
2.5 1690
2.6 1739
2.7 1807
2.8 1767
2.9 1762
3 1791
3.1 1797
3.2 1680
3.3 1644
3.4 1587
3.5 1559
3.6 1561
3.7 1518
3.8 1516
3.9 1489
4 1404
4.1 1407
4.2 1377
4.3 1382
4.4 1341
4.5 1302
4.6 1311
4.7 1286
4.8 1284
4.9 1217
5 1141
5.1 1093
5.2 1068
5.3 1031
5.4 921
5.5 878
5.6 860
5.7 851
5.8 842
5.9 797
6 755
6.1 739
6.2 799
6.3 860
6.4 832
6.5 783
6.6 741
6.7 760
6.8 724
6.9 640
7 569
7.1 524
7.2 474
7.3 404
7.4 303
7.5 229
7.6 205
7.7 153
7.8 65
7.9 33
8 41
8.1 22
8.2 4
8.3 1
8.4 6
8.5 1
8.6 2
8.7 3
8.8 1
8.9 0
9 2
9.1 0
9.2 1
9.3 2
9.4 0
9.5 1
9.6 3
9.7 0
9.8 1
9.9 1
10 1
10.1 2
10.2 1
10.3 3
10.4 0
10.5 3
10.6 1
10.7 4
10.8 0
10.9 1
11 1
11.1 1
11.2 0
11.3 3
11.4 1
11.5 2
11.6 5
11.7 0
11.8 0
11.9 4
12 2
12.1 2
12.2 0
12.3 1
12.4 0
12.5 1
12.6 2
12.7 3
12.8 3
12.9 1
13 1
13.1 0
13.2 1
13.3 2
13.4 1
13.5 1
13.6 2
13.7 2
13.8 2
13.9 1
14 2
14.1 2
14.2 0
14.3 0
14.4 3
14.5 3
14.6 3
14.7 2
14.8 2
14.9 6
15 2
15.1 1
15.2 0
15.3 3
15.4 2
15.5 1
15.6 3
15.7 1
15.8 2
15.9 2
16 3
16.1 0
16.2 1
16.3 1
16.4 3
16.5 2
16.6 2
16.7 3
16.8 0
16.9 1
17 3
17.1 1
17.2 7
17.3 5
17.4 4
17.5 5
17.6 6
17.7 7
17.8 6
17.9 3
18 2
18.1 1
18.2 4
18.3 5
18.4 0
18.5 6
18.6 7
18.7 5
18.8 11
18.9 0
19 5
19.1 6
19.2 4
19.3 9
19.4 1
19.5 6
19.6 4
19.7 3
19.8 3
19.9 2
20 5
20.1 9
20.2 5
20.3 5
20.4 22
20.5 8
20.6 20
20.7 14
20.8 11
20.9 9
21 21
21.1 12
21.2 12
21.3 4
21.4 6
21.5 6
21.6 8
21.7 6
21.8 8
21.9 7
22 18
22.1 23
22.2 33
22.3 49
22.4 24
22.5 30
22.6 100
22.7 232
22.8 334
22.9 409
23 434
23.1 523
23.2 552
23.3 626
23.4 709
23.5 710
23.6 744
23.7 744
23.8 808
23.9 905
24 960
24.1 970
24.2 991
24.3 1043
24.4 1068
24.5 1119
24.6 1174
24.7 1182
24.8 1181
24.9 1224
25 1270
25.1 1307
25.2 1338
25.3 1340
25.4 1292
25.5 1285
25.6 1280
25.7 1307
25.8 1328
25.9 1332
26 1310
26.1 1257
26.2 1207
26.3 1109
26.4 1009
26.5 954
26.6 883
26.7 842
26.8 914
26.9 855
27 833
27.1 789
27.2 687
27.3 606
27.4 521
27.5 502
27.6 497
27.7 437
27.8 487
27.9 466
28 444
28.1 500
28.2 497
28.3 477
28.4 471
28.5 449
28.6 401
28.7 309
28.8 203
28.9 154
29 139
29.1 82
29.2 54
29.3 27
29.4 6
29.5 3
29.6 4
29.7 3
29.8 2
29.9 6
30 0
30.1 0
30.2 1
30.3 0
30.4 0
30.5 0
30.6 2
30.7 4
30.8 2
30.9 1
31 3
31.1 2
31.2 0
31.3 0
31.4 2
31.5 4
31.6 2
31.7 1
31.8 0
31.9 1
32 0
32.1 1
32.2 3
32.3 2
32.4 0
32.5 2
32.6 2
32.7 2
32.8 0
32.9 1
33 3
33.1 0
33.2 1
33.3 1
33.4 1
33.5 0
33.6 3
33.7 6
33.8 1
33.9 0
34 6
34.1 0
34.2 2
34.3 4
34.4 2
34.5 4
34.6 2
34.7 4
34.8 2
34.9 1
35 4
35.1 0
35.2 3
35.3 2
35.4 1
35.5 1
35.6 0
35.7 4
35.8 2
35.9 5
36 2
36.1 3
36.2 4
36.3 4
36.4 3
36.5 4
36.6 3
36.7 2
36.8 1
36.9 1
37 2
37.1 3
37.2 4
37.3 5
37.4 5
37.5 7
37.6 2
37.7 5
37.8 10
37.9 4
38 4
38.1 4
38.2 4
38.3 5
38.4 2
38.5 10
38.6 3
38.7 5
38.8 5
38.9 5
39 4
39.1 2
39.2 4
39.3 8
39.4 2
39.5 4
39.6 4
39.7 3
39.8 6
39.9 8
40 9
40.1 5
40.2 7
40.3 14
40.4 12
40.5 11
40.6 3
40.7 7
40.8 9
40.9 9
41 5
41.1 2
41.2 0
41.3 5
41.4 8
41.5 2
41.6 6
41.7 3
41.8 5
41.9 3
42 8
42.1 6
42.2 4
42.3 2
42.4 2
42.5 3
42.6 1
42.7 10
42.8 4
42.9 4
43 18
43.1 17
43.2 18
43.3 11
43.4 37
43.5 62
43.6 137
43.7 241
43.8 303
43.9 321
44 391
44.1 436
44.2 469
44.3 488
44.4 532
44.5 597
44.6 657
44.7 745
44.8 891
44.9 966
45 1044
45.1 1093
45.2 1106
45.3 1135
45.4 1199
45.5 1257
45.6 1298
45.7 1232
45.8 1242
45.9 1265
46 1194
46.1 1192
46.2 1196
46.3 1207
46.4 1170
46.5 1130
46.6 1107
46.7 1102
46.8 1083
46.9 1113
47 1137
47.1 1174
47.2 1194
47.3 1181
47.4 1096
47.5 1067
47.6 1015
47.7 986
47.8 947
47.9 918
48 930
48.1 912
48.2 929
48.3 888
48.4 818
48.5 782
48.6 729
48.7 692
48.8 657
48.9 593
49 561
49.1 557
49.2 523
49.3 507
49.4 399
49.5 307
49.6 221
49.7 157
49.8 139
49.9 66
50 35
50.1 14
50.2 5
50.3 1
50.4 1
50.5 4
50.6 0
50.7 2
50.8 5
50.9 1
51 3
51.1 3
51.2 0
51.3 1
51.4 1
51.5 1
51.6 0
51.7 1
51.8 1
51.9 1
52 1
52.1 2
52.2 1
52.3 0
52.4 1
52.5 1
52.6 0
52.7 0
52.8 1
52.9 2
53 3
53.1 0
53.2 0
53.3 0
53.4 1
53.5 2
53.6 1
53.7 1
53.8 4
53.9 0
54 1
54.1 0
54.2 2
54.3 0
54.4 1
54.5 1
54.6 3
54.7 4
54.8 2
54.9 2
55 2
55.1 1
55.2 6
55.3 1
55.4 1
55.5 0
55.6 2
55.7 1
55.8 0
55.9 2
56 6
56.1 2
56.2 3
56.3 4
56.4 2
56.5 3
56.6 2
56.7 6
56.8 6
56.9 14
57 15
57.1 9
57.2 7
57.3 7
57.4 11
57.5 5
57.6 8
57.7 7
57.8 4
57.9 4
58 9
58.1 5
58.2 1
58.3 0
58.4 11
58.5 15
58.6 6
58.7 7
58.8 2
58.9 2
59 5
59.1 8
59.2 5
59.3 7
59.4 2
59.5 8
59.6 1
59.7 7
59.8 5
59.9 2
60 1
60.1 8
60.2 10
60.3 5
60.4 8
60.5 5
60.6 4
60.7 7
60.8 2
60.9 3
61 7
61.1 9
61.2 3
61.3 2
61.4 7
61.5 3
61.6 8
61.7 13
61.8 7
61.9 18
62 5
62.1 4
62.2 7
62.3 4
62.4 5
62.5 8
62.6 6
62.7 5
62.8 6
62.9 7
63 4
63.1 5
63.2 17
63.3 15
63.4 10
63.5 6
63.6 9
63.7 4
63.8 7
63.9 11
64 38
64.1 16
64.2 30
64.3 29
64.4 17
64.5 12
64.6 5
64.7 8
64.8 7
64.9 4
65 9
65.1 19
65.2 13
65.3 4
65.4 13
65.5 8
65.6 3
65.7 17
65.8 41
65.9 110
66 152
66.1 175
66.2 255
66.3 261
66.4 336
66.5 362
66.6 437
66.7 494
66.8 538
66.9 588
67 658
67.1 686
67.2 746
67.3 793
67.4 815
67.5 874
67.6 939
67.7 995
67.8 1085
67.9 1062
68 1100
68.1 1129
68.2 1122
68.3 1095
68.4 1099
68.5 1160
68.6 1254
68.7 1329
68.8 1351
68.9 1375
69 1383
69.1 1368
69.2 1344
69.3 1308
69.4 1281
69.5 1259
69.6 1209
69.7 1106
69.8 1026
69.9 985
70 980
70.1 925
70.2 867
70.3 826
70.4 761
70.5 757
70.6 737
70.7 697
70.8 739
70.9 734
71 733
71.1 745
71.2 707
71.3 639
71.4 526
71.5 409
71.6 287
71.7 184
71.8 82
71.9 63
72 17
72.1 9
72.2 6
72.3 4
72.4 4
72.5 3
72.6 4
72.7 2
72.8 0
72.9 3
73 2
73.1 4
73.2 3
73.3 1
73.4 3
73.5 4
73.6 4
73.7 0
73.8 5
73.9 3
74 3
74.1 0
74.2 0
74.3 0
74.4 1
74.5 0
74.6 0
74.7 4
74.8 0
74.9 0
75 4
75.1 2
75.2 0
75.3 3
75.4 1
75.5 3
75.6 2
75.7 0
75.8 6
75.9 1
76 0
76.1 3
76.2 1
76.3 0
76.4 4
76.5 0
76.6 1
76.7 0
76.8 3
76.9 1
77 3
77.1 1
77.2 0
77.3 3
77.4 3
77.5 2
77.6 2
77.7 5
77.8 0
77.9 2
78 1
78.1 3
78.2 1
78.3 0
78.4 0
78.5 1
78.6 9
78.7 4
78.8 2
78.9 5
79 17
79.1 3
79.2 6
79.3 4
79.4 1
79.5 4
79.6 6
79.7 4
79.8 5
79.9 2
80 2
80.1 0
80.2 2
80.3 3
80.4 4
80.5 4
80.6 3
80.7 2
80.8 1
80.9 1
81 0
81.1 2
81.2 2
81.3 4
81.4 2
81.5 6
81.6 5
81.7 1
81.8 3
81.9 5
82 5
82.1 5
82.2 5
82.3 0
82.4 2
82.5 2
82.6 2
82.7 3
82.8 2
82.9 3
83 3
83.1 4
83.2 3
83.3 2
83.4 3
83.5 8
83.6 4
83.7 5
83.8 4
83.9 3
84 9
84.1 14
84.2 5
84.3 8
84.4 10
84.5 7
84.6 12
84.7 7
84.8 3
84.9 15
85 6
85.1 8
85.2 10
85.3 12
85.4 12
85.5 6
85.6 19
85.7 10
85.8 7
85.9 6
86 5
86.1 1
86.2 2
86.3 4
86.4 6
86.5 18
86.6 10
86.7 12
86.8 4
86.9 7
87 2
87.1 4
87.2 7
87.3 7
87.4 6
87.5 16
87.6 18
87.7 10
87.8 3
87.9 8
88 7
88.1 3
88.2 25
88.3 69
88.4 111
88.5 160
88.6 193
88.7 205
88.8 293
88.9 333
89 386
89.1 430
89.2 467
89.3 631
89.4 734
89.5 803
89.6 872
89.7 924
89.8 933
89.9 942
90 948
90.1 961
90.2 899
90.3 885
90.4 905
90.5 988
90.6 1009
90.7 989
90.8 1028
90.9 1043
91 1015
91.1 1009
91.2 995
91.3 997
91.4 971
91.5 950
91.6 943
91.7 910
91.8 868
91.9 791
92 725
92.1 680
92.2 684
92.3 660
92.4 651
92.5 615
92.6 619
92.7 642
92.8 698
92.9 742
93 737
93.1 704
93.2 702
93.3 676
93.4 615
93.5 540
93.6 438
93.7 379
93.8 350
93.9 277
94 200
94.1 159
94.2 76
94.3 17
94.4 3
94.5 11
94.6 2
94.7 0
94.8 3
94.9 2
95 0
95.1 0
95.2 4
95.3 2
95.4 0
95.5 0
95.6 2
95.7 2
95.8 1
95.9 2
96 3
96.1 1
96.2 1
96.3 0
96.4 0
96.5 0
96.6 0
96.7 2
96.8 0
96.9 0
97 1
97.1 0
97.2 1
97.3 0
97.4 1
97.5 0
97.6 5
97.7 0
97.8 6
97.9 0
98 2
98.1 4
98.2 2
98.3 3
98.4 3
98.5 4
98.6 1
98.7 1
98.8 2
98.9 1
99 0
99.1 1
99.2 0
99.3 1
99.4 1
99.5 1
99.6 3
99.7 0
99.8 3
99.9 2
100 2
100.1 1
100.2 4
100.3 3
100.4 2
100.5 1
100.6 1
100.7 0
100.8 2
100.9 6
101 2
101.1 3
101.2 9
101.3 8
101.4 2
101.5 3
101.6 0
101.7 1
101.8 2
101.9 5
102 8
102.1 7
102.2 3
102.3 4
102.4 0
102.5 3
102.6 2
102.7 2
102.8 9
102.9 3
103 3
103.1 6
103.2 3
103.3 3
103.4 3
103.5 3
103.6 0
103.7 2
103.8 3
103.9 0
104 3
104.1 3
104.2 3
104.3 1
104.4 1
104.5 0
104.6 3
104.7 0
104.8 2
104.9 3
105 9
105.1 5
105.2 1
105.3 2
105.4 7
105.5 6
105.6 2
105.7 4
105.8 2
105.9 5
106 28
106.1 16
106.2 7
106.3 4
106.4 4
106.5 3
106.6 2
106.7 4
106.8 7
106.9 12
107 8
107.1 23
107.2 26
107.3 34
107.4 87
107.5 87
107.6 80
107.7 89
107.8 150
107.9 245
108 336
108.1 386
108.2 417
108.3 464
108.4 506
108.5 610
108.6 674
108.7 678
108.8 731
108.9 841
109 899
109.1 996
109.2 1096
109.3 1149
109.4 1173
109.5 1170
109.6 1232
109.7 1309
109.8 1333
109.9 1362
110 1337
110.1 1307
110.2 1323
110.3 1284
110.4 1336
110.5 1358
110.6 1305
110.7 1227
110.8 1197
110.9 1178
111 1158
111.1 1092
111.2 1039
111.3 970
111.4 914
111.5 879
111.6 823
111.7 808
111.8 781
111.9 683
112 662
112.1 596
112.2 506
112.3 477
112.4 448
112.5 464
112.6 412
112.7 314
112.8 247
112.9 187
113 152
113.1 176
113.2 157
113.3 97
113.4 37
113.5 34
113.6 9
113.7 7
113.8 2
113.9 2
114 2
114.1 0
114.2 0
114.3 1
114.4 1
114.5 2
114.6 2
114.7 2
114.8 2
114.9 4
115 1
115.1 1
115.2 0
115.3 1
115.4 1
115.5 1
115.6 0
115.7 1
115.8 1
115.9 2
116 0
116.1 0
116.2 0
116.3 1
116.4 2
116.5 3
116.6 2
116.7 1
116.8 0
116.9 1
117 1
117.1 1
117.2 1
117.3 1
117.4 2
117.5 1
117.6 0
117.7 1
117.8 0
117.9 9
118 5
118.1 1
118.2 0
118.3 1
118.4 0
118.5 0
118.6 1
118.7 1
118.8 2
118.9 3
119 1
119.1 5
119.2 3
119.3 3
119.4 2
119.5 3
119.6 0
119.7 1
119.8 0
119.9 3
120 1
120.1 1
120.2 1
120.3 2
120.4 3
120.5 0
120.6 1
120.7 2
120.8 0
120.9 3
121 1
121.1 3
121.2 1
121.3 0
121.4 2
121.5 0
121.6 1
121.7 2
121.8 3
121.9 2
122 3
122.1 2
122.2 2
122.3 0
122.4 0
122.5 1
122.6 6
122.7 0
122.8 4
122.9 0
123 1
123.1 2
123.2 3
123.3 3
123.4 5
123.5 1
123.6 2
123.7 3
123.8 3
123.9 3
124 10
124.1 7
124.2 5
124.3 7
124.4 4
124.5 5
124.6 12
124.7 7
124.8 9
124.9 3
125 1
125.1 4
125.2 2
125.3 0
125.4 8
125.5 4
125.6 5
125.7 9
125.8 11
125.9 6
126 9
126.1 6
126.2 16
126.3 6
126.4 4
126.5 7
126.6 12
126.7 12
126.8 7
126.9 16
127 8
127.1 3
127.2 5
127.3 3
127.4 2
127.5 11
127.6 16
127.7 12
127.8 18
127.9 4
128 9
128.1 16
128.2 11
128.3 8
128.4 16
128.5 10
128.6 8
128.7 8
128.8 8
128.9 50
129 81
129.1 153
129.2 162
129.3 196
129.4 202
129.5 310
129.6 419
129.7 519
129.8 588
129.9 593
130 662
130.1 717
130.2 714
130.3 722
130.4 777
130.5 850
130.6 851
130.7 816
130.8 836
130.9 881
131 958
131.1 980
131.2 1020
131.3 1026
131.4 1052
131.5 1088
131.6 1056
131.7 1051
131.8 1073
131.9 1093
132 1124
132.1 1152
132.2 1174
132.3 1153
132.4 1167
132.5 1161
132.6 1094
132.7 1070
132.8 955
132.9 889
133 902
133.1 917
133.2 916
133.3 876
133.4 854
133.5 780
133.6 712
133.7 680
133.8 664
133.9 617
134 561
134.1 514
134.2 432
134.3 416
134.4 457
134.5 435
134.6 356
134.7 226
134.8 160
134.9 160
135 140
135.1 80
135.2 13
135.3 6
135.4 6
135.5 2
135.6 0
135.7 8
135.8 4
135.9 0
136 1
136.1 3
136.2 1
136.3 1
136.4 1
136.5 0
136.6 0
136.7 1
136.8 0
136.9 2
137 0
137.1 1
137.2 3
137.3 5
137.4 1
137.5 4
137.6 0
137.7 0
137.8 3
137.9 3
138 0
138.1 1
138.2 1
138.3 2
138.4 1
138.5 0
138.6 3
138.7 3
138.8 1
138.9 1
139 0
139.1 1
139.2 0
139.3 2
139.4 0
139.5 0
139.6 0
139.7 2
139.8 0
139.9 3
140 1
140.1 0
140.2 0
140.3 3
140.4 0
140.5 2
140.6 2
140.7 8
140.8 3
140.9 3
141 0
141.1 1
141.2 2
141.3 2
141.4 4
141.5 1
141.6 1
141.7 3
141.8 4
141.9 5
142 1
142.1 1
142.2 5
142.3 6
142.4 4
142.5 6
142.6 2
142.7 5
142.8 0
142.9 1
143 13
143.1 11
143.2 10
143.3 2
143.4 5
143.5 6
143.6 2
143.7 14
143.8 21
143.9 17
144 18
144.1 27
144.2 28
144.3 25
144.4 48
144.5 104
144.6 146
144.7 138
144.8 140
144.9 198
145 254
145.1 256
145.2 291
145.3 376
145.4 368
145.5 311
145.6 330
145.7 391
145.8 461
145.9 501
146 548
146.1 597
146.2 629
146.3 677
146.4 691
146.5 714
146.6 742
146.7 833
146.8 827
146.9 793
147 859
147.1 902
147.2 904
147.3 925
147.4 910
147.5 920
147.6 966
147.7 1020
147.8 993
147.9 943
148 920
148.1 910
148.2 840
148.3 772
148.4 729
148.5 754
148.6 730
148.7 757
148.8 792
148.9 807
149 754
149.1 731
149.2 697
149.3 636
149.4 560
149.5 508
149.6 415
149.7 416
149.8 377
149.9 325
150 259
150.1 168
150.2 82
150.3 40
150.4 11
150.5 6
150.6 5
150.7 3
150.8 1
150.9 0
151 2
151.1 0
151.2 2
151.3 0
151.4 0
151.5 0
151.6 8
151.7 6
151.8 6
151.9 1
152 1
152.1 0
152.2 0
152.3 0
152.4 2
152.5 1
152.6 2
152.7 3
152.8 1
152.9 1
153 2
153.1 4
153.2 2
153.3 1
153.4 3
153.5 5
153.6 4
153.7 6
153.8 3
153.9 3
154 1
154.1 0
154.2 0
154.3 3
154.4 0
154.5 1
154.6 0
154.7 1
154.8 1
154.9 4
155 2
155.1 1
155.2 2
155.3 8
155.4 6
155.5 3
155.6 2
155.7 3
155.8 3
155.9 5
156 3
156.1 1
156.2 1
156.3 1
156.4 3
156.5 1
156.6 1
156.7 2
156.8 1
156.9 3
157 3
157.1 3
157.2 5
157.3 4
157.4 5
157.5 13
157.6 17
157.7 17
157.8 6
157.9 9
158 22
158.1 10
158.2 12
158.3 0
158.4 2
158.5 1
158.6 0
158.7 4
158.8 2
158.9 0
159 4
159.1 1
159.2 3
159.3 0
159.4 4
159.5 1
159.6 1
159.7 1
159.8 2
159.9 3
160 5
160.1 2
160.2 6
160.3 8
160.4 7
160.5 8
160.6 1
160.7 0
160.8 15
160.9 15
161 15
161.1 14
161.2 9
161.3 6
161.4 7
161.5 6
161.6 3
161.7 1
161.8 4
161.9 7
162 5
162.1 0
162.2 4
162.3 1
162.4 1
162.5 1
162.6 0
162.7 1
162.8 2
162.9 0
163 0
163.1 3
163.2 3
163.3 3
163.4 3
163.5 5
163.6 2
163.7 3
163.8 0
163.9 2
164 6
164.1 2
164.2 5
164.3 3
164.4 4
164.5 2
164.6 7
164.7 20
164.8 11
164.9 7
165 10
165.1 14
165.2 7
165.3 2
165.4 7
165.5 11
165.6 14
165.7 6
165.8 9
165.9 9
166 2
166.1 7
166.2 15
166.3 15
166.4 19
166.5 14
166.6 12
166.7 19
166.8 21
166.9 19
167 21
167.1 28
167.2 27
167.3 20
167.4 31
167.5 25
167.6 25
167.7 17
167.8 24
167.9 32
168 24
168.1 13
168.2 16
168.3 12
168.4 15
168.5 3
168.6 6
168.7 9
168.8 12
168.9 21
169 18
169.1 37
169.2 27
169.3 42
169.4 56
169.5 51
169.6 28
169.7 24
169.8 36
169.9 55
170 98
170.1 116
170.2 230
170.3 256
170.4 310
170.5 416
170.6 507
170.7 637
170.8 722
170.9 748
171 828
171.1 856
171.2 871
171.3 831
171.4 809
171.5 800
171.6 822
171.7 893
171.8 907
171.9 988
172 1065
172.1 1067
172.2 1005
172.3 934
172.4 891
172.5 894
172.6 917
172.7 886
172.8 911
172.9 962
173 973
173.1 941
173.2 840
173.3 820
173.4 800
173.5 744
173.6 690
173.7 603
173.8 552
173.9 528
174 529
174.1 558
174.2 534
174.3 421
174.4 431
174.5 347
174.6 291
174.7 203
174.8 120
174.9 71
175 58
175.1 47
175.2 24
175.3 12
175.4 6
175.5 5
175.6 1
175.7 1
175.8 0
175.9 1
176 2
176.1 1
176.2 0
176.3 0
176.4 2
176.5 1
176.6 2
176.7 0
176.8 0
176.9 0
177 2
177.1 0
177.2 2
177.3 1
177.4 3
177.5 1
177.6 13
177.7 5
177.8 5
177.9 3
178 2
178.1 0
178.2 0
178.3 0
178.4 3
178.5 4
178.6 2
178.7 3
178.8 1
178.9 1
179 1
179.1 3
179.2 4
179.3 1
179.4 2
179.5 5
179.6 0
179.7 4
179.8 1
179.9 1
180 2
180.1 1
180.2 1
180.3 4
180.4 3
180.5 6
180.6 2
180.7 2
180.8 2
180.9 2
181 0
181.1 1
181.2 1
181.3 2
181.4 0
181.5 3
181.6 3
181.7 1
181.8 1
181.9 2
182 3
182.1 2
182.2 0
182.3 2
182.4 3
182.5 1
182.6 3
182.7 2
182.8 5
182.9 2
183 0
183.1 3
183.2 6
183.3 4
183.4 9
183.5 12
183.6 7
183.7 5
183.8 7
183.9 4
184 0
184.1 6
184.2 2
184.3 2
184.4 5
184.5 6
184.6 0
184.7 3
184.8 2
184.9 5
185 6
185.1 4
185.2 8
185.3 3
185.4 3
185.5 2
185.6 5
185.7 1
185.8 8
185.9 10
186 8
186.1 6
186.2 5
186.3 10
186.4 8
186.5 6
186.6 7
186.7 17
186.8 17
186.9 12
187 3
187.1 11
187.2 11
187.3 4
187.4 9
187.5 7
187.6 11
187.7 5
187.8 6
187.9 9
188 2
188.1 2
188.2 7
188.3 6
188.4 9
188.5 10
188.6 12
188.7 16
188.8 18
188.9 9
189 13
189.1 18
189.2 81
189.3 103
189.4 149
189.5 219
189.6 281
189.7 357
189.8 431
189.9 529
190 628
190.1 716
190.2 811
190.3 875
190.4 928
190.5 916
190.6 895
190.7 938
190.8 1001
190.9 1061
191 1124
191.1 1146
191.2 1160
191.3 1212
191.4 1212
191.5 1237
191.6 1263
191.7 1351
191.8 1380
191.9 1383
192 1362
192.1 1412
192.2 1376
192.3 1330
192.4 1252
192.5 1226
192.6 1198
192.7 1166
192.8 1123
192.9 1057
193 1001
193.1 897
193.2 881
193.3 843
193.4 848
193.5 833
193.6 842
193.7 850
193.8 845
193.9 760
194 677
194.1 641
194.2 632
194.3 603
194.4 525
194.5 494
194.6 466
194.7 399
194.8 312
194.9 206
195 154
195.1 107
195.2 75
195.3 45
195.4 14
195.5 10
195.6 4
195.7 2
195.8 2
195.9 2
196 3
196.1 3
196.2 4
196.3 2
196.4 0
196.5 3
196.6 2
196.7 1
196.8 1
196.9 0
197 1
197.1 0
197.2 2
197.3 2
197.4 1
197.5 1
197.6 1
197.7 2
197.8 0
197.9 0
198 2
198.1 1
198.2 6
198.3 4
198.4 1
198.5 0
198.6 0
198.7 0
198.8 0
198.9 5
199 1
199.1 2
199.2 0
199.3 2
199.4 3
199.5 4
199.6 0
199.7 4
199.8 13
199.9 4
200 0
