0 0
0.1 0
0.2 0
0.3 0
0.4 0
0.5 0
0.6 0
0.7 0
0.8 0
0.9 1
1 1
1.1 0
1.2 0
1.3 1
1.4 2
1.5 1
1.6 3
1.7 1
1.8 1
1.9 2
2 1
2.1 4
2.2 3
2.3 0
2.4 2
2.5 0
2.6 0
2.7 3
2.8 1
2.9 2
3 1
3.1 1
3.2 5
3.3 4
3.4 5
3.5 1
3.6 6
3.7 4
3.8 3
3.9 6
4 4
4.1 4
4.2 3
4.3 3
4.4 5
4.5 9
4.6 1
4.7 5
4.8 4
4.9 4
5 5
5.1 6
5.2 6
5.3 7
5.4 7
5.5 8
5.6 4
5.7 5
5.8 9
5.9 11
6 13
6.1 15
6.2 10
6.3 11
6.4 14
6.5 16
6.6 12
6.7 10
6.8 19
6.9 16
7 22
7.1 15
7.2 14
7.3 24
7.4 31
7.5 44
7.6 43
7.7 63
7.8 106
7.9 157
8 197
8.1 214
8.2 313
8.3 416
8.4 504
8.5 602
8.6 705
8.7 762
8.8 805
8.9 865
9 939
9.1 987
9.2 1022
9.3 1051
9.4 1077
9.5 1104
9.6 1126
9.7 1147
9.8 1165
9.9 1172
10 1161
10.1 1130
10.2 1108
10.3 1098
10.4 1100
10.5 1088
10.6 1071
10.7 1067
10.8 1071
10.9 1084
11 1078
11.1 1072
11.2 1063
11.3 1058
11.4 1034
11.5 1014
11.6 1003
11.7 946
11.8 921
11.9 919
12 916
12.1 895
12.2 889
12.3 847
12.4 842
12.5 846
12.6 840
12.7 826
12.8 808
12.9 782
13 778
13.1 785
13.2 786
13.3 785
13.4 774
13.5 771
13.6 747
13.7 734
13.8 725
13.9 711
14 682
14.1 664
14.2 653
14.3 645
14.4 644
14.5 635
14.6 626
14.7 617
14.8 609
14.9 599
15 597
15.1 579
15.2 564
15.3 545
15.4 552
15.5 554
15.6 558
15.7 545
15.8 531
15.9 506
16 499
16.1 491
16.2 491
16.3 480
16.4 461
16.5 444
16.6 452
16.7 441
16.8 438
16.9 439
17 441
17.1 444
17.2 430
17.3 407
17.4 388
17.5 366
17.6 331
17.7 321
17.8 311
17.9 314
18 313
18.1 323
18.2 317
18.3 303
18.4 306
18.5 315
18.6 297
18.7 299
18.8 287
18.9 278
19 305
19.1 295
19.2 280
19.3 274
19.4 269
19.5 282
19.6 269
19.7 264
19.8 272
19.9 276
20 257
20.1 239
20.2 230
20.3 225
20.4 207
20.5 182
20.6 181
20.7 154
20.8 163
20.9 154
21 142
21.1 143
21.2 157
21.3 159
21.4 160
21.5 167
21.6 170
21.7 176
21.8 180
21.9 177
22 185
22.1 165
22.2 114
22.3 89
22.4 70
22.5 66
22.6 49
22.7 15
22.8 9
22.9 15
23 7
23.1 5
23.2 5
23.3 8
23.4 2
23.5 2
23.6 5
23.7 6
23.8 3
23.9 6
24 4
24.1 3
24.2 7
24.3 5
24.4 3
24.5 3
24.6 3
24.7 1
24.8 2
24.9 2
25 3
25.1 6
25.2 2
25.3 3
25.4 4
25.5 8
25.6 9
25.7 3
25.8 5
25.9 3
26 7
26.1 5
26.2 4
26.3 5
26.4 5
26.5 10
26.6 13
26.7 10
26.8 11
26.9 13
27 15
27.1 11
27.2 9
27.3 17
27.4 14
27.5 17
27.6 28
27.7 19
27.8 27
27.9 20
28 17
28.1 23
28.2 25
28.3 26
28.4 24
28.5 22
28.6 33
28.7 40
28.8 63
28.9 74
29 71
29.1 100
29.2 152
29.3 255
29.4 346
29.5 468
29.6 583
29.7 677
29.8 740
29.9 817
30 916
30.1 996
30.2 1075
30.3 1154
30.4 1176
30.5 1203
30.6 1226
30.7 1239
30.8 1253
30.9 1263
31 1289
31.1 1302
31.2 1299
31.3 1300
31.4 1301
31.5 1294
31.6 1282
31.7 1265
31.8 1241
31.9 1215
32 1218
32.1 1210
32.2 1172
32.3 1153
32.4 1175
32.5 1168
32.6 1154
32.7 1147
32.8 1133
32.9 1107
33 1080
33.1 1046
33.2 1039
33.3 1021
33.4 1016
33.5 1012
33.6 1002
33.7 981
33.8 950
33.9 953
34 941
34.1 934
34.2 917
34.3 902
34.4 893
34.5 865
34.6 812
34.7 809
34.8 796
34.9 783
35 763
35.1 760
35.2 759
35.3 741
35.4 738
35.5 698
35.6 685
35.7 671
35.8 651
35.9 651
36 653
36.1 661
36.2 643
36.3 634
36.4 622
36.5 623
36.6 611
36.7 608
36.8 603
36.9 595
37 588
37.1 578
37.2 570
37.3 542
37.4 521
37.5 491
37.6 490
37.7 465
37.8 448
37.9 429
38 416
38.1 419
38.2 408
38.3 404
38.4 396
38.5 388
38.6 366
38.7 366
38.8 350
38.9 338
39 326
39.1 344
39.2 345
39.3 313
39.4 303
39.5 314
39.6 318
39.7 327
39.8 324
39.9 313
40 299
40.1 288
40.2 281
40.3 260
40.4 241
40.5 222
40.6 225
40.7 229
40.8 213
40.9 218
41 224
41.1 235
41.2 239
41.3 263
41.4 270
41.5 277
41.6 275
41.7 282
41.8 278
41.9 276
42 263
42.1 255
42.2 250
42.3 255
42.4 271
42.5 264
42.6 273
42.7 266
42.8 252
42.9 235
43 226
43.1 189
43.2 177
43.3 164
43.4 128
43.5 89
43.6 28
43.7 12
43.8 5
43.9 9
44 7
44.1 5
44.2 13
44.3 3
44.4 10
44.5 6
44.6 5
44.7 4
44.8 3
44.9 5
45 2
45.1 3
45.2 4
45.3 4
45.4 2
45.5 7
45.6 3
45.7 2
45.8 2
45.9 4
46 4
46.1 7
46.2 2
46.3 5
46.4 8
46.5 4
46.6 3
46.7 6
46.8 6
46.9 6
47 8
47.1 6
47.2 3
47.3 7
47.4 5
47.5 12
47.6 6
47.7 6
47.8 14
47.9 8
48 12
48.1 8
48.2 9
48.3 7
48.4 12
48.5 15
48.6 5
48.7 16
48.8 15
48.9 13
49 21
49.1 14
49.2 12
49.3 23
49.4 37
49.5 37
49.6 56
49.7 78
49.8 80
49.9 107
50 169
50.1 268
50.2 359
50.3 469
50.4 603
50.5 716
50.6 805
50.7 879
50.8 921
50.9 934
51 993
51.1 1039
51.2 1074
51.3 1085
51.4 1097
51.5 1131
51.6 1130
51.7 1140
51.8 1148
51.9 1145
52 1144
52.1 1136
52.2 1135
52.3 1130
52.4 1131
52.5 1131
52.6 1127
52.7 1125
52.8 1130
52.9 1106
53 1076
53.1 1038
53.2 1043
53.3 1044
53.4 1035
53.5 1034
53.6 1007
53.7 975
53.8 960
53.9 947
54 938
54.1 940
54.2 930
54.3 926
54.4 928
54.5 916
54.6 881
54.7 834
54.8 804
54.9 777
55 759
55.1 754
55.2 738
55.3 724
55.4 702
55.5 695
55.6 681
55.7 679
55.8 675
55.9 658
56 635
56.1 631
56.2 624
56.3 601
56.4 606
56.5 574
56.6 565
56.7 561
56.8 548
56.9 501
57 413
57.1 368
57.2 332
57.3 331
57.4 334
57.5 306
57.6 323
57.7 321
57.8 331
57.9 327
58 321
58.1 320
58.2 333
58.3 346
58.4 346
58.5 317
58.6 304
58.7 290
58.8 301
58.9 299
59 322
59.1 330
59.2 320
59.3 324
59.4 339
59.5 350
59.6 348
59.7 367
59.8 362
59.9 374
60 382
60.1 366
60.2 317
60.3 303
60.4 303
60.5 294
60.6 303
60.7 303
60.8 300
60.9 302
61 300
61.1 297
61.2 283
61.3 284
61.4 276
61.5 266
61.6 266
61.7 240
61.8 218
61.9 192
62 187
62.1 198
62.2 209
62.3 213
62.4 203
62.5 202
62.6 190
62.7 203
62.8 201
62.9 205
63 191
63.1 195
63.2 183
63.3 167
63.4 173
63.5 174
63.6 173
63.7 168
63.8 168
63.9 168
64 126
64.1 107
64.2 108
64.3 86
64.4 84
64.5 100
64.6 101
64.7 110
64.8 127
64.9 136
65 138
65.1 132
65.2 128
65.3 123
65.4 143
65.5 146
65.6 151
65.7 148
65.8 104
65.9 41
66 21
66.1 16
66.2 14
66.3 11
66.4 6
66.5 7
66.6 9
66.7 7
66.8 4
66.9 8
67 2
67.1 4
67.2 6
67.3 3
67.4 2
67.5 5
67.6 9
67.7 6
67.8 4
67.9 4
68 4
68.1 4
68.2 10
68.3 4
68.4 5
68.5 8
68.6 4
68.7 6
68.8 3
68.9 7
69 7
69.1 1
69.2 3
69.3 4
69.4 4
69.5 4
69.6 8
69.7 8
69.8 5
69.9 9
70 9
70.1 6
70.2 11
70.3 12
70.4 13
70.5 13
70.6 9
70.7 8
70.8 17
70.9 19
71 12
71.1 20
71.2 18
71.3 19
71.4 14
71.5 33
71.6 44
71.7 50
71.8 112
71.9 167
72 248
72.1 373
72.2 521
72.3 648
72.4 748
72.5 862
72.6 946
72.7 1037
72.8 1137
72.9 1185
73 1232
73.1 1269
73.2 1291
73.3 1322
73.4 1349
73.5 1353
73.6 1326
73.7 1334
73.8 1329
73.9 1316
74 1336
74.1 1363
74.2 1360
74.3 1362
74.4 1383
74.5 1390
74.6 1408
74.7 1405
74.8 1411
74.9 1399
75 1402
75.1 1363
75.2 1360
75.3 1344
75.4 1334
75.5 1302
75.6 1281
75.7 1272
75.8 1245
75.9 1221
76 1219
76.1 1223
76.2 1200
76.3 1181
76.4 1167
76.5 1139
76.6 1151
76.7 1157
76.8 1149
76.9 1130
77 1119
77.1 1108
77.2 1099
77.3 1078
77.4 1043
77.5 1005
77.6 975
77.7 954
77.8 919
77.9 918
78 908
78.1 881
78.2 869
78.3 866
78.4 871
78.5 867
78.6 853
78.7 776
78.8 734
78.9 691
79 637
79.1 587
79.2 583
79.3 598
79.4 608
79.5 610
79.6 610
79.7 601
79.8 590
79.9 584
80 603
80.1 612
80.2 626
80.3 622
80.4 608
80.5 587
80.6 573
80.7 567
80.8 569
80.9 567
81 586
81.1 595
81.2 584
81.3 579
81.4 571
81.5 554
81.6 544
81.7 515
81.8 519
81.9 519
82 515
82.1 501
82.2 476
82.3 467
82.4 461
82.5 457
82.6 462
82.7 468
82.8 466
82.9 458
83 445
83.1 438
83.2 432
83.3 418
83.4 411
83.5 397
83.6 370
83.7 363
83.8 351
83.9 345
84 334
84.1 297
84.2 269
84.3 263
84.4 264
84.5 240
84.6 234
84.7 251
84.8 256
84.9 251
85 244
85.1 255
85.2 244
85.3 219
85.4 201
85.5 196
85.6 184
85.7 173
85.8 179
85.9 200
86 215
86.1 226
86.2 236
86.3 243
86.4 232
86.5 198
86.6 187
86.7 179
86.8 195
86.9 202
87 210
87.1 227
87.2 223
87.3 214
87.4 208
87.5 199
87.6 169
87.7 156
87.8 163
87.9 164
88 164
88.1 173
88.2 183
88.3 89
88.4 32
88.5 22
88.6 18
88.7 13
88.8 13
88.9 8
89 8
89.1 12
89.2 5
89.3 2
89.4 3
89.5 3
89.6 9
89.7 4
89.8 4
89.9 10
90 6
90.1 8
90.2 5
90.3 8
90.4 5
90.5 9
90.6 4
90.7 3
90.8 5
90.9 5
91 2
91.1 7
91.2 4
91.3 9
91.4 8
91.5 12
91.6 5
91.7 7
91.8 4
91.9 12
92 13
92.1 10
92.2 20
92.3 13
92.4 14
92.5 16
92.6 14
92.7 16
92.8 15
92.9 12
93 17
93.1 14
93.2 23
93.3 21
93.4 26
93.5 26
93.6 34
93.7 32
93.8 42
93.9 56
94 48
94.1 86
94.2 119
94.3 188
94.4 344
94.5 513
94.6 631
94.7 762
94.8 844
94.9 924
95 1000
95.1 1055
95.2 1121
95.3 1169
95.4 1201
95.5 1287
95.6 1315
95.7 1326
95.8 1342
95.9 1367
96 1388
96.1 1394
96.2 1394
96.3 1387
96.4 1394
96.5 1405
96.6 1410
96.7 1414
96.8 1405
96.9 1396
97 1374
97.1 1372
97.2 1366
97.3 1346
97.4 1310
97.5 1276
97.6 1250
97.7 1231
97.8 1204
97.9 1199
98 1196
98.1 1186
98.2 1185
98.3 1175
98.4 1145
98.5 1123
98.6 1103
98.7 1104
98.8 1069
98.9 1062
99 1029
99.1 1014
99.2 1009
99.3 991
99.4 956
99.5 957
99.6 934
99.7 905
99.8 875
99.9 851
100 827
100.1 812
100.2 805
100.3 800
100.4 790
100.5 775
100.6 752
100.7 756
100.8 757
100.9 736
101 710
101.1 695
101.2 661
101.3 598
101.4 556
101.5 560
101.6 568
101.7 576
101.8 584
101.9 581
102 572
102.1 541
102.2 515
102.3 504
102.4 482
102.5 479
102.6 488
102.7 496
102.8 465
102.9 436
103 428
103.1 434
103.2 417
103.3 411
103.4 409
103.5 393
103.6 399
103.7 420
103.8 430
103.9 431
104 443
104.1 447
104.2 426
104.3 412
104.4 407
104.5 400
104.6 402
104.7 396
104.8 373
104.9 351
105 347
105.1 342
105.2 351
105.3 346
105.4 347
105.5 329
105.6 326
105.7 323
105.8 323
105.9 316
106 264
106.1 205
106.2 195
106.3 188
106.4 211
106.5 223
106.6 247
106.7 245
106.8 251
106.9 231
107 222
107.1 211
107.2 173
107.3 129
107.4 72
107.5 40
107.6 33
107.7 33
107.8 29
107.9 13
108 8
108.1 10
108.2 6
108.3 8
108.4 9
108.5 5
108.6 9
108.7 4
108.8 4
108.9 7
109 5
109.1 6
109.2 4
109.3 7
109.4 6
109.5 1
109.6 3
109.7 6
109.8 5
109.9 4
110 3
110.1 6
110.2 1
110.3 7
110.4 4
110.5 5
110.6 6
110.7 8
110.8 3
110.9 6
111 6
111.1 7
111.2 8
111.3 12
111.4 9
111.5 6
111.6 11
111.7 10
111.8 9
111.9 14
112 22
112.1 14
112.2 15
112.3 24
112.4 20
112.5 26
112.6 34
112.7 36
112.8 52
112.9 72
113 77
113.1 81
113.2 82
113.3 105
113.4 151
113.5 286
113.6 364
113.7 488
113.8 619
113.9 714
114 799
114.1 879
114.2 974
114.3 1048
114.4 1091
114.5 1133
114.6 1176
114.7 1231
114.8 1256
114.9 1261
115 1274
115.1 1287
115.2 1284
115.3 1291
115.4 1312
115.5 1334
115.6 1344
115.7 1333
115.8 1314
115.9 1314
116 1329
116.1 1326
116.2 1336
116.3 1341
116.4 1353
116.5 1344
116.6 1345
116.7 1314
116.8 1288
116.9 1286
117 1274
117.1 1278
117.2 1254
117.3 1239
117.4 1224
117.5 1195
117.6 1168
117.7 1162
117.8 1146
117.9 1102
118 1036
118.1 1014
118.2 1008
118.3 1035
118.4 1039
118.5 1043
118.6 1030
118.7 1026
118.8 1005
118.9 986
119 968
119.1 959
119.2 935
119.3 867
119.4 849
119.5 830
119.6 824
119.7 829
119.8 828
119.9 819
120 814
120.1 810
120.2 801
120.3 792
120.4 756
120.5 731
120.6 732
120.7 736
120.8 735
120.9 723
121 708
121.1 695
121.2 694
121.3 699
121.4 701
121.5 690
121.6 684
121.7 678
121.8 672
121.9 670
122 657
122.1 644
122.2 629
122.3 603
122.4 590
122.5 580
122.6 559
122.7 548
122.8 533
122.9 521
123 522
123.1 512
123.2 504
123.3 486
123.4 469
123.5 466
123.6 454
123.7 443
123.8 430
123.9 421
124 402
124.1 389
124.2 375
124.3 379
124.4 387
124.5 368
124.6 342
124.7 329
124.8 324
124.9 326
125 332
125.1 332
125.2 340
125.3 331
125.4 330
125.5 310
125.6 303
125.7 277
125.8 262
125.9 236
126 239
126.1 232
126.2 236
126.3 242
126.4 242
126.5 244
126.6 224
126.7 207
126.8 205
126.9 203
127 193
127.1 197
127.2 206
127.3 213
127.4 230
127.5 230
127.6 226
127.7 200
127.8 197
127.9 177
128 174
128.1 171
128.2 172
128.3 165
128.4 155
128.5 144
128.6 152
128.7 149
128.8 149
128.9 107
129 55
129.1 28
129.2 17
129.3 10
129.4 22
129.5 11
129.6 8
129.7 8
129.8 6
129.9 6
130 6
130.1 5
130.2 4
130.3 2
130.4 5
130.5 4
130.6 12
130.7 7
130.8 7
130.9 7
131 7
131.1 9
131.2 3
131.3 5
131.4 9
131.5 4
131.6 7
131.7 5
131.8 8
131.9 5
132 4
132.1 4
132.2 7
132.3 11
132.4 8
132.5 4
132.6 10
132.7 16
132.8 11
132.9 9
133 11
133.1 8
133.2 18
133.3 6
133.4 10
133.5 13
133.6 19
133.7 17
133.8 14
133.9 20
134 21
134.1 20
134.2 17
134.3 36
134.4 29
134.5 26
134.6 33
134.7 46
134.8 62
134.9 87
135 72
135.1 80
135.2 170
135.3 299
135.4 418
135.5 543
135.6 661
135.7 754
135.8 777
135.9 875
136 935
136.1 996
136.2 1045
136.3 1081
136.4 1128
136.5 1154
136.6 1177
136.7 1206
136.8 1218
136.9 1244
137 1278
137.1 1300
137.2 1296
137.3 1283
137.4 1257
137.5 1243
137.6 1231
137.7 1249
137.8 1251
137.9 1244
138 1229
138.1 1233
138.2 1193
138.3 1179
138.4 1172
138.5 1157
138.6 1152
138.7 1125
138.8 1123
138.9 1101
139 1086
139.1 1091
139.2 1074
139.3 1042
139.4 1018
139.5 1007
139.6 1010
139.7 1009
139.8 1001
139.9 1007
140 986
140.1 969
140.2 956
140.3 936
140.4 923
140.5 902
140.6 891
140.7 848
140.8 752
140.9 730
141 719
141.1 710
141.2 702
141.3 708
141.4 706
141.5 681
141.6 676
141.7 671
141.8 661
141.9 636
142 616
142.1 618
142.2 603
142.3 525
142.4 492
142.5 491
142.6 480
142.7 471
142.8 477
142.9 492
143 470
143.1 397
143.2 358
143.3 358
143.4 374
143.5 366
143.6 373
143.7 388
143.8 313
143.9 263
144 249
144.1 209
144.2 168
144.3 151
144.4 142
144.5 70
144.6 29
144.7 20
144.8 23
144.9 22
145 17
145.1 18
145.2 21
145.3 13
145.4 11
145.5 9
145.6 13
145.7 8
145.8 9
145.9 11
146 5
146.1 11
146.2 11
146.3 15
146.4 9
146.5 6
146.6 8
146.7 6
146.8 8
146.9 10
147 8
147.1 5
147.2 5
147.3 8
147.4 1
147.5 10
147.6 7
147.7 4
147.8 5
147.9 6
148 8
148.1 6
148.2 14
148.3 10
148.4 10
148.5 9
148.6 13
148.7 15
148.8 9
148.9 17
149 12
149.1 13
149.2 10
149.3 13
149.4 25
149.5 19
149.6 24
149.7 31
149.8 24
149.9 42
150 50
150.1 50
150.2 102
150.3 168
150.4 276
150.5 388
150.6 478
150.7 575
150.8 667
150.9 774
151 864
151.1 951
151.2 1009
151.3 1049
151.4 1096
151.5 1155
151.6 1125
151.7 1026
151.8 996
151.9 1004
152 1049
152.1 1072
152.2 1108
152.3 1129
152.4 1167
152.5 1179
152.6 1196
152.7 1215
152.8 1212
152.9 1217
153 1242
153.1 1238
153.2 1216
153.3 1213
153.4 1203
153.5 1175
153.6 1159
153.7 1149
153.8 1140
153.9 1121
154 1099
154.1 1107
154.2 1120
154.3 1124
154.4 1105
154.5 1100
154.6 1073
154.7 1055
154.8 1055
154.9 1036
155 1010
155.1 999
155.2 988
155.3 971
155.4 933
155.5 911
155.6 893
155.7 867
155.8 877
155.9 867
156 846
156.1 830
156.2 810
156.3 827
156.4 820
156.5 801
156.6 790
156.7 786
156.8 773
156.9 743
157 713
157.1 706
157.2 685
157.3 652
157.4 641
157.5 607
157.6 500
157.7 425
157.8 382
157.9 407
158 391
158.1 372
158.2 384
158.3 414
158.4 456
158.5 495
158.6 506
158.7 540
158.8 545
158.9 548
159 536
159.1 535
159.2 544
159.3 551
159.4 564
159.5 556
159.6 564
159.7 550
159.8 555
159.9 560
160 539
160.1 517
160.2 498
160.3 478
160.4 466
160.5 448
160.6 431
160.7 447
160.8 438
160.9 379
161 337
161.1 316
161.2 293
161.3 301
161.4 317
161.5 326
161.6 338
161.7 353
161.8 359
161.9 353
162 353
162.1 378
162.2 387
162.3 394
162.4 396
162.5 399
162.6 396
162.7 416
162.8 409
162.9 409
163 418
163.1 402
163.2 386
163.3 389
163.4 373
163.5 360
163.6 337
163.7 331
163.8 338
163.9 338
164 325
164.1 319
164.2 310
164.3 303
164.4 290
164.5 282
164.6 289
164.7 274
164.8 227
164.9 190
165 186
165.1 175
165.2 167
165.3 177
165.4 192
165.5 180
165.6 172
165.7 159
165.8 163
165.9 162
166 172
166.1 187
166.2 163
166.3 141
166.4 126
166.5 135
166.6 126
166.7 134
166.8 139
166.9 117
167 102
167.1 94
167.2 100
167.3 92
167.4 79
167.5 73
167.6 75
167.7 74
167.8 76
167.9 80
168 73
168.1 82
168.2 96
168.3 98
168.4 101
168.5 113
168.6 118
168.7 128
168.8 131
168.9 122
169 105
169.1 83
169.2 66
169.3 65
169.4 51
169.5 48
169.6 57
169.7 78
169.8 73
169.9 68
170 27
170.1 19
170.2 20
170.3 16
170.4 8
170.5 5
170.6 5
170.7 7
170.8 5
170.9 6
171 4
171.1 4
171.2 5
171.3 7
171.4 9
171.5 8
171.6 4
171.7 2
171.8 4
171.9 2
172 4
172.1 6
172.2 6
172.3 6
172.4 8
172.5 6
172.6 11
172.7 5
172.8 6
172.9 10
173 9
173.1 8
173.2 14
173.3 9
173.4 9
173.5 14
173.6 15
173.7 15
173.8 16
173.9 22
174 14
174.1 12
174.2 20
174.3 17
174.4 39
174.5 22
174.6 33
174.7 37
174.8 69
174.9 124
175 121
175.1 153
175.2 210
175.3 308
175.4 407
175.5 513
175.6 638
175.7 746
175.8 804
175.9 881
176 921
176.1 955
176.2 999
176.3 1040
176.4 1063
176.5 1074
176.6 1086
176.7 1101
176.8 1093
176.9 1115
177 1108
177.1 1113
177.2 1112
177.3 1107
177.4 1109
177.5 1112
177.6 1040
177.7 940
177.8 921
177.9 908
178 892
178.1 919
178.2 951
178.3 974
178.4 996
178.5 995
178.6 972
178.7 978
178.8 991
178.9 1003
179 995
179.1 996
179.2 978
179.3 973
179.4 972
179.5 953
179.6 921
179.7 902
179.8 885
179.9 882
180 862
180.1 861
180.2 843
180.3 830
180.4 804
180.5 779
180.6 773
180.7 777
180.8 768
180.9 770
181 770
181.1 762
181.2 767
181.3 733
181.4 724
181.5 713
181.6 705
181.7 692
181.8 677
181.9 677
182 669
182.1 653
182.2 632
182.3 608
182.4 595
182.5 578
182.6 564
182.7 557
182.8 545
182.9 522
183 513
183.1 499
183.2 484
183.3 462
183.4 453
183.5 393
183.6 375
183.7 376
183.8 372
183.9 374
184 383
184.1 388
184.2 394
184.3 399
184.4 382
184.5 370
184.6 367
184.7 374
184.8 361
184.9 358
185 346
185.1 337
185.2 326
185.3 338
185.4 331
185.5 345
185.6 352
185.7 336
185.8 314
185.9 304
186 288
186.1 273
186.2 265
186.3 268
186.4 263
186.5 249
186.6 235
186.7 233
186.8 198
186.9 193
187 179
187.1 181
187.2 190
187.3 193
187.4 187
187.5 186
187.6 180
187.7 187
187.8 190
187.9 184
188 197
188.1 200
188.2 203
188.3 195
188.4 201
188.5 198
188.6 182
188.7 165
188.8 155
188.9 159
189 161
189.1 147
189.2 95
189.3 42
189.4 20
189.5 14
189.6 8
189.7 9
189.8 11
189.9 5
190 4
190.1 12
190.2 4
190.3 2
190.4 3
190.5 1
190.6 6
190.7 4
190.8 3
190.9 1
191 4
191.1 1
191.2 5
191.3 6
191.4 5
191.5 3
191.6 3
191.7 8
191.8 6
191.9 4
192 2
192.1 3
192.2 7
192.3 5
192.4 6
192.5 3
192.6 5
192.7 6
192.8 8
192.9 3
193 6
193.1 12
193.2 5
193.3 15
193.4 16
193.5 10
193.6 7
193.7 14
193.8 16
193.9 7
194 17
194.1 14
194.2 20
194.3 26
194.4 17
194.5 27
194.6 25
194.7 46
194.8 47
194.9 57
195 70
195.1 109
195.2 139
195.3 191
195.4 276
195.5 417
195.6 547
195.7 674
195.8 793
195.9 896
196 960
196.1 1013
196.2 1052
196.3 1132
196.4 1191
196.5 1226
196.6 1267
196.7 1283
196.8 1325
196.9 1365
197 1385
197.1 1419
197.2 1437
197.3 1445
197.4 1474
197.5 1460
197.6 1458
197.7 1429
197.8 1407
197.9 1402
198 1398
198.1 1375
198.2 1344
198.3 1327
198.4 1320
198.5 1322
198.6 1327
198.7 1326
198.8 1322
198.9 1305
199 1265
199.1 1259
199.2 1245
199.3 1204
199.4 1179
199.5 1141
199.6 1117
199.7 1100
199.8 1021
199.9 967
200 960
