0 0
0.1 0
0.2 0
0.3 0
0.4 0
0.5 0
0.6 1
0.7 3
0.8 3
0.9 7
1 10
1.1 14
1.2 20
1.3 28
1.4 35
1.5 48
1.6 63
1.7 72
1.8 87
1.9 96
2 113
2.1 128
2.2 148
2.3 167
2.4 182
2.5 209
2.6 227
2.7 258
2.8 292
2.9 322
3 353
3.1 382
3.2 408
3.3 430
3.4 460
3.5 490
3.6 512
3.7 531
3.8 551
3.9 584
4 608
4.1 634
4.2 656
4.3 683
4.4 708
4.5 726
4.6 751
4.7 782
4.8 814
4.9 838
5 866
5.1 892
5.2 928
5.3 959
5.4 989
5.5 1024
5.6 1057
5.7 1080
5.8 1106
5.9 1129
6 1156
6.1 1190
6.2 1230
6.3 1270
6.4 1301
6.5 1334
6.6 1367
6.7 1407
6.8 1435
6.9 1472
7 1504
7.1 1529
7.2 1556
7.3 1588
7.4 1621
7.5 1644
7.6 1667
7.7 1679
7.8 1697
7.9 1662
8 1545
8.1 1431
8.2 1310
8.3 1192
8.4 1089
8.5 999
8.6 918
8.7 843
8.8 771
8.9 714
9 664
9.1 623
9.2 609
9.3 575
9.4 539
9.5 497
9.6 475
9.7 459
9.8 438
9.9 432
10 431
10.1 400
10.2 401
10.3 385
10.4 374
10.5 348
10.6 329
10.7 322
10.8 333
10.9 319
11 308
11.1 286
11.2 282
11.3 267
11.4 259
11.5 261
11.6 262
11.7 249
11.8 244
11.9 249
12 257
12.1 275
12.2 293
12.3 286
12.4 302
12.5 274
12.6 261
12.7 256
12.8 255
12.9 249
13 244
13.1 254
13.2 239
13.3 231
13.4 225
13.5 242
13.6 267
13.7 282
13.8 288
13.9 298
14 303
14.1 312
14.2 319
14.3 319
14.4 340
14.5 353
14.6 353
14.7 344
14.8 344
14.9 346
15 341
15.1 324
15.2 308
15.3 299
15.4 282
15.5 283
15.6 287
15.7 281
15.8 284
15.9 282
16 258
16.1 247
16.2 233
16.3 217
16.4 225
16.5 224
16.6 216
16.7 208
16.8 205
16.9 238
17 255
17.1 257
17.2 250
17.3 230
17.4 224
17.5 224
17.6 230
17.7 242
17.8 234
17.9 233
18 281
18.1 295
18.2 305
18.3 299
18.4 380
18.5 436
18.6 505
18.7 554
18.8 567
18.9 569
19 577
19.1 578
19.2 589
19.3 584
19.4 601
19.5 612
19.6 614
19.7 622
19.8 633
19.9 638
20 648
20.1 654
20.2 671
20.3 678
20.4 695
20.5 716
20.6 727
20.7 752
20.8 775
20.9 796
21 828
21.1 839
21.2 869
21.3 896
21.4 921
21.5 940
21.6 973
21.7 997
21.8 1013
21.9 1041
22 1056
22.1 1085
22.2 1118
22.3 1146
22.4 1183
22.5 1214
22.6 1237
22.7 1257
22.8 1279
22.9 1305
23 1321
23.1 1350
23.2 1372
23.3 1385
23.4 1408
23.5 1430
23.6 1447
23.7 1447
23.8 1462
23.9 1468
24 1455
24.1 1469
24.2 1522
24.3 1557
24.4 1560
24.5 1551
24.6 1523
24.7 1475
24.8 1441
24.9 1425
25 1329
25.1 1230
25.2 1142
25.3 1058
25.4 996
25.5 899
25.6 856
25.7 816
25.8 741
25.9 685
26 637
26.1 593
26.2 575
26.3 571
26.4 605
26.5 596
26.6 602
26.7 595
26.8 567
26.9 569
27 533
27.1 501
27.2 472
27.3 439
27.4 518
27.5 524
27.6 510
27.7 492
27.8 495
27.9 464
28 438
28.1 402
28.2 380
28.3 376
28.4 378
28.5 385
28.6 379
28.7 368
28.8 352
28.9 341
29 324
29.1 302
29.2 296
29.3 286
29.4 287
29.5 280
29.6 274
29.7 265
29.8 257
29.9 256
30 330
30.1 337
30.2 323
30.3 312
30.4 308
30.5 304
30.6 281
30.7 268
30.8 268
30.9 250
31 246
31.1 233
31.2 230
31.3 243
31.4 271
31.5 301
31.6 336
31.7 322
31.8 340
31.9 346
32 360
32.1 367
32.2 357
32.3 327
32.4 296
32.5 278
32.6 272
32.7 271
32.8 260
32.9 269
33 274
33.1 292
33.2 306
33.3 342
33.4 329
33.5 322
33.6 321
33.7 321
33.8 326
33.9 309
34 317
34.1 307
34.2 322
34.3 343
34.4 343
34.5 346
34.6 346
34.7 325
34.8 333
34.9 355
35 429
35.1 504
35.2 516
35.3 498
35.4 502
35.5 524
35.6 540
35.7 551
35.8 576
35.9 581
36 582
36.1 601
36.2 613
36.3 623
36.4 631
36.5 643
36.6 646
36.7 657
36.8 681
36.9 697
37 706
37.1 728
37.2 741
37.3 766
37.4 781
37.5 806
37.6 833
37.7 846
37.8 863
37.9 880
38 899
38.1 913
38.2 941
38.3 973
38.4 998
38.5 1027
38.6 1050
38.7 1075
38.8 1103
38.9 1126
39 1166
39.1 1185
39.2 1216
39.3 1233
39.4 1264
39.5 1301
39.6 1330
39.7 1353
39.8 1376
39.9 1406
40 1436
40.1 1456
40.2 1474
40.3 1479
40.4 1483
40.5 1486
40.6 1435
40.7 1389
40.8 1273
40.9 1172
41 1089
41.1 1008
41.2 942
41.3 872
41.4 807
41.5 743
41.6 688
41.7 638
41.8 595
41.9 543
42 511
42.1 488
42.2 478
42.3 453
42.4 438
42.5 415
42.6 381
42.7 386
42.8 381
42.9 375
43 370
43.1 356
43.2 339
43.3 317
43.4 305
43.5 310
43.6 310
43.7 321
43.8 316
43.9 307
44 300
44.1 316
44.2 287
44.3 267
44.4 253
44.5 231
44.6 217
44.7 216
44.8 211
44.9 203
45 209
45.1 228
45.2 231
45.3 250
45.4 260
45.5 257
45.6 271
45.7 281
45.8 294
45.9 299
46 294
46.1 281
46.2 296
46.3 297
46.4 300
46.5 298
46.6 297
46.7 294
46.8 301
46.9 302
47 323
47.1 324
47.2 336
47.3 350
47.4 360
47.5 348
47.6 330
47.7 314
47.8 300
47.9 276
48 267
48.1 264
48.2 261
48.3 256
48.4 260
48.5 251
48.6 247
48.7 246
48.8 241
48.9 237
49 235
49.1 229
49.2 247
49.3 250
49.4 241
49.5 231
49.6 220
49.7 212
49.8 196
49.9 187
50 181
50.1 188
50.2 190
50.3 188
50.4 204
50.5 221
50.6 225
50.7 227
50.8 225
50.9 221
51 214
51.1 215
51.2 216
51.3 234
51.4 229
51.5 221
51.6 217
51.7 216
51.8 218
51.9 215
52 222
52.1 232
52.2 236
52.3 242
52.4 251
52.5 272
52.6 332
52.7 428
52.8 469
52.9 465
53 466
53.1 479
53.2 484
53.3 492
53.4 495
53.5 496
53.6 505
53.7 509
53.8 513
53.9 522
54 531
54.1 537
54.2 545
54.3 562
54.4 562
54.5 577
54.6 586
54.7 608
54.8 612
54.9 636
55 652
55.1 675
55.2 694
55.3 716
55.4 748
55.5 777
55.6 796
55.7 833
55.8 865
55.9 891
56 918
56.1 954
56.2 987
56.3 1019
56.4 1047
56.5 1077
56.6 1100
56.7 1143
56.8 1174
56.9 1202
57 1225
57.1 1262
57.2 1295
57.3 1325
57.4 1354
57.5 1394
57.6 1430
57.7 1471
57.8 1495
57.9 1537
58 1560
58.1 1595
58.2 1616
58.3 1601
58.4 1542
58.5 1438
58.6 1339
58.7 1235
58.8 1137
58.9 1039
59 952
59.1 889
59.2 826
59.3 762
59.4 738
59.5 696
59.6 643
59.7 601
59.8 567
59.9 531
60 498
60.1 481
60.2 483
60.3 469
60.4 440
60.5 423
60.6 403
60.7 408
60.8 406
60.9 397
61 386
61.1 431
61.2 547
61.3 579
61.4 562
61.5 536
61.6 501
61.7 467
61.8 446
61.9 429
62 413
62.1 400
62.2 391
62.3 379
62.4 371
62.5 373
62.6 353
62.7 331
62.8 323
62.9 342
63 335
63.1 349
63.2 374
63.3 438
63.4 465
63.5 437
63.6 419
63.7 405
63.8 410
63.9 397
64 395
64.1 373
64.2 392
64.3 371
64.4 360
64.5 352
64.6 335
64.7 315
64.8 321
64.9 382
65 388
65.1 383
65.2 379
65.3 394
65.4 363
65.5 341
65.6 324
65.7 302
65.8 281
65.9 283
66 287
66.1 273
66.2 247
66.3 227
66.4 240
66.5 262
66.6 277
66.7 280
66.8 280
66.9 294
67 377
67.1 439
67.2 474
67.3 530
67.4 511
67.5 493
67.6 482
67.7 441
67.8 406
67.9 383
68 357
68.1 339
68.2 323
68.3 306
68.4 313
68.5 309
68.6 308
68.7 318
68.8 316
68.9 292
69 276
69.1 280
69.2 273
69.3 259
69.4 258
69.5 257
69.6 251
69.7 246
69.8 268
69.9 271
70 264
70.1 259
70.2 267
70.3 263
70.4 251
70.5 241
70.6 226
70.7 205
70.8 198
70.9 193
71 178
71.1 183
71.2 198
71.3 179
71.4 195
71.5 205
71.6 210
71.7 209
71.8 199
71.9 193
72 201
72.1 201
72.2 207
72.3 204
72.4 204
72.5 222
72.6 245
72.7 283
72.8 284
72.9 259
73 241
73.1 240
73.2 234
73.3 224
73.4 231
73.5 219
73.6 220
73.7 228
73.8 240
73.9 236
74 240
74.1 247
74.2 248
74.3 246
74.4 242
74.5 223
74.6 232
74.7 232
74.8 247
74.9 245
75 243
75.1 277
75.2 329
75.3 353
75.4 360
75.5 372
75.6 378
75.7 384
75.8 390
75.9 401
76 410
76.1 419
76.2 429
76.3 448
76.4 462
76.5 482
76.6 508
76.7 518
76.8 536
76.9 543
77 563
77.1 587
77.2 603
77.3 634
77.4 645
77.5 661
77.6 695
77.7 718
77.8 737
77.9 762
78 781
78.1 799
78.2 826
78.3 852
78.4 887
78.5 917
78.6 949
78.7 972
78.8 997
78.9 1026
79 1048
79.1 1078
79.2 1111
79.3 1142
79.4 1181
79.5 1205
79.6 1230
79.7 1255
79.8 1283
79.9 1306
80 1334
80.1 1367
80.2 1398
80.3 1427
80.4 1457
80.5 1483
80.6 1499
80.7 1534
80.8 1539
80.9 1556
81 1549
81.1 1555
81.2 1553
81.3 1508
81.4 1394
81.5 1286
81.6 1175
81.7 1099
81.8 1016
81.9 939
82 870
82.1 827
82.2 782
82.3 742
82.4 714
82.5 656
82.6 631
82.7 604
82.8 586
82.9 553
83 527
83.1 482
83.2 443
83.3 437
83.4 429
83.5 432
83.6 426
83.7 430
83.8 415
83.9 392
84 374
84.1 361
84.2 353
84.3 339
84.4 307
84.5 299
84.6 278
84.7 263
84.8 262
84.9 259
85 252
85.1 253
85.2 255
85.3 259
85.4 263
85.5 261
85.6 244
85.7 227
85.8 226
85.9 242
86 246
86.1 233
86.2 235
86.3 221
86.4 231
86.5 231
86.6 229
86.7 294
86.8 326
86.9 355
87 372
87.1 391
87.2 393
87.3 393
87.4 382
87.5 362
87.6 363
87.7 348
87.8 336
87.9 331
88 343
88.1 431
88.2 487
88.3 589
88.4 633
88.5 625
88.6 577
88.7 558
88.8 534
88.9 509
89 467
89.1 437
89.2 414
89.3 381
89.4 365
89.5 359
89.6 361
89.7 351
89.8 335
89.9 329
90 343
90.1 325
90.2 329
90.3 326
90.4 304
90.5 290
90.6 275
90.7 250
90.8 239
90.9 238
91 230
91.1 210
91.2 205
91.3 204
91.4 188
91.5 194
91.6 198
91.7 185
91.8 185
91.9 194
92 208
92.1 201
92.2 193
92.3 200
92.4 204
92.5 210
92.6 225
92.7 228
92.8 216
92.9 214
93 209
93.1 213
93.2 213
93.3 206
93.4 212
93.5 217
93.6 295
93.7 338
93.8 354
93.9 350
94 348
94.1 331
94.2 319
94.3 335
94.4 349
94.5 356
94.6 356
94.7 346
94.8 332
94.9 314
95 291
95.1 271
95.2 267
95.3 260
95.4 256
95.5 288
95.6 315
95.7 320
95.8 337
95.9 326
96 323
96.1 314
96.2 325
96.3 326
96.4 331
96.5 361
96.6 377
96.7 386
96.8 422
96.9 434
97 444
97.1 445
97.2 457
97.3 471
97.4 478
97.5 481
97.6 492
97.7 503
97.8 511
97.9 523
98 531
98.1 544
98.2 554
98.3 570
98.4 587
98.5 603
98.6 616
98.7 627
98.8 654
98.9 667
99 694
99.1 705
99.2 718
99.3 745
99.4 765
99.5 788
99.6 816
99.7 835
99.8 861
99.9 890
100 911
100.1 948
100.2 976
100.3 1007
100.4 1038
100.5 1058
100.6 1084
100.7 1112
100.8 1142
100.9 1175
101 1196
101.1 1229
101.2 1259
101.3 1290
101.4 1315
101.5 1352
101.6 1388
101.7 1409
101.8 1433
101.9 1459
102 1494
102.1 1488
102.2 1473
102.3 1432
102.4 1342
102.5 1259
102.6 1164
102.7 1089
102.8 992
102.9 894
103 815
103.1 739
103.2 695
103.3 674
103.4 634
103.5 593
103.6 570
103.7 552
103.8 522
103.9 491
104 471
104.1 440
104.2 406
104.3 390
104.4 375
104.5 372
104.6 365
104.7 333
104.8 304
104.9 290
105 304
105.1 331
105.2 354
105.3 349
105.4 346
105.5 349
105.6 344
105.7 325
105.8 316
105.9 331
106 330
106.1 346
106.2 337
106.3 334
106.4 326
106.5 320
106.6 326
106.7 333
106.8 376
106.9 416
107 486
107.1 482
107.2 473
107.3 461
107.4 432
107.5 419
107.6 389
107.7 369
107.8 349
107.9 325
108 331
108.1 334
108.2 342
108.3 337
108.4 339
108.5 347
108.6 325
108.7 307
108.8 296
108.9 298
109 302
109.1 305
109.2 300
109.3 283
109.4 286
109.5 293
109.6 292
109.7 277
109.8 272
109.9 272
110 273
110.1 277
110.2 271
110.3 300
110.4 307
110.5 305
110.6 312
110.7 326
110.8 346
110.9 363
111 349
111.1 331
111.2 311
111.3 321
111.4 319
111.5 309
111.6 291
111.7 331
111.8 341
111.9 333
112 322
112.1 317
112.2 323
112.3 436
112.4 544
112.5 595
112.6 610
112.7 621
112.8 626
112.9 634
113 642
113.1 648
113.2 661
113.3 667
113.4 683
113.5 695
113.6 708
113.7 725
113.8 747
113.9 768
114 784
114.1 803
114.2 815
114.3 835
114.4 859
114.5 871
114.6 891
114.7 914
114.8 930
114.9 956
115 983
115.1 1007
115.2 1026
115.3 1043
115.4 1071
115.5 1098
115.6 1134
115.7 1162
115.8 1179
115.9 1200
116 1224
116.1 1241
116.2 1265
116.3 1284
116.4 1300
116.5 1324
116.6 1346
116.7 1359
116.8 1391
116.9 1410
117 1446
117.1 1473
117.2 1499
117.3 1527
117.4 1570
117.5 1596
117.6 1612
117.7 1619
117.8 1635
117.9 1652
118 1682
118.1 1707
118.2 1696
118.3 1634
118.4 1538
118.5 1430
118.6 1307
118.7 1208
118.8 1097
118.9 1031
119 946
119.1 949
119.2 903
119.3 869
119.4 796
119.5 745
119.6 690
119.7 649
119.8 607
119.9 562
120 524
120.1 490
120.2 458
120.3 430
120.4 408
120.5 395
120.6 375
120.7 369
120.8 354
120.9 335
121 339
121.1 324
121.2 312
121.3 309
121.4 305
121.5 288
121.6 263
121.7 256
121.8 275
121.9 267
122 269
122.1 285
122.2 289
122.3 281
122.4 281
122.5 316
122.6 378
122.7 380
122.8 370
122.9 375
123 377
123.1 380
123.2 375
123.3 369
123.4 368
123.5 344
123.6 368
123.7 413
123.8 406
123.9 398
124 404
124.1 406
124.2 386
124.3 361
124.4 346
124.5 340
124.6 332
124.7 300
124.8 279
124.9 271
125 257
125.1 250
125.2 238
125.3 243
125.4 243
125.5 281
125.6 275
125.7 291
125.8 297
125.9 312
126 306
126.1 295
126.2 300
126.3 286
126.4 284
126.5 272
126.6 275
126.7 277
126.8 294
126.9 313
127 314
127.1 296
127.2 298
127.3 310
127.4 322
127.5 320
127.6 304
127.7 299
127.8 285
127.9 276
128 273
128.1 285
128.2 286
128.3 265
128.4 249
128.5 247
128.6 237
128.7 239
128.8 230
128.9 229
129 230
129.1 221
129.2 212
129.3 219
129.4 206
129.5 188
129.6 183
129.7 173
129.8 174
129.9 242
130 368
130.1 459
130.2 447
130.3 450
130.4 431
130.5 401
130.6 382
130.7 382
130.8 363
130.9 362
131 365
131.1 352
131.2 342
131.3 342
131.4 329
131.5 320
131.6 309
131.7 289
131.8 279
131.9 271
132 275
132.1 279
132.2 270
132.3 263
132.4 257
132.5 247
132.6 234
132.7 211
132.8 213
132.9 211
133 215
133.1 227
133.2 235
133.3 266
133.4 259
133.5 234
133.6 224
133.7 223
133.8 204
133.9 191
134 183
134.1 213
134.2 217
134.3 213
134.4 212
134.5 203
134.6 207
134.7 217
134.8 229
134.9 243
135 295
135.1 349
135.2 369
135.3 390
135.4 399
135.5 414
135.6 426
135.7 418
135.8 425
135.9 422
136 434
136.1 449
136.2 460
136.3 464
136.4 468
136.5 476
136.6 491
136.7 500
136.8 507
136.9 523
137 540
137.1 558
137.2 571
137.3 581
137.4 599
137.5 618
137.6 631
137.7 641
137.8 660
137.9 681
138 695
138.1 708
138.2 738
138.3 757
138.4 766
138.5 789
138.6 812
138.7 826
138.8 847
138.9 877
139 907
139.1 923
139.2 946
139.3 988
139.4 1014
139.5 1036
139.6 1063
139.7 1097
139.8 1124
139.9 1157
140 1178
140.1 1199
140.2 1221
140.3 1243
140.4 1278
140.5 1306
140.6 1345
140.7 1359
140.8 1395
140.9 1420
141 1455
141.1 1489
141.2 1530
141.3 1544
141.4 1588
141.5 1598
141.6 1623
141.7 1630
141.8 1663
141.9 1678
142 1663
142.1 1610
142.2 1560
142.3 1471
142.4 1348
142.5 1217
142.6 1120
142.7 1041
142.8 961
142.9 892
143 824
143.1 765
143.2 675
143.3 610
143.4 588
143.5 538
143.6 535
143.7 500
143.8 467
143.9 428
144 402
144.1 374
144.2 371
144.3 351
144.4 335
144.5 314
144.6 302
144.7 288
144.8 268
144.9 243
145 231
145.1 242
145.2 248
145.3 242
145.4 236
145.5 230
145.6 219
145.7 212
145.8 223
145.9 227
146 237
146.1 258
146.2 279
146.3 273
146.4 266
146.5 247
146.6 246
146.7 255
146.8 259
146.9 259
147 257
147.1 245
147.2 248
147.3 250
147.4 276
147.5 271
147.6 266
147.7 251
147.8 237
147.9 246
148 237
148.1 221
148.2 209
148.3 199
148.4 194
148.5 173
148.6 167
148.7 166
148.8 200
148.9 225
149 246
149.1 264
149.2 276
149.3 266
149.4 255
149.5 234
149.6 221
149.7 208
149.8 209
149.9 204
150 217
150.1 291
150.2 341
150.3 363
150.4 354
150.5 335
150.6 327
150.7 301
150.8 283
150.9 281
151 293
151.1 292
151.2 301
151.3 307
151.4 316
151.5 314
151.6 312
151.7 296
151.8 299
151.9 295
152 288
152.1 267
152.2 269
152.3 291
152.4 306
152.5 307
152.6 289
152.7 264
152.8 265
152.9 262
153 254
153.1 266
153.2 265
153.3 252
153.4 265
153.5 281
153.6 296
153.7 295
153.8 302
153.9 290
154 283
154.1 300
154.2 395
154.3 454
154.4 480
154.5 488
154.6 501
154.7 520
154.8 512
154.9 512
155 511
155.1 508
155.2 507
155.3 509
155.4 538
155.5 547
155.6 544
155.7 556
155.8 560
155.9 566
156 576
156.1 576
156.2 572
156.3 584
156.4 587
156.5 594
156.6 598
156.7 607
156.8 612
156.9 618
157 631
157.1 639
157.2 652
157.3 669
157.4 679
157.5 699
157.6 715
157.7 740
157.8 766
157.9 780
158 806
158.1 830
158.2 846
158.3 881
158.4 920
158.5 956
158.6 974
158.7 1016
158.8 1037
158.9 1076
159 1102
159.1 1128
159.2 1169
159.3 1199
159.4 1233
159.5 1260
159.6 1304
159.7 1339
159.8 1379
159.9 1409
160 1445
160.1 1479
160.2 1497
160.3 1521
160.4 1546
160.5 1573
160.6 1591
160.7 1621
160.8 1642
160.9 1681
161 1689
161.1 1706
161.2 1712
161.3 1731
161.4 1725
161.5 1703
161.6 1641
161.7 1565
161.8 1473
161.9 1346
162 1261
162.1 1157
162.2 1070
162.3 989
162.4 912
162.5 847
162.6 770
162.7 713
162.8 657
162.9 623
163 551
163.1 519
163.2 485
163.3 475
163.4 461
163.5 436
163.6 415
163.7 397
163.8 378
163.9 355
164 355
164.1 332
164.2 319
164.3 306
164.4 301
164.5 303
164.6 281
164.7 264
164.8 269
164.9 276
165 291
165.1 297
165.2 299
165.3 295
165.4 287
165.5 301
165.6 310
165.7 322
165.8 344
165.9 338
166 313
166.1 305
166.2 277
166.3 264
166.4 264
166.5 262
166.6 264
166.7 253
166.8 233
166.9 233
167 214
167.1 199
167.2 212
167.3 232
167.4 221
167.5 215
167.6 222
167.7 248
167.8 254
167.9 244
168 236
168.1 229
168.2 217
168.3 210
168.4 202
168.5 217
168.6 283
168.7 307
168.8 315
168.9 324
169 311
169.1 307
169.2 324
169.3 307
169.4 298
169.5 315
169.6 300
169.7 297
169.8 283
169.9 285
170 251
170.1 247
170.2 245
170.3 242
170.4 251
170.5 254
170.6 234
170.7 214
170.8 209
170.9 215
171 224
171.1 227
171.2 223
171.3 216
171.4 218
171.5 213
171.6 207
171.7 215
171.8 224
171.9 207
172 194
172.1 189
172.2 192
172.3 203
172.4 205
172.5 204
172.6 237
172.7 255
172.8 259
172.9 257
173 254
173.1 245
173.2 237
173.3 241
173.4 246
173.5 252
173.6 241
173.7 269
173.8 285
173.9 292
174 296
174.1 317
174.2 323
174.3 320
174.4 310
174.5 312
174.6 309
174.7 316
174.8 306
174.9 336
175 352
175.1 361
175.2 335
175.3 323
175.4 303
175.5 285
175.6 288
175.7 277
175.8 278
175.9 272
176 283
176.1 296
176.2 291
176.3 304
176.4 311
176.5 319
176.6 326
176.7 353
176.8 379
176.9 387
177 394
177.1 400
177.2 408
177.3 407
177.4 419
177.5 429
177.6 444
177.7 447
177.8 452
177.9 474
178 479
178.1 490
178.2 495
178.3 508
178.4 524
178.5 534
178.6 549
178.7 574
178.8 586
178.9 603
179 623
179.1 655
179.2 676
179.3 691
179.4 719
179.5 735
179.6 767
179.7 794
179.8 822
179.9 855
180 890
180.1 916
180.2 938
180.3 979
180.4 1006
180.5 1033
180.6 1053
180.7 1083
180.8 1102
180.9 1128
181 1153
181.1 1177
181.2 1205
181.3 1221
181.4 1251
181.5 1277
181.6 1305
181.7 1343
181.8 1361
181.9 1390
182 1416
182.1 1440
182.2 1476
182.3 1500
182.4 1542
182.5 1572
182.6 1597
182.7 1625
182.8 1659
182.9 1697
183 1727
183.1 1750
183.2 1789
183.3 1806
183.4 1831
183.5 1859
183.6 1854
183.7 1869
183.8 1864
183.9 1845
184 1733
184.1 1587
184.2 1451
184.3 1347
184.4 1241
184.5 1128
184.6 1023
184.7 949
184.8 903
184.9 831
185 775
185.1 706
185.2 652
185.3 629
185.4 644
185.5 614
185.6 577
185.7 536
185.8 496
185.9 485
186 464
186.1 439
186.2 424
186.3 399
186.4 376
186.5 354
186.6 334
186.7 310
186.8 288
186.9 270
187 248
187.1 271
187.2 265
187.3 282
187.4 273
187.5 272
187.6 270
187.7 251
187.8 227
187.9 215
188 214
188.1 212
188.2 203
188.3 215
188.4 226
188.5 221
188.6 209
188.7 202
188.8 209
188.9 221
189 241
189.1 243
189.2 237
189.3 255
189.4 260
189.5 270
189.6 267
189.7 267
189.8 270
189.9 260
190 256
190.1 248
190.2 262
190.3 280
190.4 278
190.5 254
190.6 238
190.7 224
190.8 243
190.9 225
191 221
191.1 212
191.2 214
191.3 208
191.4 218
191.5 219
191.6 210
191.7 210
191.8 183
191.9 172
192 180
192.1 186
192.2 179
192.3 190
192.4 206
192.5 198
192.6 200
192.7 204
192.8 204
192.9 187
193 177
193.1 183
193.2 198
193.3 199
193.4 217
193.5 235
193.6 262
193.7 259
193.8 269
193.9 272
194 252
194.1 244
194.2 230
194.3 226
194.4 235
194.5 227
194.6 246
194.7 244
194.8 243
194.9 219
195 209
195.1 204
195.2 199
195.3 185
195.4 190
195.5 235
195.6 276
195.7 276
195.8 275
195.9 267
196 249
196.1 244
196.2 240
196.3 242
196.4 235
196.5 215
196.6 207
196.7 217
196.8 217
196.9 215
197 194
197.1 178
197.2 170
197.3 171
197.4 194
197.5 198
197.6 202
197.7 204
197.8 208
197.9 207
198 227
198.1 228
198.2 229
198.3 238
198.4 259
198.5 288
198.6 334
198.7 355
198.8 353
198.9 366
199 371
199.1 372
199.2 374
199.3 383
199.4 390
199.5 396
199.6 414
199.7 422
199.8 437
199.9 447
200 470
