0 0
0.1 0
0.2 0
0.3 0
0.4 0
0.5 1
0.6 5
0.7 6
0.8 8
0.9 7
1 10
1.1 15
1.2 18
1.3 19
1.4 20
1.5 21
1.6 23
1.7 23
1.8 27
1.9 35
2 35
2.1 34
2.2 37
2.3 39
2.4 40
2.5 44
2.6 50
2.7 53
2.8 56
2.9 56
3 56
3.1 57
3.2 58
3.3 58
3.4 55
3.5 58
3.6 59
3.7 57
3.8 55
3.9 53
4 49
4.1 47
4.2 49
4.3 53
4.4 55
4.5 54
4.6 56
4.7 56
4.8 55
4.9 53
5 52
5.1 54
5.2 55
5.3 59
5.4 63
5.5 63
5.6 63
5.7 61
5.8 60
5.9 69
6 65
6.1 66
6.2 66
6.3 68
6.4 69
6.5 70
6.6 72
6.7 71
6.8 70
6.9 70
7 73
7.1 71
7.2 69
7.3 70
7.4 68
7.5 71
7.6 68
7.7 71
7.8 64
7.9 59
8 57
8.1 54
8.2 51
8.3 49
8.4 48
8.5 48
8.6 43
8.7 39
8.8 38
8.9 34
9 32
9.1 30
9.2 30
9.3 27
9.4 27
9.5 25
9.6 24
9.7 20
9.8 19
9.9 19
10 18
10.1 16
10.2 15
10.3 15
10.4 15
10.5 15
10.6 13
10.7 13
10.8 12
10.9 12
11 11
11.1 10
11.2 10
11.3 10
11.4 10
11.5 10
11.6 9
11.7 8
11.8 6
11.9 7
12 4
12.1 4
12.2 4
12.3 4
12.4 4
12.5 4
12.6 4
12.7 4
12.8 3
12.9 3
13 3
13.1 3
13.2 3
13.3 3
13.4 3
13.5 3
13.6 3
13.7 3
13.8 3
13.9 3
14 3
14.1 3
14.2 3
14.3 2
14.4 2
14.5 2
14.6 2
14.7 2
14.8 2
14.9 2
15 2
15.1 1
15.2 0
15.3 0
15.4 0
15.5 0
15.6 0
15.7 0
15.8 0
15.9 0
16 0
16.1 0
16.2 0
16.3 0
16.4 0
16.5 0
16.6 0
16.7 0
16.8 0
16.9 0
17 1
17.1 1
17.2 1
17.3 1
17.4 1
17.5 1
17.6 1
17.7 1
17.8 0
17.9 0
18 0
18.1 0
18.2 0
18.3 0
18.4 0
18.5 0
18.6 0
18.7 0
18.8 0
18.9 0
19 1
19.1 3
19.2 5
19.3 5
19.4 7
19.5 8
19.6 8
19.7 7
19.8 10
19.9 14
20 14
20.1 19
20.2 23
20.3 28
20.4 31
20.5 37
20.6 38
20.7 44
20.8 46
20.9 50
21 48
21.1 48
21.2 49
21.3 47
21.4 46
21.5 48
21.6 45
21.7 48
21.8 49
21.9 48
22 52
22.1 58
22.2 62
22.3 60
22.4 61
22.5 56
22.6 52
22.7 48
22.8 47
22.9 47
23 48
23.1 48
23.2 48
23.3 46
23.4 46
23.5 44
23.6 46
23.7 48
23.8 49
23.9 44
24 41
24.1 40
24.2 38
24.3 35
24.4 35
24.5 34
24.6 34
24.7 30
24.8 28
24.9 27
25 26
25.1 23
25.2 23
25.3 22
25.4 20
25.5 18
25.6 17
25.7 17
25.8 15
25.9 15
26 15
26.1 14
26.2 13
26.3 12
26.4 12
26.5 12
26.6 12
26.7 12
26.8 11
26.9 10
27 8
27.1 8
27.2 8
27.3 6
27.4 5
27.5 5
27.6 5
27.7 4
27.8 4
27.9 4
28 3
28.1 2
28.2 2
28.3 2
28.4 5
28.5 5
28.6 4
28.7 4
28.8 3
28.9 3
29 3
29.1 3
29.2 3
29.3 3
29.4 3
29.5 2
29.6 2
29.7 2
29.8 2
29.9 2
30 2
30.1 2
30.2 2
30.3 2
30.4 2
30.5 2
30.6 2
30.7 2
30.8 2
30.9 2
31 2
31.1 2
31.2 2
31.3 2
31.4 2
31.5 2
31.6 2
31.7 3
31.8 5
31.9 4
32 2
32.1 2
32.2 2
32.3 2
32.4 2
32.5 2
32.6 2
32.7 2
32.8 2
32.9 2
33 2
33.1 2
33.2 0
33.3 0
33.4 0
33.5 0
33.6 0
33.7 0
33.8 0
33.9 0
34 0
34.1 0
34.2 0
34.3 0
34.4 0
34.5 0
34.6 0
34.7 0
34.8 0
34.9 0
35 0
35.1 0
35.2 1
35.3 1
35.4 1
35.5 3
35.6 6
35.7 5
35.8 8
35.9 12
36 19
36.1 19
36.2 23
36.3 22
36.4 23
36.5 24
36.6 23
36.7 26
36.8 27
36.9 30
37 32
37.1 32
37.2 34
37.3 33
37.4 32
37.5 32
37.6 35
37.7 36
37.8 37
37.9 40
38 43
38.1 47
38.2 50
38.3 53
38.4 56
38.5 57
38.6 57
38.7 57
38.8 57
38.9 56
39 51
39.1 54
39.2 57
39.3 57
39.4 59
39.5 57
39.6 56
39.7 56
39.8 58
39.9 61
40 61
40.1 67
40.2 61
40.3 63
40.4 62
40.5 58
40.6 57
40.7 56
40.8 54
40.9 52
41 52
41.1 51
41.2 48
41.3 44
41.4 42
41.5 39
41.6 35
41.7 33
41.8 33
41.9 33
42 31
42.1 30
42.2 30
42.3 28
42.4 26
42.5 25
42.6 24
42.7 23
42.8 23
42.9 22
43 22
43.1 20
43.2 19
43.3 18
43.4 18
43.5 17
43.6 16
43.7 16
43.8 16
43.9 16
44 14
44.1 13
44.2 13
44.3 13
44.4 13
44.5 12
44.6 11
44.7 11
44.8 10
44.9 10
45 10
45.1 10
45.2 9
45.3 9
45.4 6
45.5 5
45.6 5
45.7 4
45.8 3
45.9 3
46 3
46.1 3
46.2 3
46.3 3
46.4 3
46.5 3
46.6 3
46.7 3
46.8 3
46.9 3
47 3
47.1 3
47.2 3
47.3 3
47.4 3
47.5 3
47.6 2
47.7 2
47.8 2
47.9 2
48 2
48.1 1
48.2 1
48.3 1
48.4 1
48.5 1
48.6 1
48.7 1
48.8 1
48.9 1
49 1
49.1 1
49.2 1
49.3 1
49.4 1
49.5 1
49.6 1
49.7 1
49.8 2
49.9 2
50 2
50.1 1
50.2 1
50.3 1
50.4 1
50.5 1
50.6 2
50.7 1
50.8 1
50.9 1
51 3
51.1 3
51.2 2
51.3 2
51.4 2
51.5 2
51.6 1
51.7 1
51.8 1
51.9 1
52 1
52.1 1
52.2 1
52.3 1
52.4 1
52.5 0
52.6 0
52.7 0
52.8 0
52.9 0
53 3
53.1 4
53.2 5
53.3 6
53.4 7
53.5 6
53.6 8
53.7 11
53.8 11
53.9 13
54 12
54.1 16
54.2 18
54.3 19
54.4 22
54.5 23
54.6 28
54.7 28
54.8 32
54.9 34
55 40
55.1 46
55.2 47
55.3 51
55.4 53
55.5 55
55.6 58
55.7 59
55.8 62
55.9 58
56 62
56.1 64
56.2 64
56.3 65
56.4 64
56.5 69
56.6 70
56.7 67
56.8 66
56.9 69
57 66
57.1 64
57.2 67
57.3 67
57.4 70
57.5 70
57.6 69
57.7 70
57.8 73
57.9 73
58 78
58.1 74
58.2 67
58.3 64
58.4 63
58.5 60
58.6 58
58.7 55
58.8 53
58.9 49
59 48
59.1 45
59.2 42
59.3 42
59.4 40
59.5 39
59.6 38
59.7 35
59.8 35
59.9 34
60 33
60.1 32
60.2 32
60.3 31
60.4 30
60.5 29
60.6 29
60.7 29
60.8 26
60.9 26
61 22
61.1 22
61.2 20
61.3 18
61.4 18
61.5 17
61.6 17
61.7 17
61.8 17
61.9 15
62 14
62.1 13
62.2 13
62.3 13
62.4 11
62.5 11
62.6 10
62.7 10
62.8 10
62.9 10
63 9
63.1 9
63.2 9
63.3 9
63.4 6
63.5 6
63.6 5
63.7 5
63.8 4
63.9 4
64 4
64.1 4
64.2 4
64.3 4
64.4 4
64.5 4
64.6 3
64.7 3
64.8 3
64.9 2
65 2
65.1 2
65.2 2
65.3 2
65.4 2
65.5 2
65.6 2
65.7 2
65.8 2
65.9 2
66 2
66.1 2
66.2 2
66.3 2
66.4 1
66.5 0
66.6 0
66.7 0
66.8 0
66.9 0
67 0
67.1 0
67.2 0
67.3 0
67.4 0
67.5 0
67.6 0
67.7 0
67.8 0
67.9 0
68 0
68.1 0
68.2 0
68.3 0
68.4 0
68.5 0
68.6 0
68.7 0
68.8 0
68.9 0
69 0
69.1 0
69.2 0
69.3 0
69.4 0
69.5 0
69.6 0
69.7 0
69.8 0
69.9 0
70 0
70.1 0
70.2 0
70.3 0
70.4 0
70.5 0
70.6 0
70.7 0
70.8 0
70.9 0
71 0
71.1 0
71.2 0
71.3 0
71.4 0
71.5 0
71.6 0
71.7 0
71.8 0
71.9 0
72 0
72.1 1
72.2 1
72.3 1
72.4 0
72.5 0
72.6 1
72.7 1
72.8 1
72.9 1
73 1
73.1 1
73.2 1
73.3 1
73.4 1
73.5 1
73.6 1
73.7 1
73.8 1
73.9 1
74 1
74.1 1
74.2 0
74.3 0
74.4 0
74.5 0
74.6 0
74.7 2
74.8 3
74.9 3
75 3
75.1 2
75.2 2
75.3 6
75.4 6
75.5 9
75.6 11
75.7 16
75.8 18
75.9 21
76 26
76.1 30
76.2 34
76.3 34
76.4 39
76.5 38
76.6 33
76.7 36
76.8 37
76.9 38
77 37
77.1 40
77.2 41
77.3 43
77.4 42
77.5 45
77.6 48
77.7 46
77.8 45
77.9 46
78 47
78.1 48
78.2 49
78.3 57
78.4 56
78.5 56
78.6 55
78.7 50
78.8 55
78.9 55
79 56
79.1 55
79.2 53
79.3 58
79.4 59
79.5 60
79.6 59
79.7 57
79.8 55
79.9 55
80 52
80.1 55
80.2 54
80.3 52
80.4 51
80.5 52
80.6 54
80.7 58
80.8 55
80.9 60
81 57
81.1 59
81.2 57
81.3 54
81.4 51
81.5 48
81.6 43
81.7 40
81.8 39
81.9 34
82 33
82.1 32
82.2 31
82.3 29
82.4 27
82.5 27
82.6 26
82.7 26
82.8 25
82.9 22
83 21
83.1 21
83.2 20
83.3 19
83.4 19
83.5 19
83.6 17
83.7 16
83.8 16
83.9 16
84 16
84.1 14
84.2 14
84.3 14
84.4 13
84.5 13
84.6 12
84.7 12
84.8 12
84.9 12
85 12
85.1 12
85.2 12
85.3 11
85.4 11
85.5 10
85.6 10
85.7 10
85.8 10
85.9 9
86 9
86.1 9
86.2 9
86.3 6
86.4 6
86.5 6
86.6 5
86.7 5
86.8 5
86.9 5
87 4
87.1 4
87.2 4
87.3 3
87.4 3
87.5 3
87.6 3
87.7 3
87.8 3
87.9 2
88 2
88.1 2
88.2 2
88.3 2
88.4 6
88.5 6
88.6 6
88.7 6
88.8 6
88.9 6
89 6
89.1 5
89.2 4
89.3 4
89.4 4
89.5 3
89.6 3
89.7 3
89.8 3
89.9 2
90 1
90.1 1
90.2 1
90.3 1
90.4 1
90.5 1
90.6 1
90.7 1
90.8 1
90.9 1
91 1
91.1 1
91.2 1
91.3 1
91.4 1
91.5 1
91.6 1
91.7 1
91.8 0
91.9 0
92 0
92.1 0
92.2 0
92.3 0
92.4 0
92.5 0
92.6 0
92.7 0
92.8 0
92.9 0
93 0
93.1 0
93.2 0
93.3 0
93.4 0
93.5 0
93.6 0
93.7 0
93.8 0
93.9 0
94 0
94.1 0
94.2 0
94.3 0
94.4 0
94.5 0
94.6 0
94.7 0
94.8 0
94.9 0
95 0
95.1 0
95.2 0
95.3 0
95.4 0
95.5 0
95.6 0
95.7 0
95.8 0
95.9 0
96 0
96.1 0
96.2 0
96.3 1
96.4 1
96.5 1
96.6 3
96.7 3
96.8 2
96.9 7
97 11
97.1 12
97.2 18
97.3 16
97.4 16
97.5 18
97.6 18
97.7 20
97.8 23
97.9 24
98 25
98.1 27
98.2 30
98.3 31
98.4 34
98.5 38
98.6 40
98.7 40
98.8 39
98.9 39
99 36
99.1 37
99.2 41
99.3 40
99.4 42
99.5 48
99.6 49
99.7 50
99.8 52
99.9 54
100 55
100.1 54
100.2 57
100.3 60
100.4 56
100.5 59
100.6 57
100.7 58
100.8 58
100.9 57
101 60
101.1 65
101.2 66
101.3 66
101.4 64
101.5 63
101.6 60
101.7 55
101.8 58
101.9 59
102 56
102.1 58
102.2 54
102.3 56
102.4 48
102.5 44
102.6 42
102.7 42
102.8 41
102.9 41
103 40
103.1 39
103.2 39
103.3 38
103.4 34
103.5 33
103.6 32
103.7 30
103.8 29
103.9 26
104 25
104.1 24
104.2 23
104.3 23
104.4 20
104.5 20
104.6 18
104.7 17
104.8 16
104.9 15
105 15
105.1 14
105.2 14
105.3 14
105.4 13
105.5 12
105.6 12
105.7 12
105.8 12
105.9 12
106 11
106.1 10
106.2 8
106.3 7
106.4 7
106.5 7
106.6 7
106.7 5
106.8 5
106.9 5
107 5
107.1 5
107.2 5
107.3 5
107.4 5
107.5 5
107.6 5
107.7 5
107.8 4
107.9 4
108 4
108.1 4
108.2 3
108.3 3
108.4 2
108.5 2
108.6 2
108.7 2
108.8 2
108.9 2
109 2
109.1 2
109.2 2
109.3 2
109.4 2
109.5 1
109.6 1
109.7 0
109.8 0
109.9 0
110 0
110.1 0
110.2 0
110.3 0
110.4 0
110.5 0
110.6 0
110.7 0
110.8 0
110.9 0
111 0
111.1 0
111.2 0
111.3 0
111.4 0
111.5 0
111.6 0
111.7 0
111.8 0
111.9 0
112 0
112.1 0
112.2 0
112.3 0
112.4 0
112.5 0
112.6 7
112.7 7
112.8 9
112.9 12
113 14
113.1 16
113.2 16
113.3 17
113.4 23
113.5 25
113.6 28
113.7 32
113.8 32
113.9 34
114 34
114.1 33
114.2 35
114.3 36
114.4 36
114.5 37
114.6 38
114.7 39
114.8 40
114.9 44
115 46
115.1 50
115.2 52
115.3 53
115.4 53
115.5 49
115.6 49
115.7 50
115.8 51
115.9 52
116 48
116.1 53
116.2 55
116.3 59
116.4 56
116.5 53
116.6 53
116.7 51
116.8 54
116.9 54
117 51
117.1 51
117.2 53
117.3 58
117.4 57
117.5 63
117.6 65
117.7 66
117.8 61
117.9 56
118 53
118.1 49
118.2 47
118.3 46
118.4 43
118.5 41
118.6 40
118.7 39
118.8 38
118.9 37
119 35
119.1 35
119.2 33
119.3 32
119.4 30
119.5 27
119.6 26
119.7 24
119.8 23
119.9 22
120 24
120.1 23
120.2 23
120.3 22
120.4 22
120.5 21
120.6 20
120.7 20
120.8 20
120.9 20
121 19
121.1 18
121.2 17
121.3 17
121.4 16
121.5 15
121.6 13
121.7 13
121.8 12
121.9 12
122 12
122.1 12
122.2 12
122.3 11
122.4 11
122.5 11
122.6 9
122.7 9
122.8 9
122.9 8
123 8
123.1 7
123.2 6
123.3 6
123.4 5
123.5 5
123.6 5
123.7 4
123.8 4
123.9 4
124 4
124.1 4
124.2 4
124.3 4
124.4 4
124.5 4
124.6 3
124.7 3
124.8 3
124.9 2
125 2
125.1 2
125.2 2
125.3 2
125.4 2
125.5 2
125.6 2
125.7 2
125.8 2
125.9 2
126 2
126.1 2
126.2 2
126.3 2
126.4 2
126.5 2
126.6 1
126.7 0
126.8 0
126.9 0
127 0
127.1 0
127.2 0
127.3 0
127.4 0
127.5 0
127.6 0
127.7 0
127.8 0
127.9 0
128 0
128.1 0
128.2 0
128.3 0
128.4 0
128.5 0
128.6 0
128.7 0
128.8 0
128.9 0
129 0
129.1 0
129.2 0
129.3 0
129.4 0
129.5 0
129.6 0
129.7 0
129.8 0
129.9 0
130 1
130.1 1
130.2 1
130.3 1
130.4 1
130.5 1
130.6 1
130.7 1
130.8 1
130.9 3
131 4
131.1 4
131.2 5
131.3 5
131.4 5
131.5 5
131.6 6
131.7 6
131.8 4
131.9 4
132 4
132.1 4
132.2 3
132.3 3
132.4 3
132.5 3
132.6 2
132.7 7
132.8 7
132.9 7
133 7
133.1 6
133.2 6
133.3 5
133.4 5
133.5 5
133.6 5
133.7 5
133.8 5
133.9 5
134 3
134.1 3
134.2 3
134.3 3
134.4 3
134.5 3
134.6 3
134.7 2
134.8 2
134.9 2
135 5
135.1 5
135.2 6
135.3 8
135.4 9
135.5 10
135.6 11
135.7 11
135.8 10
135.9 8
136 10
136.1 13
136.2 12
136.3 15
136.4 21
136.5 23
136.6 22
136.7 21
136.8 25
136.9 27
137 28
137.1 28
137.2 31
137.3 34
137.4 34
137.5 33
137.6 32
137.7 33
137.8 36
137.9 36
138 39
138.1 39
138.2 38
138.3 36
138.4 37
138.5 37
138.6 41
138.7 44
138.8 49
138.9 53
139 55
139.1 56
139.2 56
139.3 56
139.4 53
139.5 51
139.6 54
139.7 54
139.8 53
139.9 52
140 52
140.1 53
140.2 57
140.3 65
140.4 65
140.5 68
140.6 62
140.7 64
140.8 66
140.9 65
141 64
141.1 62
141.2 65
141.3 67
141.4 65
141.5 66
141.6 67
141.7 66
141.8 63
141.9 60
142 56
142.1 53
142.2 51
142.3 51
142.4 49
142.5 47
142.6 44
142.7 44
142.8 43
142.9 40
143 36
143.1 36
143.2 32
143.3 30
143.4 28
143.5 28
143.6 23
143.7 23
143.8 22
143.9 22
144 22
144.1 20
144.2 18
144.3 17
144.4 17
144.5 16
144.6 16
144.7 16
144.8 13
144.9 13
145 12
145.1 12
145.2 11
145.3 11
145.4 10
145.5 9
145.6 7
145.7 6
145.8 6
145.9 6
146 6
146.1 6
146.2 6
146.3 6
146.4 6
146.5 6
146.6 6
146.7 6
146.8 5
146.9 5
147 5
147.1 5
147.2 5
147.3 5
147.4 4
147.5 4
147.6 4
147.7 4
147.8 4
147.9 3
148 3
148.1 3
148.2 3
148.3 3
148.4 3
148.5 2
148.6 2
148.7 2
148.8 2
148.9 2
149 1
149.1 1
149.2 1
149.3 1
149.4 1
149.5 1
149.6 1
149.7 1
149.8 1
149.9 1
150 1
150.1 5
150.2 5
150.3 6
150.4 6
150.5 6
150.6 5
150.7 5
150.8 5
150.9 5
151 5
151.1 4
151.2 4
151.3 4
151.4 4
151.5 4
151.6 4
151.7 4
151.8 4
151.9 4
152 4
152.1 4
152.2 4
152.3 4
152.4 4
152.5 4
152.6 4
152.7 4
152.8 3
152.9 3
153 3
153.1 3
153.2 3
153.3 2
153.4 2
153.5 2
153.6 0
153.7 0
153.8 0
153.9 0
154 0
154.1 0
154.2 0
154.3 0
154.4 2
154.5 2
154.6 2
154.7 2
154.8 3
154.9 3
155 3
155.1 3
155.2 3
155.3 3
155.4 3
155.5 4
155.6 5
155.7 5
155.8 5
155.9 7
156 7
156.1 7
156.2 9
156.3 10
156.4 10
156.5 12
156.6 17
156.7 17
156.8 21
156.9 20
157 23
157.1 27
157.2 30
157.3 34
157.4 35
157.5 36
157.6 38
157.7 41
157.8 45
157.9 51
158 54
158.1 55
158.2 56
158.3 58
158.4 59
158.5 60
158.6 62
158.7 65
158.8 67
158.9 68
159 69
159.1 67
159.2 65
159.3 67
159.4 67
159.5 72
159.6 73
159.7 70
159.8 69
159.9 65
160 65
160.1 62
160.2 60
160.3 57
160.4 56
160.5 56
160.6 55
160.7 53
160.8 54
160.9 56
161 60
161.1 59
161.2 58
161.3 53
161.4 54
161.5 52
161.6 52
161.7 51
161.8 49
161.9 47
162 45
162.1 44
162.2 43
162.3 43
162.4 41
162.5 40
162.6 38
162.7 37
162.8 34
162.9 33
163 29
163.1 26
163.2 25
163.3 24
163.4 23
163.5 22
163.6 20
163.7 20
163.8 19
163.9 19
164 19
164.1 19
164.2 18
164.3 17
164.4 16
164.5 16
164.6 16
164.7 15
164.8 13
164.9 10
165 10
165.1 9
165.2 8
165.3 8
165.4 7
165.5 7
165.6 7
165.7 7
165.8 7
165.9 7
166 7
166.1 7
166.2 7
166.3 7
166.4 7
166.5 7
166.6 7
166.7 4
166.8 4
166.9 4
167 4
167.1 4
167.2 4
167.3 4
167.4 3
167.5 3
167.6 3
167.7 3
167.8 3
167.9 2
168 1
168.1 1
168.2 1
168.3 1
168.4 1
168.5 1
168.6 1
168.7 1
168.8 1
168.9 1
169 1
169.1 1
169.2 1
169.3 1
169.4 1
169.5 1
169.6 1
169.7 1
169.8 1
169.9 1
170 1
170.1 1
170.2 1
170.3 1
170.4 1
170.5 1
170.6 1
170.7 1
170.8 1
170.9 1
171 1
171.1 1
171.2 1
171.3 1
171.4 1
171.5 1
171.6 1
171.7 1
171.8 1
171.9 1
172 1
172.1 1
172.2 1
172.3 1
172.4 1
172.5 1
172.6 1
172.7 1
172.8 1
172.9 1
173 1
173.1 1
173.2 1
173.3 1
173.4 1
173.5 1
173.6 1
173.7 1
173.8 1
173.9 1
174 1
174.1 1
174.2 1
174.3 0
174.4 0
174.5 0
174.6 0
174.7 0
174.8 0
174.9 0
175 0
175.1 0
175.2 0
175.3 0
175.4 0
175.5 0
175.6 0
175.7 0
175.8 0
175.9 0
176 0
176.1 0
176.2 1
176.3 1
176.4 1
176.5 3
176.6 3
176.7 4
176.8 5
176.9 5
177 7
177.1 9
177.2 10
177.3 10
177.4 11
177.5 17
177.6 21
177.7 20
177.8 21
177.9 20
178 18
178.1 20
178.2 24
178.3 27
178.4 29
178.5 30
178.6 32
178.7 39
178.8 42
178.9 41
179 45
179.1 48
179.2 50
179.3 53
179.4 54
179.5 53
179.6 56
179.7 56
179.8 58
179.9 59
180 57
180.1 55
180.2 57
180.3 59
180.4 56
180.5 54
180.6 52
180.7 51
180.8 53
180.9 53
181 53
181.1 50
181.2 51
181.3 52
181.4 57
181.5 57
181.6 58
181.7 58
181.8 62
181.9 62
182 61
182.1 64
182.2 59
182.3 59
182.4 61
182.5 61
182.6 62
182.7 63
182.8 68
182.9 69
183 71
183.1 68
183.2 63
183.3 62
183.4 60
183.5 55
183.6 54
183.7 55
183.8 54
183.9 50
184 48
184.1 44
184.2 43
184.3 43
184.4 41
184.5 38
184.6 37
184.7 33
184.8 33
184.9 30
185 27
185.1 27
185.2 27
185.3 27
185.4 27
185.5 25
185.6 23
185.7 21
185.8 20
185.9 20
186 18
186.1 18
186.2 18
186.3 17
186.4 15
186.5 15
186.6 15
186.7 15
186.8 14
186.9 13
187 13
187.1 11
187.2 11
187.3 9
187.4 8
187.5 7
187.6 7
187.7 7
187.8 7
187.9 7
188 6
188.1 6
188.2 6
188.3 5
188.4 5
188.5 5
188.6 3
188.7 3
188.8 2
188.9 2
189 2
189.1 1
189.2 1
189.3 1
189.4 1
189.5 1
189.6 1
189.7 1
189.8 1
189.9 1
190 1
190.1 1
190.2 1
190.3 1
190.4 1
190.5 1
190.6 1
190.7 1
190.8 1
190.9 1
191 1
191.1 1
191.2 1
191.3 1
191.4 1
191.5 1
191.6 1
191.7 1
191.8 1
191.9 1
192 1
192.1 1
192.2 1
192.3 1
192.4 1
192.5 1
192.6 1
192.7 1
192.8 1
192.9 1
193 1
193.1 1
193.2 1
193.3 1
193.4 1
193.5 1
193.6 1
193.7 1
193.8 1
193.9 1
194 1
194.1 1
194.2 1
194.3 1
194.4 1
194.5 1
194.6 1
194.7 1
194.8 0
194.9 0
195 0
195.1 0
195.2 0
195.3 0
195.4 0
195.5 0
195.6 0
195.7 0
195.8 0
195.9 0
196 0
196.1 0
196.2 0
196.3 0
196.4 0
196.5 0
196.6 0
196.7 0
196.8 0
196.9 0
197 0
197.1 0
197.2 0
197.3 0
197.4 0
197.5 0
197.6 0
197.7 0
197.8 0
197.9 0
198 0
198.1 0
198.2 0
198.3 0
198.4 0
198.5 0
198.6 0
198.7 0
198.8 0
198.9 1
199 4
199.1 4
199.2 7
199.3 5
199.4 14
199.5 14
199.6 17
199.7 18
199.8 24
199.9 23
200 28
