0 0
0.1 0
0.2 0
0.3 0
0.4 0
0.5 0
0.6 1
0.7 0
0.8 0
0.9 0
1 1
1.1 1
1.2 1
1.3 0
1.4 1
1.5 1
1.6 1
1.7 2
1.8 0
1.9 0
2 0
2.1 3
2.2 3
2.3 2
2.4 2
2.5 0
2.6 4
2.7 3
2.8 0
2.9 1
3 2
3.1 6
3.2 3
3.3 2
3.4 2
3.5 2
3.6 3
3.7 7
3.8 5
3.9 3
4 3
4.1 4
4.2 2
4.3 7
4.4 7
4.5 7
4.6 5
4.7 7
4.8 3
4.9 12
5 6
5.1 7
5.2 6
5.3 2
5.4 3
5.5 4
5.6 2
5.7 12
5.8 6
5.9 7
6 5
6.1 11
6.2 9
6.3 11
6.4 13
6.5 14
6.6 18
6.7 13
6.8 19
6.9 15
7 23
7.1 24
7.2 29
7.3 29
7.4 37
7.5 37
7.6 52
7.7 74
7.8 82
7.9 152
8 296
8.1 433
8.2 576
8.3 698
8.4 811
8.5 908
8.6 989
8.7 1074
8.8 1152
8.9 1204
9 1241
9.1 1269
9.2 1274
9.3 1303
9.4 1325
9.5 1358
9.6 1367
9.7 1373
9.8 1372
9.9 1359
10 1334
10.1 1354
10.2 1329
10.3 1333
10.4 1328
10.5 1340
10.6 1350
10.7 1325
10.8 1295
10.9 1281
11 1274
11.1 1279
11.2 1261
11.3 1263
11.4 1249
11.5 1226
11.6 1208
11.7 1194
11.8 1175
11.9 1145
12 1115
12.1 1076
12.2 1047
12.3 1030
12.4 998
12.5 1001
12.6 998
12.7 984
12.8 967
12.9 948
13 938
13.1 903
13.2 905
13.3 895
13.4 889
13.5 859
13.6 819
13.7 787
13.8 762
13.9 739
14 710
14.1 695
14.2 674
14.3 660
14.4 625
14.5 597
14.6 585
14.7 586
14.8 576
14.9 565
15 565
15.1 572
15.2 574
15.3 577
15.4 584
15.5 575
15.6 559
15.7 548
15.8 538
15.9 538
16 551
16.1 547
16.2 550
16.3 558
16.4 545
16.5 536
16.6 529
16.7 527
16.8 519
16.9 477
17 451
17.1 438
17.2 441
17.3 452
17.4 446
17.5 444
17.6 434
17.7 417
17.8 420
17.9 413
18 357
18.1 338
18.2 324
18.3 326
18.4 242
18.5 179
18.6 108
18.7 59
18.8 45
18.9 42
19 34
19.1 32
19.2 24
19.3 32
19.4 18
19.5 9
19.6 12
19.7 10
19.8 6
19.9 9
20 6
20.1 6
20.2 4
20.3 6
20.4 3
20.5 1
20.6 5
20.7 3
20.8 6
20.9 11
21 4
21.1 7
21.2 7
21.3 13
21.4 6
21.5 11
21.6 7
21.7 3
21.8 5
21.9 2
22 6
22.1 11
22.2 10
22.3 16
22.4 8
22.5 9
22.6 14
22.7 14
22.8 20
22.9 12
23 16
23.1 14
23.2 8
23.3 22
23.4 20
23.5 24
23.6 25
23.7 42
23.8 53
23.9 68
24 97
24.1 103
24.2 74
24.3 55
24.4 59
24.5 80
24.6 119
24.7 184
24.8 222
24.9 242
25 343
25.1 442
25.2 522
25.3 609
25.4 674
25.5 763
25.6 801
25.7 834
25.8 897
25.9 939
26 979
26.1 1007
26.2 1012
26.3 996
26.4 944
26.5 946
26.6 933
26.7 924
26.8 936
26.9 929
27 948
27.1 969
27.2 966
27.3 979
27.4 883
27.5 862
27.6 873
27.7 877
27.8 856
27.9 863
28 869
28.1 890
28.2 894
28.3 880
28.4 859
28.5 838
28.6 826
28.7 826
28.8 831
28.9 827
29 831
29.1 835
29.2 825
29.3 818
29.4 806
29.5 795
29.6 783
29.7 777
29.8 772
29.9 762
30 676
30.1 664
30.2 667
30.3 668
30.4 658
30.5 650
30.6 656
30.7 654
30.8 642
30.9 654
31 646
31.1 635
31.2 627
31.3 608
31.4 577
31.5 536
31.6 485
31.7 491
31.8 462
31.9 448
32 426
32.1 407
32.2 412
32.3 430
32.4 457
32.5 463
32.6 461
32.7 455
32.8 456
32.9 440
33 427
33.1 406
33.2 383
33.3 335
33.4 342
33.5 345
33.6 338
33.7 333
33.8 323
33.9 335
34 322
34.1 325
34.2 305
34.3 279
34.4 271
34.5 257
34.6 253
34.7 268
34.8 254
34.9 229
35 152
35.1 76
35.2 64
35.3 82
35.4 78
35.5 57
35.6 44
35.7 35
35.8 12
35.9 12
36 13
36.1 8
36.2 6
36.3 6
36.4 9
36.5 4
36.6 8
36.7 8
36.8 6
36.9 4
37 10
37.1 4
37.2 7
37.3 6
37.4 8
37.5 4
37.6 6
37.7 6
37.8 7
37.9 9
38 10
38.1 10
38.2 5
38.3 4
38.4 5
38.5 5
38.6 10
38.7 8
38.8 7
38.9 16
39 8
39.1 16
39.2 11
39.3 22
39.4 22
39.5 16
39.6 21
39.7 20
39.8 22
39.9 24
40 23
40.1 26
40.2 37
40.3 60
40.4 92
40.5 111
40.6 187
40.7 255
40.8 394
40.9 507
41 621
41.1 720
41.2 791
41.3 866
41.4 947
41.5 1013
41.6 1065
41.7 1103
41.8 1131
41.9 1170
42 1185
42.1 1196
42.2 1198
42.3 1215
42.4 1229
42.5 1237
42.6 1256
42.7 1248
42.8 1243
42.9 1248
43 1236
43.1 1229
43.2 1240
43.3 1245
43.4 1248
43.5 1227
43.6 1213
43.7 1184
43.8 1175
43.9 1166
44 1160
44.1 1128
44.2 1140
44.3 1144
44.4 1133
44.5 1141
44.6 1132
44.7 1119
44.8 1099
44.9 1091
45 1067
45.1 1028
45.2 997
45.3 973
45.4 954
45.5 941
45.6 906
45.7 876
45.8 848
45.9 833
46 830
46.1 828
46.2 795
46.3 784
46.4 763
46.5 747
46.6 730
46.7 721
46.8 692
46.9 685
47 651
47.1 641
47.2 625
47.3 601
47.4 575
47.5 575
47.6 585
47.7 590
47.8 592
47.9 601
48 600
48.1 591
48.2 582
48.3 564
48.4 549
48.5 540
48.6 538
48.7 534
48.8 526
48.9 522
49 508
49.1 506
49.2 479
49.3 466
49.4 464
49.5 465
49.6 466
49.7 469
49.8 481
49.9 484
50 481
50.1 460
50.2 449
50.3 441
50.4 420
50.5 398
50.6 389
50.7 382
50.8 379
50.9 375
51 376
51.1 374
51.2 364
51.3 338
51.4 339
51.5 341
51.6 344
51.7 335
51.8 326
51.9 322
52 312
52.1 297
52.2 291
52.3 279
52.4 269
52.5 243
52.6 180
52.7 81
52.8 39
52.9 42
53 40
53.1 29
53.2 26
53.3 18
53.4 19
53.5 20
53.6 12
53.7 11
53.8 15
53.9 14
54 9
54.1 7
54.2 9
54.3 1
54.4 8
54.5 4
54.6 1
54.7 2
54.8 5
54.9 3
55 9
55.1 4
55.2 2
55.3 5
55.4 6
55.5 4
55.6 10
55.7 4
55.8 10
55.9 7
56 13
56.1 14
56.2 9
56.3 7
56.4 8
56.5 10
56.6 17
56.7 11
56.8 12
56.9 9
57 15
57.1 18
57.2 9
57.3 13
57.4 15
57.5 13
57.6 22
57.7 10
57.8 27
57.9 17
58 38
58.1 31
58.2 55
58.3 98
58.4 193
58.5 315
58.6 433
58.7 548
58.8 669
58.9 783
59 887
59.1 955
59.2 1029
59.3 1095
59.4 1121
59.5 1153
59.6 1191
59.7 1227
59.8 1254
59.9 1286
60 1306
60.1 1313
60.2 1302
60.3 1308
60.4 1319
60.5 1333
60.6 1336
60.7 1314
60.8 1305
60.9 1297
61 1289
61.1 1234
61.2 1114
61.3 1072
61.4 1082
61.5 1102
61.6 1116
61.7 1143
61.8 1159
61.9 1155
62 1160
62.1 1166
62.2 1159
62.3 1152
62.4 1154
62.5 1129
62.6 1127
62.7 1130
62.8 1124
62.9 1084
63 1070
63.1 1045
63.2 1006
63.3 926
63.4 891
63.5 905
63.6 907
63.7 906
63.8 888
63.9 880
64 859
64.1 869
64.2 837
64.3 838
64.4 829
64.5 816
64.6 817
64.7 819
64.8 801
64.9 721
65 701
65.1 696
65.2 684
65.3 662
65.4 677
65.5 686
65.6 691
65.7 701
65.8 710
65.9 698
66 682
66.1 679
66.2 695
66.3 701
66.4 683
66.5 655
66.6 624
66.7 611
66.8 599
66.9 569
67 472
67.1 405
67.2 362
67.3 296
67.4 307
67.5 322
67.6 324
67.7 359
67.8 382
67.9 400
68 418
68.1 425
68.2 431
68.3 437
68.4 419
68.5 410
68.6 404
68.7 388
68.8 380
68.9 400
69 407
69.1 397
69.2 400
69.3 408
69.4 395
69.5 390
69.6 391
69.7 385
69.8 357
69.9 347
70 348
70.1 346
70.2 333
70.3 334
70.4 340
70.5 343
70.6 351
70.7 366
70.8 364
70.9 365
71 374
71.1 363
71.2 339
71.3 349
71.4 326
71.5 309
71.6 298
71.7 291
71.8 297
71.9 294
72 282
72.1 275
72.2 264
72.3 263
72.4 259
72.5 234
72.6 205
72.7 159
72.8 154
72.9 176
73 191
73.1 190
73.2 193
73.3 200
73.4 191
73.5 198
73.6 196
73.7 185
73.8 165
73.9 169
74 161
74.1 151
74.2 148
74.3 148
74.4 146
74.5 161
74.6 151
74.7 147
74.8 131
74.9 132
75 131
75.1 96
75.2 45
75.3 24
75.4 16
75.5 5
75.6 4
75.7 5
75.8 5
75.9 3
76 6
76.1 5
76.2 8
76.3 6
76.4 4
76.5 8
76.6 2
76.7 3
76.8 4
76.9 6
77 4
77.1 2
77.2 10
77.3 2
77.4 6
77.5 6
77.6 4
77.7 3
77.8 5
77.9 5
78 8
78.1 9
78.2 7
78.3 11
78.4 8
78.5 6
78.6 4
78.7 8
78.8 9
78.9 12
79 10
79.1 10
79.2 4
79.3 10
79.4 8
79.5 12
79.6 8
79.7 13
79.8 18
79.9 16
80 21
80.1 16
80.2 13
80.3 14
80.4 15
80.5 20
80.6 25
80.7 16
80.8 34
80.9 44
81 78
81.1 91
81.2 117
81.3 187
81.4 320
81.5 446
81.6 571
81.7 645
81.8 734
81.9 806
82 875
82.1 913
82.2 955
82.3 980
82.4 997
82.5 1054
82.6 1076
82.7 1099
82.8 1105
82.9 1123
83 1140
83.1 1180
83.2 1190
83.3 1187
83.4 1179
83.5 1154
83.6 1143
83.7 1125
83.8 1129
83.9 1132
84 1128
84.1 1118
84.2 1108
84.3 1108
84.4 1123
84.5 1116
84.6 1125
84.7 1127
84.8 1108
84.9 1086
85 1077
85.1 1052
85.2 1040
85.3 1014
85.4 994
85.5 975
85.6 982
85.7 988
85.8 973
85.9 940
86 932
86.1 934
86.2 915
86.3 919
86.4 889
86.5 877
86.6 865
86.7 791
86.8 752
86.9 712
87 685
87.1 658
87.2 640
87.3 628
87.4 628
87.5 639
87.6 628
87.7 633
87.8 632
87.9 627
88 600
88.1 503
88.2 434
88.3 320
88.4 273
88.5 270
88.6 314
88.7 332
88.8 348
88.9 365
89 402
89.1 426
89.2 443
89.3 473
89.4 483
89.5 478
89.6 466
89.7 465
89.8 474
89.9 475
90 452
90.1 461
90.2 444
90.3 444
90.4 458
90.5 460
90.6 464
90.7 481
90.8 486
90.9 478
91 474
91.1 478
91.2 474
91.3 465
91.4 474
91.5 466
91.6 453
91.7 460
91.8 450
91.9 435
92 415
92.1 417
92.2 417
92.3 398
92.4 386
92.5 372
92.6 350
92.7 336
92.8 344
92.9 342
93 339
93.1 329
93.2 321
93.3 323
93.4 312
93.5 299
93.6 218
93.7 170
93.8 150
93.9 152
94 153
94.1 168
94.2 178
94.3 159
94.4 140
94.5 129
94.6 126
94.7 134
94.8 146
94.9 163
95 183
95.1 201
95.2 200
95.3 204
95.4 207
95.5 174
95.6 144
95.7 139
95.8 121
95.9 128
96 130
96.1 136
96.2 122
96.3 119
96.4 110
96.5 80
96.6 62
96.7 55
96.8 19
96.9 7
97 6
97.1 9
97.2 5
97.3 5
97.4 2
97.5 8
97.6 5
97.7 8
97.8 7
97.9 3
98 4
98.1 4
98.2 4
98.3 1
98.4 8
98.5 3
98.6 6
98.7 8
98.8 2
98.9 6
99 0
99.1 5
99.2 8
99.3 5
99.4 2
99.5 6
99.6 3
99.7 6
99.8 5
99.9 6
100 12
100.1 3
100.2 3
100.3 6
100.4 8
100.5 11
100.6 11
100.7 11
100.8 16
100.9 15
101 21
101.1 14
101.2 12
101.3 14
101.4 24
101.5 15
101.6 19
101.7 32
101.8 30
101.9 33
102 38
102.1 77
102.2 130
102.3 196
102.4 297
102.5 398
102.6 513
102.7 607
102.8 702
102.9 806
103 885
103.1 960
103.2 1001
103.3 1021
103.4 1055
103.5 1094
103.6 1103
103.7 1116
103.8 1141
103.9 1164
104 1169
104.1 1191
104.2 1195
104.3 1200
104.4 1198
104.5 1202
104.6 1196
104.7 1212
104.8 1222
104.9 1212
105 1182
105.1 1132
105.2 1088
105.3 1076
105.4 1070
105.5 1055
105.6 1043
105.7 1051
105.8 1040
105.9 1009
106 990
106.1 962
106.2 960
106.3 952
106.4 950
106.5 951
106.6 921
106.7 888
106.8 834
106.9 782
107 698
107.1 688
107.2 684
107.3 681
107.4 698
107.5 698
107.6 717
107.7 727
107.8 733
107.9 747
108 723
108.1 709
108.2 690
108.3 676
108.4 664
108.5 648
108.6 660
108.7 668
108.8 669
108.9 653
109 632
109.1 620
109.2 616
109.3 624
109.4 616
109.5 597
109.6 588
109.7 587
109.8 584
109.9 572
110 562
110.1 541
110.2 533
110.3 496
110.4 482
110.5 475
110.6 465
110.7 441
110.8 415
110.9 391
111 391
111.1 400
111.2 410
111.3 389
111.4 377
111.5 373
111.6 386
111.7 343
111.8 330
111.9 331
112 335
112.1 332
112.2 319
112.3 199
112.4 89
112.5 36
112.6 23
112.7 14
112.8 14
112.9 11
113 10
113.1 8
113.2 4
113.3 9
113.4 6
113.5 7
113.6 5
113.7 6
113.8 7
113.9 9
114 10
114.1 6
114.2 11
114.3 9
114.4 6
114.5 14
114.6 9
114.7 9
114.8 8
114.9 13
115 5
115.1 7
115.2 15
115.3 17
115.4 13
115.5 14
115.6 9
115.7 11
115.8 10
115.9 12
116 9
116.1 14
116.2 13
116.3 19
116.4 17
116.5 13
116.6 15
116.7 23
116.8 11
116.9 20
117 20
117.1 11
117.2 20
117.3 27
117.4 17
117.5 27
117.6 32
117.7 48
117.8 58
117.9 74
118 73
118.1 78
118.2 111
118.3 191
118.4 303
118.5 425
118.6 556
118.7 671
118.8 794
118.9 856
119 946
119.1 946
119.2 989
119.3 1025
119.4 1088
119.5 1138
119.6 1191
119.7 1223
119.8 1241
119.9 1276
120 1301
120.1 1322
120.2 1347
120.3 1355
120.4 1360
120.5 1351
120.6 1354
120.7 1350
120.8 1359
120.9 1356
121 1339
121.1 1342
121.2 1333
121.3 1325
121.4 1304
121.5 1311
121.6 1318
121.7 1303
121.8 1269
121.9 1255
122 1235
122.1 1203
122.2 1191
122.3 1179
122.4 1155
122.5 1103
122.6 1024
122.7 1008
122.8 1004
122.9 983
123 965
123.1 942
123.2 926
123.3 920
123.4 903
123.5 918
123.6 879
123.7 816
123.8 809
123.9 802
124 788
124.1 768
124.2 780
124.3 787
124.4 791
124.5 788
124.6 781
124.7 802
124.8 812
124.9 803
125 806
125.1 793
125.2 793
125.3 766
125.4 749
125.5 698
125.6 695
125.7 661
125.8 642
125.9 613
126 601
126.1 601
126.2 586
126.3 588
126.4 576
126.5 583
126.6 567
126.7 555
126.8 530
126.9 502
127 490
127.1 499
127.2 486
127.3 466
127.4 448
127.5 442
127.6 453
127.7 452
127.8 455
127.9 461
128 451
128.1 432
128.2 423
128.3 434
128.4 441
128.5 428
128.6 434
128.7 424
128.8 427
128.9 413
129 403
129.1 397
129.2 393
129.3 379
129.4 385
129.5 398
129.6 393
129.7 391
129.8 386
129.9 310
130 184
130.1 94
130.2 103
130.3 99
130.4 117
130.5 144
130.6 162
130.7 158
130.8 175
130.9 172
131 164
131.1 177
131.2 183
131.3 182
131.4 197
131.5 202
131.6 210
131.7 221
131.8 230
131.9 232
132 226
132.1 217
132.2 225
132.3 232
132.4 237
132.5 240
132.6 249
132.7 270
132.8 265
132.9 263
133 259
133.1 247
133.2 235
133.3 203
133.4 209
133.5 232
133.6 239
133.7 235
133.8 251
133.9 262
134 265
134.1 234
134.2 226
134.3 227
134.4 226
134.5 230
134.6 218
134.7 208
134.8 192
134.9 177
135 123
135.1 69
135.2 47
135.3 29
135.4 23
135.5 21
135.6 14
135.7 22
135.8 16
135.9 21
136 13
136.1 7
136.2 4
136.3 5
136.4 5
136.5 6
136.6 6
136.7 4
136.8 8
136.9 4
137 3
137.1 4
137.2 4
137.3 5
137.4 4
137.5 6
137.6 10
137.7 9
137.8 8
137.9 1
138 4
138.1 7
138.2 3
138.3 4
138.4 10
138.5 7
138.6 3
138.7 7
138.8 3
138.9 5
139 2
139.1 7
139.2 9
139.3 3
139.4 7
139.5 7
139.6 8
139.7 8
139.8 5
139.9 6
140 7
140.1 10
140.2 8
140.3 15
140.4 9
140.5 12
140.6 8
140.7 15
140.8 13
140.9 14
141 17
141.1 20
141.2 11
141.3 23
141.4 13
141.5 29
141.6 41
141.7 58
141.8 49
141.9 63
142 99
142.1 174
142.2 241
142.3 361
142.4 503
142.5 653
142.6 756
142.7 836
142.8 931
142.9 988
143 1057
143.1 1101
143.2 1188
143.3 1238
143.4 1244
143.5 1277
143.6 1265
143.7 1288
143.8 1301
143.9 1313
144 1321
144.1 1341
144.2 1337
144.3 1334
144.4 1341
144.5 1351
144.6 1349
144.7 1353
144.8 1354
144.9 1363
145 1355
145.1 1328
145.2 1299
145.3 1279
145.4 1259
145.5 1254
145.6 1249
145.7 1239
145.8 1195
145.9 1165
146 1140
146.1 1107
146.2 1072
146.3 1055
146.4 1045
146.5 1050
146.6 1033
146.7 1011
146.8 993
146.9 976
147 966
147.1 966
147.2 944
147.3 921
147.4 875
147.5 869
147.6 856
147.7 855
147.8 858
147.9 831
148 828
148.1 842
148.2 838
148.3 827
148.4 813
148.5 816
148.6 806
148.7 792
148.8 744
148.9 701
149 668
149.1 638
149.2 618
149.3 622
149.4 624
149.5 638
149.6 640
149.7 643
149.8 633
149.9 626
150 607
150.1 526
150.2 466
150.3 439
150.4 444
150.5 458
150.6 463
150.7 481
150.8 491
150.9 489
151 470
151.1 462
151.2 442
151.3 432
151.4 416
151.5 408
151.6 409
151.7 416
151.8 410
151.9 407
152 408
152.1 428
152.2 420
152.3 395
152.4 367
152.5 355
152.6 372
152.7 391
152.8 379
152.9 374
153 376
153.1 355
153.2 350
153.3 355
153.4 335
153.5 309
153.6 290
153.7 284
153.8 272
153.9 275
154 274
154.1 256
154.2 159
154.3 98
154.4 72
154.5 66
154.6 54
154.7 35
154.8 43
154.9 42
155 44
155.1 48
155.2 50
155.3 52
155.4 23
155.5 16
155.6 21
155.7 10
155.8 9
155.9 9
156 5
156.1 7
156.2 11
156.3 2
156.4 4
156.5 3
156.6 4
156.7 2
156.8 6
156.9 6
157 6
157.1 5
157.2 1
157.3 3
157.4 6
157.5 3
157.6 6
157.7 4
157.8 4
157.9 9
158 10
158.1 7
158.2 7
158.3 7
158.4 7
158.5 2
158.6 11
158.7 9
158.8 13
158.9 7
159 7
159.1 12
159.2 5
159.3 12
159.4 10
159.5 16
159.6 15
159.7 16
159.8 20
159.9 24
160 23
160.1 14
160.2 19
160.3 26
160.4 23
160.5 23
160.6 30
160.7 39
160.8 44
160.9 34
161 59
161.1 72
161.2 97
161.3 109
161.4 134
161.5 176
161.6 258
161.7 368
161.8 488
161.9 627
162 725
162.1 826
162.2 926
162.3 1005
162.4 1074
162.5 1129
162.6 1194
162.7 1258
162.8 1305
162.9 1328
163 1387
163.1 1404
163.2 1415
163.3 1407
163.4 1401
163.5 1417
163.6 1428
163.7 1413
163.8 1412
163.9 1417
164 1390
164.1 1406
164.2 1395
164.3 1391
164.4 1370
164.5 1350
164.6 1352
164.7 1342
164.8 1326
164.9 1301
165 1261
165.1 1230
165.2 1205
165.3 1183
165.4 1167
165.5 1133
165.6 1111
165.7 1075
165.8 1035
165.9 1016
166 1024
166.1 1019
166.2 1033
166.3 1033
166.4 1012
166.5 991
166.6 965
166.7 969
166.8 976
166.9 952
167 951
167.1 952
167.2 930
167.3 882
167.4 882
167.5 876
167.6 850
167.7 806
167.8 770
167.9 763
168 753
168.1 745
168.2 743
168.3 734
168.4 723
168.5 688
168.6 609
168.7 571
168.8 551
168.9 532
169 535
169.1 531
169.2 504
169.3 509
169.4 508
169.5 479
169.6 479
169.7 468
169.8 473
169.9 467
170 494
170.1 493
170.2 486
170.3 482
170.4 463
170.5 455
170.6 465
170.7 474
170.8 466
170.9 449
171 430
171.1 423
171.2 419
171.3 417
171.4 410
171.5 411
171.6 409
171.7 394
171.8 374
171.9 384
172 390
172.1 384
172.2 376
172.3 358
172.4 348
172.5 339
172.6 299
172.7 279
172.8 266
172.9 263
173 261
173.1 261
173.2 262
173.3 252
173.4 242
173.5 230
173.6 233
173.7 204
173.8 187
173.9 181
174 174
174.1 148
174.2 138
174.3 136
174.4 141
174.5 137
174.6 140
174.7 130
174.8 133
174.9 99
175 81
175.1 71
175.2 95
175.3 104
175.4 122
175.5 138
175.6 132
175.7 142
175.8 140
175.9 141
176 129
176.1 112
176.2 116
176.3 101
176.4 92
176.5 84
176.6 77
176.7 50
176.8 24
176.9 17
177 15
177.1 12
177.2 6
177.3 13
177.4 9
177.5 5
177.6 1
177.7 8
177.8 8
177.9 2
178 6
178.1 3
178.2 4
178.3 2
178.4 3
178.5 4
178.6 4
178.7 0
178.8 4
178.9 7
179 6
179.1 4
179.2 3
179.3 7
179.4 7
179.5 8
179.6 4
179.7 6
179.8 3
179.9 5
180 8
180.1 9
180.2 8
180.3 8
180.4 9
180.5 11
180.6 14
180.7 8
180.8 8
180.9 9
181 9
181.1 17
181.2 9
181.3 10
181.4 9
181.5 8
181.6 12
181.7 7
181.8 11
181.9 11
182 8
182.1 13
182.2 14
182.3 22
182.4 16
182.5 19
182.6 20
182.7 24
182.8 24
182.9 19
183 23
183.1 34
183.2 33
183.3 47
183.4 55
183.5 60
183.6 92
183.7 105
183.8 135
183.9 174
184 313
184.1 474
184.2 615
184.3 719
184.4 829
184.5 953
184.6 1064
184.7 1145
184.8 1186
184.9 1267
185 1327
185.1 1378
185.2 1421
185.3 1418
185.4 1387
185.5 1408
185.6 1428
185.7 1456
185.8 1475
185.9 1454
186 1438
186.1 1452
186.2 1453
186.3 1453
186.4 1448
186.5 1443
186.6 1439
186.7 1452
186.8 1453
186.9 1450
187 1450
187.1 1406
187.2 1389
187.3 1338
187.4 1330
187.5 1308
187.6 1292
187.7 1292
187.8 1283
187.9 1267
188 1243
188.1 1225
188.2 1217
188.3 1177
188.4 1151
188.5 1148
188.6 1140
188.7 1110
188.8 1078
188.9 1046
189 1009
189.1 991
189.2 979
189.3 941
189.4 914
189.5 895
189.6 885
189.7 867
189.8 843
189.9 835
190 819
190.1 797
190.2 766
190.3 728
190.4 720
190.5 732
190.6 731
190.7 733
190.8 700
190.9 700
191 689
191.1 685
191.2 674
191.3 656
191.4 625
191.5 606
191.6 606
191.7 594
191.8 608
191.9 608
192 588
192.1 576
192.2 572
192.3 547
192.4 517
192.5 521
192.6 512
192.7 500
192.8 490
192.9 497
193 499
193.1 480
193.2 457
193.3 447
193.4 422
193.5 394
193.6 359
193.7 360
193.8 343
193.9 336
194 353
194.1 356
194.2 366
194.3 364
194.4 353
194.5 353
194.6 330
194.7 329
194.8 326
194.9 338
195 343
195.1 343
195.2 341
195.3 344
195.4 331
195.5 275
195.6 231
195.7 227
195.8 222
195.9 226
196 240
196.1 236
196.2 236
196.3 233
196.4 234
196.5 246
196.6 248
196.7 233
196.8 231
196.9 229
197 241
197.1 250
197.2 254
197.3 248
197.4 218
197.5 210
197.6 202
197.7 199
197.8 193
197.9 193
198 169
198.1 163
198.2 161
198.3 147
198.4 123
198.5 91
198.6 42
198.7 21
198.8 23
198.9 11
199 8
199.1 9
199.2 9
199.3 5
199.4 6
199.5 7
199.6 4
199.7 6
199.8 3
199.9 5
200 2
