0 0
0.1 9
0.2 21
0.3 59
0.4 122
0.5 205
0.6 268
0.7 387
0.8 528
0.9 649
1 737
1.1 830
1.2 934
1.3 1030
1.4 1103
1.5 1202
1.6 1277
1.7 1401
1.8 1450
1.9 1475
2 1499
2.1 1520
2.2 1556
2.3 1516
2.4 1508
2.5 1504
2.6 1424
2.7 1402
2.8 1427
2.9 1407
3 1376
3.1 1335
3.2 1267
3.3 1246
3.4 1232
3.5 1181
3.6 1204
3.7 1262
3.8 1277
3.9 1228
4 1222
4.1 1282
4.2 1301
4.3 1277
4.4 1273
4.5 1252
4.6 1213
4.7 1159
4.8 1167
4.9 1183
5 1207
5.1 1185
5.2 1200
5.3 1201
5.4 1198
5.5 1166
5.6 1137
5.7 1112
5.8 1021
5.9 998
6 907
6.1 816
6.2 832
6.3 775
6.4 702
6.5 636
6.6 633
6.7 621
6.8 532
6.9 436
7 359
7.1 248
7.2 246
7.3 228
7.4 175
7.5 117
7.6 63
7.7 21
7.8 16
7.9 4
8 0
8.1 3
8.2 4
8.3 0
8.4 0
8.5 3
8.6 0
8.7 0
8.8 2
8.9 0
9 0
9.1 0
9.2 3
9.3 2
9.4 2
9.5 1
9.6 1
9.7 1
9.8 0
9.9 2
10 2
10.1 1
10.2 0
10.3 1
10.4 1
10.5 0
10.6 0
10.7 2
10.8 1
10.9 2
11 1
11.1 1
11.2 2
11.3 0
11.4 0
11.5 0
11.6 2
11.7 1
11.8 2
11.9 1
12 1
12.1 2
12.2 1
12.3 0
12.4 1
12.5 2
12.6 1
12.7 3
12.8 1
12.9 2
13 0
13.1 1
13.2 3
13.3 4
13.4 2
13.5 1
13.6 3
13.7 2
13.8 3
13.9 1
14 5
14.1 2
14.2 0
14.3 8
14.4 5
14.5 1
14.6 1
14.7 3
14.8 1
14.9 2
15 1
15.1 1
15.2 3
15.3 1
15.4 1
15.5 3
15.6 4
15.7 1
15.8 2
15.9 1
16 0
16.1 2
16.2 1
16.3 3
16.4 0
16.5 1
16.6 2
16.7 4
16.8 9
16.9 3
17 5
17.1 0
17.2 2
17.3 12
17.4 37
17.5 28
17.6 31
17.7 19
17.8 12
17.9 9
18 12
18.1 15
18.2 29
18.3 15
18.4 26
18.5 18
18.6 5
18.7 11
18.8 3
18.9 5
19 8
19.1 9
19.2 2
19.3 3
19.4 9
19.5 14
19.6 13
19.7 2
19.8 7
19.9 5
20 4
20.1 4
20.2 6
20.3 6
20.4 25
20.5 21
20.6 8
20.7 8
20.8 4
20.9 4
21 7
21.1 5
21.2 1
21.3 2
21.4 5
21.5 7
21.6 8
21.7 7
21.8 13
21.9 21
22 27
22.1 19
22.2 30
22.3 39
22.4 67
22.5 58
22.6 78
22.7 89
22.8 94
22.9 161
23 202
23.1 228
23.2 277
23.3 274
23.4 245
23.5 285
23.6 354
23.7 454
23.8 521
23.9 567
24 643
24.1 693
24.2 726
24.3 760
24.4 781
24.5 828
24.6 839
24.7 800
24.8 817
24.9 866
25 886
25.1 833
25.2 753
25.3 673
25.4 639
25.5 641
25.6 719
25.7 754
25.8 730
25.9 701
26 721
26.1 710
26.2 709
26.3 662
26.4 658
26.5 658
26.6 606
26.7 605
26.8 593
26.9 572
27 558
27.1 546
27.2 522
27.3 532
27.4 552
27.5 554
27.6 580
27.7 589
27.8 592
27.9 515
28 481
28.1 419
28.2 365
28.3 326
28.4 335
28.5 323
28.6 287
28.7 293
28.8 239
28.9 243
29 236
29.1 212
29.2 208
29.3 203
29.4 185
29.5 155
29.6 93
29.7 51
29.8 16
29.9 4
30 6
30.1 0
30.2 5
30.3 4
30.4 1
30.5 3
30.6 3
30.7 2
30.8 3
30.9 0
31 0
31.1 5
31.2 3
31.3 1
31.4 0
31.5 0
31.6 1
31.7 1
31.8 2
31.9 3
32 0
32.1 3
32.2 2
32.3 4
32.4 1
32.5 2
32.6 1
32.7 1
32.8 2
32.9 0
33 2
33.1 1
33.2 2
33.3 1
33.4 1
33.5 1
33.6 0
33.7 0
33.8 0
33.9 0
34 1
34.1 2
34.2 0
34.3 1
34.4 0
34.5 2
34.6 3
34.7 2
34.8 2
34.9 1
35 4
35.1 1
35.2 1
35.3 1
35.4 0
35.5 1
35.6 5
35.7 0
35.8 2
35.9 4
36 1
36.1 1
36.2 1
36.3 3
36.4 1
36.5 3
36.6 1
36.7 3
36.8 1
36.9 3
37 1
37.1 2
37.2 2
37.3 1
37.4 2
37.5 3
37.6 4
37.7 2
37.8 5
37.9 4
38 8
38.1 5
38.2 7
38.3 7
38.4 16
38.5 8
38.6 7
38.7 15
38.8 16
38.9 15
39 13
39.1 11
39.2 15
39.3 21
39.4 13
39.5 9
39.6 5
39.7 4
39.8 0
39.9 6
40 5
40.1 12
40.2 6
40.3 7
40.4 41
40.5 28
40.6 43
40.7 54
40.8 40
40.9 35
41 65
41.1 65
41.2 67
41.3 75
41.4 95
41.5 118
41.6 128
41.7 132
41.8 175
41.9 272
42 313
42.1 302
42.2 324
42.3 388
42.4 409
42.5 415
42.6 437
42.7 401
42.8 437
42.9 500
43 449
43.1 432
43.2 480
43.3 506
43.4 519
43.5 559
43.6 611
43.7 622
43.8 602
43.9 541
44 535
44.1 621
44.2 637
44.3 633
44.4 652
44.5 699
44.6 710
44.7 752
44.8 775
44.9 749
45 773
45.1 777
45.2 797
45.3 741
45.4 729
45.5 701
45.6 742
45.7 738
45.8 775
45.9 763
46 715
46.1 688
46.2 709
46.3 688
46.4 704
46.5 731
46.6 764
46.7 763
46.8 746
46.9 736
47 676
47.1 623
47.2 565
47.3 494
47.4 390
47.5 362
47.6 347
47.7 317
47.8 298
47.9 241
48 156
48.1 98
48.2 56
48.3 10
48.4 4
48.5 3
48.6 1
48.7 3
48.8 1
48.9 3
49 2
49.1 2
49.2 1
49.3 3
49.4 1
49.5 2
49.6 1
49.7 3
49.8 1
49.9 1
50 2
50.1 2
50.2 2
50.3 1
50.4 3
50.5 0
50.6 2
50.7 1
50.8 5
50.9 2
51 3
51.1 2
51.2 0
51.3 9
51.4 6
51.5 1
51.6 2
51.7 1
51.8 1
51.9 2
52 1
52.1 1
52.2 6
52.3 1
52.4 1
52.5 0
52.6 0
52.7 1
52.8 0
52.9 0
53 2
53.1 0
53.2 2
53.3 2
53.4 0
53.5 1
53.6 3
53.7 2
53.8 0
53.9 0
54 0
54.1 1
54.2 6
54.3 7
54.4 2
54.5 1
54.6 2
54.7 4
54.8 4
54.9 2
55 2
55.1 1
55.2 1
55.3 2
55.4 5
55.5 1
55.6 0
55.7 2
55.8 5
55.9 20
56 17
56.1 4
56.2 6
56.3 10
56.4 8
56.5 3
56.6 2
56.7 4
56.8 5
56.9 1
57 5
57.1 5
57.2 2
57.3 1
57.4 2
57.5 5
57.6 2
57.7 9
57.8 3
57.9 5
58 1
58.1 1
58.2 0
58.3 5
58.4 1
58.5 1
58.6 8
58.7 4
58.8 2
58.9 7
59 1
59.1 4
59.2 1
59.3 3
59.4 3
59.5 5
59.6 6
59.7 9
59.8 2
59.9 5
60 7
60.1 1
60.2 6
60.3 3
60.4 5
60.5 1
60.6 3
60.7 4
60.8 4
60.9 2
61 9
61.1 10
61.2 3
61.3 1
61.4 8
61.5 2
61.6 0
61.7 2
61.8 3
61.9 4
62 7
62.1 8
62.2 4
62.3 3
62.4 1
62.5 6
62.6 2
62.7 8
62.8 1
62.9 5
63 6
63.1 17
63.2 30
63.3 21
63.4 15
63.5 15
63.6 6
63.7 5
63.8 6
63.9 3
64 26
64.1 53
64.2 45
64.3 45
64.4 75
64.5 51
64.6 32
64.7 63
64.8 113
64.9 100
65 119
65.1 149
65.2 182
65.3 187
65.4 208
65.5 304
65.6 436
65.7 573
65.8 621
65.9 704
66 746
66.1 760
66.2 774
66.3 844
66.4 865
66.5 888
66.6 941
66.7 1082
66.8 1168
66.9 1233
67 1273
67.1 1281
67.2 1260
67.3 1255
67.4 1241
67.5 1263
67.6 1225
67.7 1233
67.8 1223
67.9 1175
68 1172
68.1 1184
68.2 1120
68.3 1076
68.4 1059
68.5 1054
68.6 1070
68.7 1093
68.8 1068
68.9 1062
69 1075
69.1 1124
69.2 1111
69.3 1001
69.4 1006
69.5 952
69.6 951
69.7 948
69.8 924
69.9 917
70 854
70.1 770
70.2 769
70.3 772
70.4 755
70.5 658
70.6 645
70.7 633
70.8 618
70.9 523
71 463
71.1 391
71.2 326
71.3 289
71.4 295
71.5 249
71.6 211
71.7 190
71.8 117
71.9 103
72 25
72.1 11
72.2 21
72.3 6
72.4 4
72.5 2
72.6 1
72.7 2
72.8 0
72.9 2
73 1
73.1 2
73.2 1
73.3 1
73.4 0
73.5 0
73.6 0
73.7 1
73.8 3
73.9 0
74 0
74.1 3
74.2 2
74.3 1
74.4 1
74.5 0
74.6 0
74.7 1
74.8 2
74.9 0
75 0
75.1 1
75.2 2
75.3 0
75.4 1
75.5 3
75.6 0
75.7 0
75.8 0
75.9 0
76 1
76.1 1
76.2 1
76.3 2
76.4 2
76.5 0
76.6 1
76.7 2
76.8 1
76.9 7
77 1
77.1 2
77.2 7
77.3 6
77.4 1
77.5 0
77.6 0
77.7 1
77.8 1
77.9 1
78 2
78.1 2
78.2 4
78.3 0
78.4 1
78.5 0
78.6 1
78.7 2
78.8 0
78.9 6
79 2
79.1 7
79.2 4
79.3 2
79.4 1
79.5 1
79.6 6
79.7 0
79.8 2
79.9 0
80 3
80.1 5
80.2 0
80.3 1
80.4 2
80.5 5
80.6 1
80.7 3
80.8 1
80.9 1
81 2
81.1 1
81.2 3
81.3 1
81.4 1
81.5 0
81.6 2
81.7 1
81.8 6
81.9 2
82 4
82.1 6
82.2 3
82.3 3
82.4 3
82.5 4
82.6 2
82.7 2
82.8 3
82.9 2
83 2
83.1 8
83.2 10
83.3 3
83.4 8
83.5 9
83.6 6
83.7 6
83.8 12
83.9 8
84 9
84.1 5
84.2 5
84.3 12
84.4 12
84.5 11
84.6 12
84.7 8
84.8 9
84.9 4
85 4
85.1 6
85.2 6
85.3 23
85.4 12
85.5 6
85.6 9
85.7 13
85.8 62
85.9 94
86 116
86.1 149
86.2 139
86.3 216
86.4 359
86.5 459
86.6 534
86.7 592
86.8 672
86.9 804
87 912
87.1 1001
87.2 995
87.3 1030
87.4 1024
87.5 1057
87.6 1042
87.7 1075
87.8 1039
87.9 957
88 944
88.1 944
88.2 973
88.3 967
88.4 1009
88.5 1006
88.6 1020
88.7 1031
88.8 1022
88.9 1050
89 1050
89.1 1112
89.2 1138
89.3 1109
89.4 1066
89.5 993
89.6 903
89.7 890
89.8 898
89.9 839
90 854
90.1 812
90.2 764
90.3 711
90.4 703
90.5 700
90.6 738
90.7 730
90.8 734
90.9 716
91 687
91.1 666
91.2 650
91.3 663
91.4 606
91.5 611
91.6 591
91.7 519
91.8 493
91.9 458
92 428
92.1 422
92.2 355
92.3 280
92.4 245
92.5 138
92.6 134
92.7 70
92.8 64
92.9 17
93 8
93.1 3
93.2 2
93.3 0
93.4 1
93.5 3
93.6 0
93.7 0
93.8 2
93.9 2
94 0
94.1 1
94.2 1
94.3 1
94.4 4
94.5 1
94.6 1
94.7 0
94.8 1
94.9 1
95 0
95.1 1
95.2 0
95.3 2
95.4 3
95.5 3
95.6 0
95.7 0
95.8 2
95.9 2
96 0
96.1 0
96.2 2
96.3 1
96.4 5
96.5 2
96.6 1
96.7 0
96.8 2
96.9 4
97 3
97.1 1
97.2 2
97.3 1
97.4 0
97.5 0
97.6 2
97.7 1
97.8 3
97.9 2
98 2
98.1 1
98.2 1
98.3 2
98.4 3
98.5 0
98.6 5
98.7 3
98.8 3
98.9 1
99 11
99.1 17
99.2 8
99.3 4
99.4 0
99.5 1
99.6 0
99.7 4
99.8 2
99.9 0
100 2
100.1 1
100.2 1
100.3 5
100.4 0
100.5 3
100.6 0
100.7 0
100.8 2
100.9 3
101 1
101.1 2
101.2 1
101.3 2
101.4 1
101.5 1
101.6 4
101.7 5
101.8 3
101.9 4
102 8
102.1 2
102.2 1
102.3 0
102.4 1
102.5 1
102.6 5
102.7 5
102.8 3
102.9 5
103 5
103.1 11
103.2 6
103.3 5
103.4 7
103.5 7
103.6 16
103.7 7
103.8 6
103.9 4
104 4
104.1 3
104.2 9
104.3 17
104.4 11
104.5 11
104.6 12
104.7 1
104.8 7
104.9 2
105 3
105.1 8
105.2 3
105.3 4
105.4 3
105.5 3
105.6 2
105.7 7
105.8 6
105.9 4
106 8
106.1 8
106.2 9
106.3 10
106.4 4
106.5 7
106.6 0
106.7 6
106.8 1
106.9 1
107 1
107.1 4
107.2 4
107.3 3
107.4 3
107.5 9
107.6 11
107.7 21
107.8 18
107.9 20
108 10
108.1 16
108.2 4
108.3 14
108.4 22
108.5 34
108.6 29
108.7 38
108.8 40
108.9 64
109 86
109.1 100
109.2 163
109.3 287
109.4 430
109.5 551
109.6 658
109.7 734
109.8 781
109.9 852
110 945
110.1 1018
110.2 1086
110.3 1161
110.4 1189
110.5 1219
110.6 1223
110.7 1301
110.8 1322
110.9 1311
111 1338
111.1 1390
111.2 1395
111.3 1351
111.4 1326
111.5 1369
111.6 1419
111.7 1414
111.8 1344
111.9 1281
112 1222
112.1 1177
112.2 1174
112.3 1164
112.4 1172
112.5 1160
112.6 1127
112.7 1134
112.8 1138
112.9 1155
113 1158
113.1 1110
113.2 1074
113.3 1024
113.4 983
113.5 970
113.6 931
113.7 923
113.8 940
113.9 877
114 795
114.1 750
114.2 684
114.3 622
114.4 584
114.5 525
114.6 407
114.7 343
114.8 282
114.9 168
115 95
115.1 54
115.2 40
115.3 14
115.4 4
115.5 2
115.6 0
115.7 3
115.8 0
115.9 4
116 1
116.1 6
116.2 0
116.3 0
116.4 0
116.5 0
116.6 1
116.7 4
116.8 1
116.9 2
117 5
117.1 2
117.2 2
117.3 4
117.4 1
117.5 1
117.6 0
117.7 0
117.8 0
117.9 0
118 1
118.1 3
118.2 1
118.3 1
118.4 3
118.5 0
118.6 2
118.7 1
118.8 0
118.9 3
119 1
119.1 2
119.2 1
119.3 3
119.4 1
119.5 5
119.6 4
119.7 6
119.8 2
119.9 3
120 0
120.1 3
120.2 4
120.3 1
120.4 3
120.5 6
120.6 1
120.7 0
120.8 1
120.9 2
121 1
121.1 6
121.2 6
121.3 6
121.4 2
121.5 2
121.6 3
121.7 5
121.8 5
121.9 1
122 0
122.1 2
122.2 3
122.3 1
122.4 5
122.5 2
122.6 2
122.7 5
122.8 2
122.9 0
123 0
123.1 6
123.2 7
123.3 3
123.4 9
123.5 4
123.6 7
123.7 3
123.8 8
123.9 1
124 3
124.1 0
124.2 2
124.3 7
124.4 6
124.5 5
124.6 6
124.7 2
124.8 4
124.9 5
125 2
125.1 6
125.2 3
125.3 5
125.4 5
125.5 5
125.6 5
125.7 3
125.8 7
125.9 2
126 1
126.1 10
126.2 1
126.3 2
126.4 1
126.5 2
126.6 4
126.7 3
126.8 8
126.9 3
127 7
127.1 2
127.2 4
127.3 4
127.4 3
127.5 1
127.6 16
127.7 9
127.8 0
127.9 12
128 6
128.1 9
128.2 8
128.3 14
128.4 13
128.5 8
128.6 4
128.7 4
128.8 3
128.9 13
129 10
129.1 10
129.2 16
129.3 13
129.4 16
129.5 25
129.6 32
129.7 29
129.8 6
129.9 18
130 21
130.1 16
130.2 11
130.3 6
130.4 7
130.5 13
130.6 12
130.7 13
130.8 16
130.9 16
131 8
131.1 6
131.2 2
131.3 3
131.4 10
131.5 11
131.6 9
131.7 7
131.8 8
131.9 10
132 5
132.1 15
132.2 19
132.3 20
132.4 17
132.5 14
132.6 26
132.7 69
132.8 47
132.9 25
133 25
133.1 10
133.2 19
133.3 17
133.4 14
133.5 17
133.6 7
133.7 5
133.8 6
133.9 70
134 108
134.1 194
134.2 204
134.3 261
134.4 327
134.5 382
134.6 438
134.7 478
134.8 541
134.9 661
135 760
135.1 827
135.2 824
135.3 849
135.4 879
135.5 923
135.6 961
135.7 971
135.8 1011
135.9 1088
136 1173
136.1 1266
136.2 1313
136.3 1310
136.4 1242
136.5 1202
136.6 1194
136.7 1160
136.8 1132
136.9 1109
137 1035
137.1 935
137.2 887
137.3 920
137.4 869
137.5 831
137.6 795
137.7 699
137.8 656
137.9 632
138 620
138.1 611
138.2 597
138.3 576
138.4 549
138.5 553
138.6 606
138.7 582
138.8 499
138.9 400
139 398
139.1 325
139.2 265
139.3 213
139.4 164
139.5 170
139.6 139
139.7 70
139.8 36
139.9 12
140 3
140.1 7
140.2 1
140.3 0
140.4 1
140.5 4
140.6 0
140.7 2
140.8 0
140.9 3
141 4
141.1 1
141.2 4
141.3 0
141.4 1
141.5 2
141.6 0
141.7 1
141.8 2
141.9 2
142 3
142.1 4
142.2 1
142.3 3
142.4 0
142.5 0
142.6 0
142.7 2
142.8 0
142.9 1
143 1
143.1 1
143.2 0
143.3 0
143.4 2
143.5 0
143.6 4
143.7 10
143.8 8
143.9 4
144 4
144.1 0
144.2 5
144.3 2
144.4 1
144.5 2
144.6 3
144.7 3
144.8 7
144.9 6
145 2
145.1 2
145.2 1
145.3 5
145.4 1
145.5 4
145.6 1
145.7 4
145.8 0
145.9 13
146 8
146.1 6
146.2 1
146.3 2
146.4 2
146.5 5
146.6 5
146.7 1
146.8 7
146.9 1
147 1
147.1 2
147.2 0
147.3 2
147.4 2
147.5 6
147.6 3
147.7 4
147.8 2
147.9 4
148 3
148.1 5
148.2 2
148.3 2
148.4 1
148.5 2
148.6 0
148.7 2
148.8 4
148.9 4
149 6
149.1 5
149.2 2
149.3 2
149.4 2
149.5 1
149.6 1
149.7 0
149.8 3
149.9 12
150 6
150.1 8
150.2 7
150.3 9
150.4 7
150.5 6
150.6 8
150.7 1
150.8 17
150.9 49
151 46
151.1 28
151.2 25
151.3 7
151.4 10
151.5 35
151.6 23
151.7 14
151.8 17
151.9 10
152 14
152.1 24
152.2 13
152.3 8
152.4 6
152.5 11
152.6 4
152.7 11
152.8 26
152.9 7
153 10
153.1 16
153.2 10
153.3 6
153.4 6
153.5 23
153.6 59
153.7 70
153.8 94
153.9 129
154 174
154.1 253
154.2 268
154.3 303
154.4 324
154.5 384
154.6 445
154.7 469
154.8 525
154.9 658
155 760
155.1 835
155.2 898
155.3 959
155.4 1015
155.5 1043
155.6 1114
155.7 1097
155.8 1068
155.9 1011
156 1031
156.1 1058
156.2 1119
156.3 1166
156.4 1135
156.5 1090
156.6 1035
156.7 989
156.8 979
156.9 884
157 827
157.1 826
157.2 835
157.3 826
157.4 775
157.5 707
157.6 636
157.7 559
157.8 546
157.9 522
158 477
158.1 460
158.2 415
158.3 343
158.4 276
158.5 195
158.6 101
158.7 56
158.8 20
158.9 2
159 22
159.1 20
159.2 12
159.3 27
159.4 17
159.5 12
159.6 6
159.7 6
159.8 6
159.9 4
160 7
160.1 0
160.2 1
160.3 4
160.4 2
160.5 0
160.6 0
160.7 3
160.8 0
160.9 5
161 3
161.1 2
161.2 4
161.3 1
161.4 0
161.5 0
161.6 0
161.7 0
161.8 4
161.9 1
162 0
162.1 0
162.2 0
162.3 0
162.4 2
162.5 2
162.6 0
162.7 2
162.8 2
162.9 2
163 0
163.1 3
163.2 1
163.3 0
163.4 6
163.5 2
163.6 0
163.7 0
163.8 1
163.9 2
164 1
164.1 1
164.2 0
164.3 3
164.4 3
164.5 0
164.6 0
164.7 0
164.8 3
164.9 2
165 1
165.1 0
165.2 1
165.3 5
165.4 3
165.5 4
165.6 4
165.7 1
165.8 3
165.9 1
166 3
166.1 0
166.2 0
166.3 3
166.4 0
166.5 13
166.6 4
166.7 4
166.8 3
166.9 3
167 3
167.1 2
167.2 6
167.3 4
167.4 3
167.5 6
167.6 12
167.7 18
167.8 24
167.9 21
168 14
168.1 9
168.2 10
168.3 4
168.4 4
168.5 8
168.6 1
168.7 1
168.8 6
168.9 4
169 4
169.1 3
169.2 3
169.3 2
169.4 6
169.5 5
169.6 2
169.7 1
169.8 3
169.9 3
170 2
170.1 5
170.2 4
170.3 7
170.4 3
170.5 2
170.6 9
170.7 3
170.8 3
170.9 16
171 20
171.1 24
171.2 6
171.3 51
171.4 37
171.5 23
171.6 57
171.7 112
171.8 118
171.9 109
172 97
172.1 87
172.2 107
172.3 104
172.4 136
172.5 229
172.6 348
172.7 363
172.8 427
172.9 446
173 468
173.1 525
173.2 520
173.3 532
173.4 602
173.5 658
173.6 759
173.7 777
173.8 789
173.9 762
174 765
174.1 782
174.2 882
174.3 948
174.4 1033
174.5 1128
174.6 1147
174.7 1168
174.8 1137
174.9 1189
175 1227
175.1 1231
175.2 1176
175.3 1135
175.4 1128
175.5 1119
175.6 1087
175.7 1002
175.8 973
175.9 992
176 967
176.1 916
176.2 931
176.3 905
176.4 832
176.5 810
176.6 710
176.7 662
176.8 639
176.9 632
177 584
177.1 541
177.2 473
177.3 469
177.4 448
177.5 400
177.6 383
177.7 391
177.8 334
177.9 245
178 224
178.1 203
178.2 117
178.3 30
178.4 7
178.5 5
178.6 1
178.7 2
178.8 3
178.9 1
179 5
179.1 3
179.2 5
179.3 1
179.4 0
179.5 1
179.6 3
179.7 0
179.8 3
179.9 0
180 0
180.1 1
180.2 1
180.3 3
180.4 5
180.5 2
180.6 3
180.7 5
180.8 1
180.9 0
181 1
181.1 1
181.2 0
181.3 0
181.4 0
181.5 3
181.6 0
181.7 1
181.8 4
181.9 1
182 2
182.1 4
182.2 0
182.3 0
182.4 0
182.5 0
182.6 1
182.7 6
182.8 1
182.9 2
183 6
183.1 1
183.2 0
183.3 3
183.4 2
183.5 2
183.6 0
183.7 0
183.8 2
183.9 3
184 4
184.1 2
184.2 1
184.3 0
184.4 0
184.5 3
184.6 2
184.7 1
184.8 1
184.9 2
185 2
185.1 2
185.2 1
185.3 3
185.4 1
185.5 2
185.6 0
185.7 0
185.8 1
185.9 1
186 0
186.1 0
186.2 0
186.3 1
186.4 2
186.5 1
186.6 1
186.7 11
186.8 1
186.9 3
187 5
187.1 3
187.2 5
187.3 1
187.4 3
187.5 1
187.6 3
187.7 0
187.8 2
187.9 8
188 3
188.1 1
188.2 4
188.3 5
188.4 3
188.5 5
188.6 4
188.7 7
188.8 6
188.9 5
189 12
189.1 8
189.2 10
189.3 5
189.4 5
189.5 8
189.6 4
189.7 9
189.8 2
189.9 6
190 9
190.1 4
190.2 6
190.3 7
190.4 5
190.5 4
190.6 5
190.7 8
190.8 12
190.9 15
191 27
191.1 21
191.2 18
191.3 35
191.4 41
191.5 30
191.6 30
191.7 16
191.8 9
191.9 4
192 8
192.1 6
192.2 9
192.3 10
192.4 14
192.5 29
192.6 14
192.7 6
192.8 10
192.9 4
193 6
193.1 1
193.2 4
193.3 4
193.4 9
193.5 10
193.6 7
193.7 4
193.8 10
193.9 7
194 21
194.1 10
194.2 7
194.3 1
194.4 16
194.5 4
194.6 47
194.7 106
194.8 169
194.9 232
195 327
195.1 421
195.2 469
195.3 546
195.4 619
195.5 674
195.6 711
195.7 810
195.8 854
195.9 897
196 994
196.1 1064
196.2 1111
196.3 1157
196.4 1206
196.5 1238
196.6 1251
196.7 1247
196.8 1269
196.9 1252
197 1249
197.1 1287
197.2 1275
197.3 1228
197.4 1227
197.5 1219
197.6 1211
197.7 1209
197.8 1171
197.9 1150
198 1106
198.1 1109
198.2 1073
198.3 1053
198.4 1050
198.5 983
198.6 894
198.7 852
198.8 844
198.9 903
199 905
199.1 920
199.2 907
199.3 912
199.4 886
199.5 916
199.6 887
199.7 848
199.8 834
199.9 801
200 769
