0 0
0.1 0
0.2 0
0.3 2
0.4 3
0.5 5
0.6 9
0.7 13
0.8 16
0.9 18
1 26
1.1 33
1.2 43
1.3 51
1.4 57
1.5 68
1.6 84
1.7 93
1.8 112
1.9 127
2 153
2.1 174
2.2 198
2.3 225
2.4 245
2.5 278
2.6 300
2.7 330
2.8 351
2.9 383
3 412
3.1 450
3.2 479
3.3 504
3.4 542
3.5 573
3.6 612
3.7 652
3.8 685
3.9 722
4 753
4.1 788
4.2 817
4.3 867
4.4 920
4.5 959
4.6 986
4.7 1016
4.8 1051
4.9 1079
5 1130
5.1 1158
5.2 1193
5.3 1224
5.4 1263
5.5 1314
5.6 1344
5.7 1359
5.8 1392
5.9 1421
6 1444
6.1 1461
6.2 1468
6.3 1484
6.4 1497
6.5 1445
6.6 1372
6.7 1278
6.8 1187
6.9 1121
7 1032
7.1 985
7.2 936
7.3 871
7.4 805
7.5 742
7.6 673
7.7 623
7.8 591
7.9 566
8 544
8.1 518
8.2 495
8.3 480
8.4 463
8.5 436
8.6 433
8.7 430
8.8 401
8.9 383
9 372
9.1 361
9.2 333
9.3 314
9.4 305
9.5 290
9.6 285
9.7 274
9.8 268
9.9 264
10 266
10.1 259
10.2 281
10.3 283
10.4 276
10.5 281
10.6 282
10.7 286
10.8 280
10.9 298
11 326
11.1 339
11.2 341
11.3 320
11.4 318
11.5 296
11.6 293
11.7 294
11.8 281
11.9 298
12 273
12.1 282
12.2 290
12.3 284
12.4 298
12.5 300
12.6 298
12.7 299
12.8 294
12.9 300
13 290
13.1 271
13.2 269
13.3 269
13.4 278
13.5 278
13.6 295
13.7 313
13.8 307
13.9 302
14 321
14.1 324
14.2 303
14.3 298
14.4 342
14.5 381
14.6 415
14.7 422
14.8 408
14.9 373
15 353
15.1 351
15.2 363
15.3 350
15.4 337
15.5 339
15.6 336
15.7 316
15.8 317
15.9 309
16 300
16.1 290
16.2 283
16.3 273
16.4 265
16.5 277
16.6 267
16.7 262
16.8 258
16.9 251
17 248
17.1 256
17.2 250
17.3 249
17.4 243
17.5 234
17.6 239
17.7 252
17.8 243
17.9 255
18 252
18.1 249
18.2 260
18.3 257
18.4 251
18.5 262
18.6 265
18.7 285
18.8 300
18.9 294
19 284
19.1 274
19.2 295
19.3 284
19.4 276
19.5 282
19.6 275
19.7 269
19.8 250
19.9 241
20 250
20.1 235
20.2 244
20.3 257
20.4 264
20.5 280
20.6 313
20.7 337
20.8 365
20.9 378
21 404
21.1 417
21.2 414
21.3 426
21.4 428
21.5 437
21.6 449
21.7 450
21.8 457
21.9 455
22 467
22.1 475
22.2 485
22.3 492
22.4 504
22.5 521
22.6 539
22.7 560
22.8 574
22.9 589
23 601
23.1 628
23.2 643
23.3 655
23.4 672
23.5 705
23.6 727
23.7 757
23.8 780
23.9 808
24 847
24.1 878
24.2 906
24.3 931
24.4 955
24.5 991
24.6 1008
24.7 1048
24.8 1063
24.9 1084
25 1116
25.1 1140
25.2 1171
25.3 1196
25.4 1222
25.5 1263
25.6 1298
25.7 1326
25.8 1348
25.9 1390
26 1429
26.1 1449
26.2 1477
26.3 1485
26.4 1477
26.5 1483
26.6 1508
26.7 1509
26.8 1461
26.9 1413
27 1322
27.1 1218
27.2 1119
27.3 1044
27.4 993
27.5 929
27.6 878
27.7 802
27.8 745
27.9 688
28 644
28.1 630
28.2 614
28.3 604
28.4 586
28.5 559
28.6 528
28.7 496
28.8 458
28.9 438
29 429
29.1 395
29.2 374
29.3 374
29.4 387
29.5 365
29.6 350
29.7 341
29.8 320
29.9 316
30 308
30.1 310
30.2 290
30.3 279
30.4 273
30.5 273
30.6 258
30.7 261
30.8 267
30.9 276
31 294
31.1 297
31.2 306
31.3 315
31.4 313
31.5 305
31.6 284
31.7 264
31.8 246
31.9 236
32 225
32.1 225
32.2 249
32.3 255
32.4 254
32.5 243
32.6 247
32.7 234
32.8 248
32.9 247
33 233
33.1 226
33.2 223
33.3 228
33.4 216
33.5 227
33.6 236
33.7 242
33.8 254
33.9 275
34 345
34.1 410
34.2 432
34.3 418
34.4 410
34.5 417
34.6 420
34.7 424
34.8 423
34.9 443
35 442
35.1 438
35.2 435
35.3 428
35.4 431
35.5 428
35.6 412
35.7 388
35.8 357
35.9 343
36 328
36.1 330
36.2 352
36.3 336
36.4 323
36.5 309
36.6 353
36.7 387
36.8 391
36.9 388
37 425
37.1 448
37.2 467
37.3 501
37.4 504
37.5 552
37.6 573
37.7 569
37.8 546
37.9 524
38 520
38.1 514
38.2 520
38.3 525
38.4 512
38.5 492
38.6 475
38.7 461
38.8 476
38.9 460
39 493
39.1 579
39.2 615
39.3 624
39.4 629
39.5 638
39.6 648
39.7 656
39.8 662
39.9 658
40 665
40.1 667
40.2 675
40.3 679
40.4 686
40.5 699
40.6 705
40.7 718
40.8 727
40.9 747
41 763
41.1 779
41.2 798
41.3 814
41.4 823
41.5 842
41.6 854
41.7 865
41.8 877
41.9 888
42 909
42.1 926
42.2 943
42.3 972
42.4 1000
42.5 1029
42.6 1051
42.7 1077
42.8 1099
42.9 1127
43 1138
43.1 1168
43.2 1209
43.3 1245
43.4 1274
43.5 1306
43.6 1333
43.7 1382
43.8 1414
43.9 1456
44 1476
44.1 1504
44.2 1547
44.3 1573
44.4 1568
44.5 1561
44.6 1499
44.7 1392
44.8 1267
44.9 1147
45 1069
45.1 991
45.2 934
45.3 869
45.4 797
45.5 760
45.6 698
45.7 644
45.8 619
45.9 666
46 771
46.1 780
46.2 828
46.3 846
46.4 806
46.5 736
46.6 678
46.7 629
46.8 595
46.9 545
47 518
47.1 481
47.2 442
47.3 411
47.4 385
47.5 376
47.6 361
47.7 370
47.8 361
47.9 361
48 349
48.1 347
48.2 330
48.3 312
48.4 299
48.5 292
48.6 289
48.7 290
48.8 293
48.9 284
49 269
49.1 278
49.2 262
49.3 253
49.4 232
49.5 228
49.6 221
49.7 221
49.8 218
49.9 249
50 255
50.1 263
50.2 411
50.3 423
50.4 433
50.5 445
50.6 446
50.7 409
50.8 397
50.9 388
51 374
51.1 353
51.2 350
51.3 354
51.4 344
51.5 320
51.6 295
51.7 296
51.8 289
51.9 273
52 266
52.1 266
52.2 263
52.3 255
52.4 243
52.5 254
52.6 277
52.7 270
52.8 260
52.9 253
53 250
53.1 251
53.2 251
53.3 241
53.4 227
53.5 213
53.6 203
53.7 191
53.8 197
53.9 189
54 176
54.1 166
54.2 160
54.3 164
54.4 169
54.5 165
54.6 158
54.7 153
54.8 160
54.9 154
55 156
55.1 169
55.2 174
55.3 185
55.4 179
55.5 176
55.6 175
55.7 167
55.8 167
55.9 171
56 173
56.1 171
56.2 179
56.3 194
56.4 213
56.5 267
56.6 280
56.7 303
56.8 312
56.9 358
57 367
57.1 376
57.2 418
57.3 448
57.4 459
57.5 466
57.6 473
57.7 480
57.8 489
57.9 498
58 511
58.1 516
58.2 536
58.3 542
58.4 554
58.5 560
58.6 572
58.7 585
58.8 599
58.9 611
59 625
59.1 632
59.2 641
59.3 659
59.4 668
59.5 684
59.6 701
59.7 715
59.8 731
59.9 751
60 776
60.1 810
60.2 820
60.3 848
60.4 881
60.5 922
60.6 936
60.7 958
60.8 987
60.9 1017
61 1041
61.1 1066
61.2 1087
61.3 1109
61.4 1138
61.5 1179
61.6 1206
61.7 1229
61.8 1257
61.9 1287
62 1310
62.1 1341
62.2 1368
62.3 1394
62.4 1428
62.5 1466
62.6 1486
62.7 1498
62.8 1523
62.9 1562
63 1596
63.1 1605
63.2 1631
63.3 1666
63.4 1678
63.5 1702
63.6 1726
63.7 1751
63.8 1800
63.9 1817
64 1821
64.1 1847
64.2 1892
64.3 1905
64.4 1910
64.5 1875
64.6 1790
64.7 1635
64.8 1496
64.9 1400
65 1293
65.1 1196
65.2 1116
65.3 1052
65.4 998
65.5 952
65.6 869
65.7 800
65.8 726
65.9 685
66 692
66.1 654
66.2 618
66.3 580
66.4 541
66.5 505
66.6 489
66.7 463
66.8 436
66.9 431
67 406
67.1 384
67.2 367
67.3 353
67.4 336
67.5 334
67.6 322
67.7 338
67.8 345
67.9 332
68 319
68.1 324
68.2 315
68.3 309
68.4 291
68.5 283
68.6 280
68.7 279
68.8 286
68.9 283
69 275
69.1 279
69.2 273
69.3 260
69.4 250
69.5 240
69.6 229
69.7 227
69.8 205
69.9 191
70 186
70.1 184
70.2 187
70.3 189
70.4 190
70.5 208
70.6 217
70.7 229
70.8 225
70.9 231
71 240
71.1 253
71.2 272
71.3 280
71.4 293
71.5 296
71.6 292
71.7 297
71.8 293
71.9 283
72 284
72.1 282
72.2 371
72.3 454
72.4 483
72.5 478
72.6 464
72.7 440
72.8 429
72.9 391
73 359
73.1 340
73.2 333
73.3 317
73.4 325
73.5 329
73.6 327
73.7 317
73.8 304
73.9 307
74 306
74.1 291
74.2 269
74.3 251
74.4 236
74.5 231
74.6 224
74.7 218
74.8 223
74.9 231
75 231
75.1 223
75.2 208
75.3 194
75.4 196
75.5 209
75.6 213
75.7 210
75.8 241
75.9 246
76 258
76.1 259
76.2 254
76.3 251
76.4 247
76.5 251
76.6 261
76.7 256
76.8 263
76.9 255
77 247
77.1 246
77.2 244
77.3 230
77.4 223
77.5 225
77.6 245
77.7 239
77.8 240
77.9 252
78 252
78.1 265
78.2 281
78.3 266
78.4 261
78.5 248
78.6 254
78.7 253
78.8 260
78.9 257
79 270
79.1 270
79.2 258
79.3 248
79.4 237
79.5 228
79.6 234
79.7 259
79.8 271
79.9 292
80 291
80.1 310
80.2 328
80.3 343
80.4 382
80.5 405
80.6 407
80.7 415
80.8 421
80.9 415
81 425
81.1 430
81.2 429
81.3 433
81.4 437
81.5 448
81.6 460
81.7 465
81.8 470
81.9 479
82 487
82.1 498
82.2 507
82.3 517
82.4 535
82.5 551
82.6 556
82.7 584
82.8 610
82.9 629
83 646
83.1 672
83.2 691
83.3 708
83.4 729
83.5 746
83.6 761
83.7 794
83.8 822
83.9 843
84 861
84.1 875
84.2 894
84.3 907
84.4 933
84.5 955
84.6 979
84.7 1010
84.8 1035
84.9 1055
85 1078
85.1 1110
85.2 1132
85.3 1160
85.4 1186
85.5 1209
85.6 1246
85.7 1288
85.8 1332
85.9 1355
86 1390
86.1 1425
86.2 1462
86.3 1486
86.4 1513
86.5 1570
86.6 1608
86.7 1643
86.8 1680
86.9 1715
87 1748
87.1 1784
87.2 1808
87.3 1840
87.4 1871
87.5 1897
87.6 1917
87.7 1960
87.8 1967
87.9 1973
88 1943
88.1 1871
88.2 1776
88.3 1631
88.4 1523
88.5 1418
88.6 1308
88.7 1191
88.8 1123
88.9 1043
89 975
89.1 912
89.2 848
89.3 777
89.4 723
89.5 668
89.6 618
89.7 590
89.8 537
89.9 496
90 461
90.1 437
90.2 418
90.3 409
90.4 375
90.5 356
90.6 337
90.7 319
90.8 320
90.9 329
91 320
91.1 330
91.2 316
91.3 323
91.4 395
91.5 441
91.6 445
91.7 440
91.8 420
91.9 387
92 362
92.1 351
92.2 339
92.3 332
92.4 330
92.5 323
92.6 307
92.7 296
92.8 291
92.9 273
93 266
93.1 280
93.2 284
93.3 289
93.4 296
93.5 285
93.6 283
93.7 284
93.8 296
93.9 273
94 259
94.1 242
94.2 236
94.3 243
94.4 257
94.5 264
94.6 292
94.7 288
94.8 270
94.9 260
95 259
95.1 367
95.2 412
95.3 402
95.4 375
95.5 379
95.6 368
95.7 372
95.8 361
95.9 362
96 393
96.1 394
96.2 368
96.3 342
96.4 321
96.5 305
96.6 280
96.7 277
96.8 282
96.9 283
97 274
97.1 269
97.2 275
97.3 254
97.4 250
97.5 258
97.6 254
97.7 251
97.8 240
97.9 239
98 257
98.1 271
98.2 259
98.3 255
98.4 243
98.5 239
98.6 235
98.7 241
98.8 244
98.9 252
99 251
99.1 263
99.2 276
99.3 273
99.4 262
99.5 280
99.6 288
99.7 279
99.8 294
99.9 298
100 310
100.1 297
100.2 286
100.3 289
100.4 283
100.5 280
100.6 287
100.7 295
100.8 290
100.9 300
101 340
101.1 387
101.2 405
101.3 421
101.4 416
101.5 430
101.6 441
101.7 433
101.8 423
101.9 417
102 400
102.1 374
102.2 366
102.3 346
102.4 339
102.5 326
102.6 324
102.7 319
102.8 310
102.9 308
103 289
103.1 296
103.2 310
103.3 302
103.4 299
103.5 282
103.6 291
103.7 288
103.8 284
103.9 271
104 249
104.1 237
104.2 248
104.3 236
104.4 235
104.5 249
104.6 246
104.7 239
104.8 229
104.9 225
105 227
105.1 238
105.2 257
105.3 266
105.4 289
105.5 304
105.6 353
105.7 372
105.8 387
105.9 385
106 397
106.1 409
106.2 412
106.3 419
106.4 427
106.5 438
106.6 448
106.7 462
106.8 472
106.9 496
107 520
107.1 541
107.2 555
107.3 580
107.4 611
107.5 639
107.6 663
107.7 693
107.8 725
107.9 743
108 767
108.1 795
108.2 816
108.3 849
108.4 877
108.5 896
108.6 939
108.7 967
108.8 1000
108.9 1038
109 1064
109.1 1104
109.2 1128
109.3 1156
109.4 1195
109.5 1223
109.6 1247
109.7 1275
109.8 1299
109.9 1329
110 1356
110.1 1402
110.2 1414
110.3 1459
110.4 1490
110.5 1496
110.6 1521
110.7 1562
110.8 1599
110.9 1612
111 1622
111.1 1651
111.2 1666
111.3 1668
111.4 1607
111.5 1522
111.6 1418
111.7 1296
111.8 1181
111.9 1093
112 1008
112.1 929
112.2 857
112.3 897
112.4 1012
112.5 1032
112.6 981
112.7 938
112.8 900
112.9 827
113 777
113.1 738
113.2 695
113.3 647
113.4 619
113.5 592
113.6 553
113.7 541
113.8 533
113.9 515
114 485
114.1 461
114.2 427
114.3 390
114.4 375
114.5 374
114.6 368
114.7 348
114.8 336
114.9 328
115 336
115.1 320
115.2 309
115.3 304
115.4 294
115.5 274
115.6 265
115.7 243
115.8 221
115.9 254
116 272
116.1 271
116.2 263
116.3 251
116.4 255
116.5 278
116.6 268
116.7 268
116.8 262
116.9 271
117 278
117.1 257
117.2 259
117.3 255
117.4 258
117.5 273
117.6 273
117.7 290
117.8 287
117.9 288
118 284
118.1 264
118.2 254
118.3 235
118.4 219
118.5 215
118.6 215
118.7 223
118.8 219
118.9 235
119 248
119.1 252
119.2 252
119.3 248
119.4 252
119.5 356
119.6 517
119.7 589
119.8 601
119.9 609
120 593
120.1 585
120.2 588
120.3 567
120.4 547
120.5 526
120.6 515
120.7 501
120.8 458
120.9 442
121 410
121.1 399
121.2 410
121.3 401
121.4 399
121.5 390
121.6 385
121.7 366
121.8 343
121.9 336
122 327
122.1 369
122.2 407
122.3 416
122.4 425
122.5 425
122.6 410
122.7 396
122.8 377
122.9 365
123 355
123.1 332
123.2 321
123.3 319
123.4 304
123.5 297
123.6 289
123.7 278
123.8 266
123.9 252
124 249
124.1 300
124.2 340
124.3 357
124.4 345
124.5 369
124.6 425
124.7 445
124.8 453
124.9 486
125 513
125.1 502
125.2 512
125.3 503
125.4 519
125.5 527
125.6 546
125.7 555
125.8 566
125.9 571
126 574
126.1 583
126.2 591
126.3 599
126.4 618
126.5 628
126.6 633
126.7 643
126.8 663
126.9 666
127 686
127.1 699
127.2 713
127.3 723
127.4 733
127.5 751
127.6 770
127.7 799
127.8 812
127.9 829
128 848
128.1 869
128.2 892
128.3 913
128.4 940
128.5 962
128.6 993
128.7 1010
128.8 1034
128.9 1052
129 1080
129.1 1113
129.2 1131
129.3 1166
129.4 1180
129.5 1214
129.6 1250
129.7 1263
129.8 1296
129.9 1324
130 1352
130.1 1366
130.2 1396
130.3 1428
130.4 1460
130.5 1478
130.6 1506
130.7 1533
130.8 1552
130.9 1577
131 1603
131.1 1623
131.2 1651
131.3 1668
131.4 1689
131.5 1704
131.6 1710
131.7 1702
131.8 1682
131.9 1600
132 1512
132.1 1406
132.2 1311
132.3 1224
132.4 1132
132.5 1055
132.6 983
132.7 912
132.8 855
132.9 790
133 731
133.1 671
133.2 624
133.3 600
133.4 563
133.5 543
133.6 500
133.7 474
133.8 467
133.9 454
134 460
134.1 432
134.2 408
134.3 383
134.4 362
134.5 365
134.6 378
134.7 369
134.8 359
134.9 352
135 331
135.1 319
135.2 321
135.3 326
135.4 312
135.5 305
135.6 310
135.7 303
135.8 306
135.9 304
136 311
136.1 320
136.2 347
136.3 349
136.4 341
136.5 334
136.6 351
136.7 359
136.8 355
136.9 357
137 338
137.1 324
137.2 319
137.3 329
137.4 348
137.5 357
137.6 354
137.7 348
137.8 349
137.9 332
138 335
138.1 340
138.2 308
138.3 291
138.4 277
138.5 270
138.6 267
138.7 286
138.8 304
138.9 306
139 306
139.1 292
139.2 306
139.3 302
139.4 283
139.5 260
139.6 264
139.7 262
139.8 274
139.9 284
140 277
140.1 262
140.2 244
140.3 258
140.4 272
140.5 265
140.6 258
140.7 263
140.8 260
140.9 292
141 301
141.1 336
141.2 431
141.3 499
141.4 490
141.5 500
141.6 488
141.7 480
141.8 484
141.9 537
142 539
142.1 529
142.2 511
142.3 497
142.4 466
142.5 441
142.6 420
142.7 418
142.8 417
142.9 395
143 392
143.1 371
143.2 369
143.3 359
143.4 346
143.5 357
143.6 345
143.7 339
143.8 335
143.9 300
144 297
144.1 276
144.2 269
144.3 279
144.4 274
144.5 269
144.6 274
144.7 267
144.8 240
144.9 251
145 252
145.1 247
145.2 251
145.3 253
145.4 254
145.5 253
145.6 233
145.7 240
145.8 263
145.9 260
146 251
146.1 243
146.2 258
146.3 278
146.4 293
146.5 286
146.6 264
146.7 246
146.8 237
146.9 227
147 229
147.1 232
147.2 243
147.3 327
147.4 371
147.5 380
147.6 388
147.7 390
147.8 390
147.9 392
148 408
148.1 410
148.2 427
148.3 437
148.4 452
148.5 462
148.6 472
148.7 476
148.8 479
148.9 493
149 503
149.1 519
149.2 535
149.3 544
149.4 559
149.5 573
149.6 586
149.7 606
149.8 623
149.9 645
150 667
150.1 682
150.2 699
150.3 721
150.4 736
150.5 760
150.6 788
150.7 816
150.8 828
150.9 857
151 876
151.1 911
151.2 931
151.3 960
151.4 985
151.5 1011
151.6 1037
151.7 1054
151.8 1075
151.9 1105
152 1131
152.1 1159
152.2 1188
152.3 1229
152.4 1251
152.5 1268
152.6 1301
152.7 1320
152.8 1344
152.9 1354
153 1378
153.1 1386
153.2 1421
153.3 1447
153.4 1433
153.5 1437
153.6 1421
153.7 1364
153.8 1266
153.9 1158
154 1056
154.1 985
154.2 896
154.3 829
154.4 782
154.5 726
154.6 675
154.7 636
154.8 632
154.9 609
155 580
155.1 573
155.2 550
155.3 525
155.4 487
155.5 460
155.6 451
155.7 449
155.8 436
155.9 404
156 396
156.1 374
156.2 357
156.3 375
156.4 373
156.5 363
156.6 358
156.7 367
156.8 393
156.9 378
157 384
157.1 380
157.2 360
157.3 348
157.4 335
157.5 313
157.6 291
157.7 280
157.8 278
157.9 271
158 259
158.1 247
158.2 279
158.3 284
158.4 270
158.5 251
158.6 242
158.7 254
158.8 258
158.9 260
159 248
159.1 240
159.2 247
159.3 233
159.4 221
159.5 244
159.6 243
159.7 252
159.8 259
159.9 252
160 250
160.1 235
160.2 234
160.3 241
160.4 245
160.5 239
160.6 236
160.7 230
160.8 235
160.9 230
161 212
161.1 207
161.2 208
161.3 196
161.4 209
161.5 221
161.6 258
161.7 255
161.8 249
161.9 232
162 231
162.1 239
162.2 236
162.3 250
162.4 248
162.5 274
162.6 317
162.7 343
162.8 355
162.9 367
163 350
163.1 322
163.2 305
163.3 301
163.4 332
163.5 355
163.6 357
163.7 367
163.8 343
163.9 331
164 331
164.1 320
164.2 303
164.3 312
164.4 316
164.5 309
164.6 288
164.7 275
164.8 251
164.9 248
165 276
165.1 279
165.2 319
165.3 329
165.4 327
165.5 339
165.6 328
165.7 327
165.8 314
165.9 293
166 274
166.1 274
166.2 268
166.3 265
166.4 260
166.5 255
166.6 261
166.7 258
166.8 261
166.9 266
167 259
167.1 263
167.2 277
167.3 294
167.4 282
167.5 339
167.6 367
167.7 418
167.8 427
167.9 448
168 455
168.1 458
168.2 471
168.3 471
168.4 477
168.5 486
168.6 492
168.7 504
168.8 508
168.9 522
169 531
169.1 543
169.2 548
169.3 558
169.4 571
169.5 587
169.6 608
169.7 618
169.8 638
169.9 654
170 673
170.1 686
170.2 700
170.3 729
170.4 740
170.5 755
170.6 773
170.7 793
170.8 821
170.9 840
171 857
171.1 893
171.2 926
171.3 954
171.4 982
171.5 1013
171.6 1035
171.7 1053
171.8 1072
171.9 1094
172 1122
172.1 1148
172.2 1188
172.3 1218
172.4 1251
172.5 1298
172.6 1335
172.7 1365
172.8 1401
172.9 1426
173 1447
173.1 1479
173.2 1508
173.3 1543
173.4 1565
173.5 1580
173.6 1621
173.7 1647
173.8 1648
173.9 1673
174 1687
174.1 1687
174.2 1679
174.3 1644
174.4 1559
174.5 1470
174.6 1359
174.7 1334
174.8 1291
174.9 1200
175 1110
175.1 1028
175.2 973
175.3 919
175.4 885
175.5 837
175.6 794
175.7 757
175.8 704
175.9 646
176 578
176.1 558
176.2 537
176.3 518
176.4 488
176.5 459
176.6 450
176.7 425
176.8 416
176.9 411
177 395
177.1 391
177.2 374
177.3 358
177.4 354
177.5 328
177.6 296
177.7 286
177.8 259
177.9 241
178 233
178.1 258
178.2 265
178.3 268
178.4 274
178.5 276
178.6 291
178.7 308
178.8 292
178.9 285
179 287
179.1 278
179.2 276
179.3 272
179.4 272
179.5 273
179.6 269
179.7 274
179.8 262
179.9 244
180 240
180.1 235
180.2 236
180.3 216
180.4 217
180.5 218
180.6 217
180.7 225
180.8 220
180.9 235
181 240
181.1 252
181.2 256
181.3 251
181.4 249
181.5 250
181.6 249
181.7 244
181.8 262
181.9 306
182 325
182.1 328
182.2 329
182.3 319
182.4 316
182.5 320
182.6 318
182.7 311
182.8 295
182.9 276
183 267
183.1 244
183.2 241
183.3 237
183.4 249
183.5 252
183.6 271
183.7 296
183.8 286
183.9 275
184 277
184.1 281
184.2 276
184.3 271
184.4 263
184.5 262
184.6 268
184.7 272
184.8 305
184.9 313
185 311
185.1 345
185.2 440
185.3 497
185.4 503
185.5 494
185.6 455
185.7 451
185.8 456
185.9 456
186 429
186.1 407
186.2 427
186.3 499
186.4 546
186.5 558
186.6 586
186.7 582
186.8 588
186.9 605
187 610
187.1 621
187.2 636
187.3 648
187.4 665
187.5 670
187.6 689
187.7 703
187.8 702
187.9 728
188 738
188.1 758
188.2 781
188.3 804
188.4 821
188.5 852
188.6 878
188.7 903
188.8 931
188.9 946
189 971
189.1 985
189.2 1010
189.3 1040
189.4 1066
189.5 1097
189.6 1117
189.7 1144
189.8 1172
189.9 1197
190 1231
190.1 1256
190.2 1283
190.3 1309
190.4 1330
190.5 1351
190.6 1373
190.7 1397
190.8 1418
190.9 1447
191 1464
191.1 1496
191.2 1508
191.3 1526
191.4 1557
191.5 1575
191.6 1600
191.7 1615
191.8 1613
191.9 1604
192 1605
192.1 1561
192.2 1453
192.3 1344
192.4 1277
192.5 1209
192.6 1122
192.7 1028
192.8 940
192.9 868
193 823
193.1 779
193.2 725
193.3 666
193.4 614
193.5 578
193.6 545
193.7 517
193.8 496
193.9 501
194 497
194.1 482
194.2 432
194.3 404
194.4 384
194.5 354
194.6 349
194.7 362
194.8 365
194.9 358
195 354
195.1 327
195.2 316
195.3 321
195.4 302
195.5 295
195.6 275
195.7 266
195.8 256
195.9 248
196 244
196.1 250
196.2 231
196.3 234
196.4 244
196.5 255
196.6 259
196.7 264
196.8 258
196.9 265
197 277
197.1 274
197.2 277
197.3 271
197.4 264
197.5 273
197.6 271
197.7 297
197.8 308
197.9 325
198 327
198.1 323
198.2 318
198.3 317
198.4 311
198.5 309
198.6 309
198.7 298
198.8 284
198.9 276
199 279
199.1 281
199.2 271
199.3 265
199.4 247
199.5 241
199.6 247
199.7 247
199.8 238
199.9 243
200 274
