0 0
0.1 0
0.2 1
0.3 4
0.4 4
0.5 4
0.6 5
0.7 6
0.8 11
0.9 20
1 21
1.1 22
1.2 22
1.3 24
1.4 25
1.5 29
1.6 32
1.7 38
1.8 42
1.9 46
2 45
2.1 49
2.2 47
2.3 49
2.4 52
2.5 58
2.6 55
2.7 58
2.8 59
2.9 61
3 64
3.1 60
3.2 64
3.3 64
3.4 68
3.5 68
3.6 70
3.7 69
3.8 74
3.9 74
4 74
4.1 76
4.2 75
4.3 74
4.4 72
4.5 74
4.6 75
4.7 65
4.8 68
4.9 70
5 71
5.1 71
5.2 73
5.3 68
5.4 64
5.5 63
5.6 61
5.7 61
5.8 61
5.9 64
6 60
6.1 58
6.2 60
6.3 60
6.4 60
6.5 60
6.6 58
6.7 56
6.8 52
6.9 48
7 46
7.1 43
7.2 43
7.3 41
7.4 40
7.5 39
7.6 35
7.7 33
7.8 31
7.9 30
8 30
8.1 25
8.2 24
8.3 23
8.4 22
8.5 20
8.6 20
8.7 18
8.8 17
8.9 16
9 14
9.1 12
9.2 11
9.3 10
9.4 10
9.5 9
9.6 9
9.7 9
9.8 9
9.9 9
10 7
10.1 7
10.2 7
10.3 7
10.4 6
10.5 4
10.6 4
10.7 4
10.8 3
10.9 3
11 3
11.1 3
11.2 3
11.3 3
11.4 3
11.5 3
11.6 3
11.7 3
11.8 3
11.9 2
12 1
12.1 1
12.2 1
12.3 1
12.4 1
12.5 1
12.6 1
12.7 1
12.8 1
12.9 1
13 1
13.1 1
13.2 1
13.3 1
13.4 1
13.5 1
13.6 1
13.7 1
13.8 1
13.9 1
14 1
14.1 1
14.2 1
14.3 1
14.4 1
14.5 1
14.6 1
14.7 1
14.8 1
14.9 1
15 1
15.1 1
15.2 1
15.3 1
15.4 1
15.5 1
15.6 1
15.7 1
15.8 1
15.9 1
16 1
16.1 1
16.2 1
16.3 1
16.4 1
16.5 1
16.6 1
16.7 1
16.8 1
16.9 1
17 1
17.1 1
17.2 1
17.3 1
17.4 1
17.5 1
17.6 1
17.7 1
17.8 1
17.9 1
18 1
18.1 1
18.2 0
18.3 0
18.4 0
18.5 0
18.6 0
18.7 0
18.8 0
18.9 0
19 0
19.1 0
19.2 0
19.3 0
19.4 0
19.5 0
19.6 0
19.7 0
19.8 0
19.9 0
20 0
20.1 0
20.2 0
20.3 0
20.4 0
20.5 0
20.6 2
20.7 2
20.8 2
20.9 2
21 4
21.1 5
21.2 5
21.3 5
21.4 6
21.5 9
21.6 8
21.7 11
21.8 14
21.9 16
22 17
22.1 17
22.2 18
22.3 21
22.4 25
22.5 27
22.6 27
22.7 30
22.8 35
22.9 36
23 38
23.1 46
23.2 47
23.3 47
23.4 49
23.5 48
23.6 47
23.7 50
23.8 51
23.9 54
24 53
24.1 54
24.2 53
24.3 54
24.4 55
24.5 55
24.6 56
24.7 57
24.8 52
24.9 51
25 55
25.1 57
25.2 60
25.3 58
25.4 62
25.5 61
25.6 60
25.7 61
25.8 61
25.9 62
26 62
26.1 62
26.2 62
26.3 63
26.4 63
26.5 67
26.6 61
26.7 56
26.8 52
26.9 52
27 48
27.1 47
27.2 49
27.3 45
27.4 41
27.5 39
27.6 39
27.7 38
27.8 37
27.9 37
28 36
28.1 35
28.2 32
28.3 32
28.4 30
28.5 29
28.6 28
28.7 27
28.8 26
28.9 26
29 26
29.1 24
29.2 22
29.3 21
29.4 21
29.5 20
29.6 18
29.7 18
29.8 18
29.9 18
30 18
30.1 16
30.2 15
30.3 14
30.4 14
30.5 14
30.6 13
30.7 13
30.8 13
30.9 13
31 12
31.1 12
31.2 12
31.3 13
31.4 12
31.5 12
31.6 11
31.7 8
31.8 6
31.9 6
32 6
32.1 6
32.2 6
32.3 6
32.4 6
32.5 6
32.6 6
32.7 6
32.8 5
32.9 4
33 4
33.1 3
33.2 3
33.3 3
33.4 3
33.5 3
33.6 3
33.7 3
33.8 3
33.9 3
34 2
34.1 2
34.2 2
34.3 2
34.4 2
34.5 2
34.6 2
34.7 2
34.8 2
34.9 2
35 2
35.1 2
35.2 2
35.3 2
35.4 1
35.5 1
35.6 1
35.7 1
35.8 1
35.9 1
36 1
36.1 1
36.2 1
36.3 1
36.4 1
36.5 1
36.6 1
36.7 1
36.8 1
36.9 1
37 1
37.1 1
37.2 1
37.3 3
37.4 3
37.5 2
37.6 2
37.7 3
37.8 3
37.9 3
38 3
38.1 3
38.2 2
38.3 2
38.4 2
38.5 2
38.6 2
38.7 2
38.8 2
38.9 2
39 2
39.1 3
39.2 3
39.3 3
39.4 3
39.5 4
39.6 4
39.7 5
39.8 8
39.9 9
40 7
40.1 8
40.2 10
40.3 14
40.4 19
40.5 23
40.6 26
40.7 25
40.8 25
40.9 31
41 32
41.1 33
41.2 34
41.3 32
41.4 31
41.5 28
41.6 31
41.7 32
41.8 33
41.9 38
42 41
42.1 43
42.2 45
42.3 49
42.4 49
42.5 51
42.6 56
42.7 55
42.8 57
42.9 60
43 63
43.1 65
43.2 68
43.3 69
43.4 67
43.5 68
43.6 72
43.7 71
43.8 65
43.9 65
44 63
44.1 64
44.2 62
44.3 62
44.4 65
44.5 62
44.6 56
44.7 54
44.8 52
44.9 52
45 50
45.1 45
45.2 44
45.3 42
45.4 40
45.5 38
45.6 34
45.7 32
45.8 31
45.9 29
46 27
46.1 24
46.2 23
46.3 23
46.4 22
46.5 21
46.6 19
46.7 18
46.8 16
46.9 14
47 14
47.1 12
47.2 10
47.3 8
47.4 7
47.5 7
47.6 7
47.7 7
47.8 7
47.9 7
48 7
48.1 6
48.2 6
48.3 6
48.4 6
48.5 5
48.6 3
48.7 3
48.8 3
48.9 3
49 3
49.1 3
49.2 3
49.3 3
49.4 3
49.5 3
49.6 1
49.7 1
49.8 1
49.9 1
50 1
50.1 1
50.2 1
50.3 0
50.4 0
50.5 0
50.6 0
50.7 0
50.8 0
50.9 0
51 0
51.1 0
51.2 0
51.3 0
51.4 0
51.5 0
51.6 0
51.7 0
51.8 0
51.9 0
52 0
52.1 0
52.2 0
52.3 0
52.4 0
52.5 0
52.6 0
52.7 0
52.8 1
52.9 1
53 1
53.1 1
53.2 1
53.3 1
53.4 1
53.5 1
53.6 1
53.7 1
53.8 1
53.9 1
54 1
54.1 1
54.2 1
54.3 1
54.4 1
54.5 1
54.6 1
54.7 1
54.8 0
54.9 0
55 0
55.1 0
55.2 0
55.3 0
55.4 0
55.5 0
55.6 0
55.7 0
55.8 0
55.9 0
56 0
56.1 0
56.2 0
56.3 0
56.4 0
56.5 0
56.6 0
56.7 0
56.8 0
56.9 0
57 0
57.1 0
57.2 0
57.3 1
57.4 1
57.5 8
57.6 10
57.7 13
57.8 16
57.9 17
58 15
58.1 16
58.2 18
58.3 20
58.4 20
58.5 25
58.6 24
58.7 21
58.8 25
58.9 25
59 26
59.1 27
59.2 27
59.3 31
59.4 35
59.5 35
59.6 40
59.7 38
59.8 42
59.9 43
60 48
60.1 47
60.2 52
60.3 54
60.4 51
60.5 53
60.6 49
60.7 50
60.8 52
60.9 50
61 50
61.1 56
61.2 58
61.3 60
61.4 57
61.5 57
61.6 60
61.7 60
61.8 62
61.9 62
62 62
62.1 59
62.2 58
62.3 56
62.4 57
62.5 55
62.6 53
62.7 53
62.8 56
62.9 56
63 54
63.1 55
63.2 57
63.3 61
63.4 60
63.5 60
63.6 60
63.7 58
63.8 59
63.9 55
64 53
64.1 53
64.2 58
64.3 58
64.4 58
64.5 55
64.6 53
64.7 50
64.8 42
64.9 39
65 39
65.1 38
65.2 38
65.3 37
65.4 35
65.5 32
65.6 31
65.7 30
65.8 27
65.9 25
66 24
66.1 22
66.2 21
66.3 20
66.4 19
66.5 18
66.6 18
66.7 18
66.8 15
66.9 14
67 13
67.1 11
67.2 10
67.3 10
67.4 8
67.5 8
67.6 8
67.7 8
67.8 7
67.9 6
68 6
68.1 6
68.2 5
68.3 5
68.4 5
68.5 5
68.6 4
68.7 3
68.8 3
68.9 3
69 3
69.1 5
69.2 5
69.3 4
69.4 3
69.5 3
69.6 3
69.7 3
69.8 3
69.9 3
70 3
70.1 3
70.2 3
70.3 3
70.4 3
70.5 2
70.6 2
70.7 2
70.8 2
70.9 2
71 2
71.1 1
71.2 1
71.3 1
71.4 1
71.5 0
71.6 3
71.7 3
71.8 3
71.9 3
72 3
72.1 3
72.2 4
72.3 4
72.4 4
72.5 4
72.6 4
72.7 4
72.8 3
72.9 3
73 3
73.1 3
73.2 2
73.3 1
73.4 1
73.5 0
73.6 0
73.7 0
73.8 0
73.9 0
74 0
74.1 0
74.2 0
74.3 0
74.4 0
74.5 0
74.6 0
74.7 0
74.8 0
74.9 0
75 0
75.1 0
75.2 0
75.3 0
75.4 0
75.5 0
75.6 0
75.7 0
75.8 1
75.9 1
76 1
76.1 1
76.2 1
76.3 0
76.4 0
76.5 0
76.6 0
76.7 0
76.8 0
76.9 0
77 0
77.1 0
77.2 0
77.3 0
77.4 0
77.5 0
77.6 0
77.7 0
77.8 0
77.9 0
78 0
78.1 0
78.2 0
78.3 0
78.4 0
78.5 0
78.6 0
78.7 0
78.8 0
78.9 0
79 0
79.1 1
79.2 1
79.3 1
79.4 1
79.5 1
79.6 1
79.7 1
79.8 1
79.9 1
80 1
80.1 1
80.2 1
80.3 1
80.4 4
80.5 5
80.6 6
80.7 5
80.8 5
80.9 5
81 7
81.1 7
81.2 8
81.3 8
81.4 10
81.5 11
81.6 14
81.7 15
81.8 13
81.9 19
82 19
82.1 21
82.2 22
82.3 23
82.4 22
82.5 30
82.6 34
82.7 36
82.8 41
82.9 41
83 39
83.1 40
83.2 40
83.3 37
83.4 40
83.5 43
83.6 44
83.7 46
83.8 44
83.9 45
84 41
84.1 38
84.2 37
84.3 39
84.4 45
84.5 45
84.6 46
84.7 49
84.8 44
84.9 46
85 49
85.1 52
85.2 52
85.3 54
85.4 63
85.5 62
85.6 68
85.7 66
85.8 66
85.9 70
86 67
86.1 66
86.2 65
86.3 67
86.4 71
86.5 71
86.6 70
86.7 75
86.8 77
86.9 75
87 75
87.1 73
87.2 71
87.3 72
87.4 73
87.5 71
87.6 70
87.7 65
87.8 62
87.9 59
88 58
88.1 54
88.2 53
88.3 49
88.4 48
88.5 46
88.6 43
88.7 38
88.8 37
88.9 34
89 31
89.1 26
89.2 25
89.3 23
89.4 23
89.5 22
89.6 21
89.7 21
89.8 20
89.9 18
90 17
90.1 17
90.2 16
90.3 16
90.4 14
90.5 13
90.6 12
90.7 12
90.8 11
90.9 9
91 9
91.1 8
91.2 8
91.3 8
91.4 7
91.5 7
91.6 7
91.7 7
91.8 7
91.9 7
92 6
92.1 6
92.2 5
92.3 5
92.4 5
92.5 5
92.6 5
92.7 5
92.8 5
92.9 5
93 4
93.1 4
93.2 4
93.3 3
93.4 3
93.5 3
93.6 3
93.7 3
93.8 2
93.9 2
94 2
94.1 2
94.2 1
94.3 1
94.4 1
94.5 1
94.6 1
94.7 1
94.8 1
94.9 1
95 0
95.1 0
95.2 0
95.3 0
95.4 0
95.5 0
95.6 0
95.7 0
95.8 0
95.9 0
96 0
96.1 0
96.2 0
96.3 0
96.4 0
96.5 0
96.6 0
96.7 0
96.8 0
96.9 0
97 0
97.1 0
97.2 0
97.3 0
97.4 0
97.5 0
97.6 0
97.7 0
97.8 0
97.9 0
98 0
98.1 0
98.2 0
98.3 0
98.4 0
98.5 0
98.6 0
98.7 0
98.8 0
98.9 0
99 0
99.1 1
99.2 1
99.3 1
99.4 2
99.5 2
99.6 2
99.7 2
99.8 2
99.9 2
100 2
100.1 2
100.2 2
100.3 3
100.4 3
100.5 3
100.6 2
100.7 2
100.8 2
100.9 2
101 2
101.1 2
101.2 2
101.3 1
101.4 0
101.5 2
101.6 2
101.7 2
101.8 2
101.9 2
102 2
102.1 2
102.2 2
102.3 2
102.4 2
102.5 2
102.6 2
102.7 2
102.8 2
102.9 1
103 1
103.1 1
103.2 1
103.3 1
103.4 1
103.5 1
103.6 1
103.7 1
103.8 1
103.9 1
104 1
104.1 1
104.2 1
104.3 1
104.4 1
104.5 1
104.6 3
104.7 3
104.8 2
104.9 2
105 2
105.1 2
105.2 2
105.3 2
105.4 2
105.5 2
105.6 2
105.7 2
105.8 6
105.9 11
106 16
106.1 18
106.2 19
106.3 20
106.4 20
106.5 24
106.6 29
106.7 31
106.8 33
106.9 36
107 42
107.1 46
107.2 45
107.3 49
107.4 48
107.5 46
107.6 48
107.7 53
107.8 53
107.9 55
108 58
108.1 55
108.2 53
108.3 56
108.4 58
108.5 63
108.6 63
108.7 63
108.8 62
108.9 60
109 58
109.1 58
109.2 58
109.3 61
109.4 66
109.5 67
109.6 62
109.7 60
109.8 57
109.9 59
110 61
110.1 61
110.2 65
110.3 63
110.4 65
110.5 67
110.6 66
110.7 64
110.8 61
110.9 58
111 57
111.1 54
111.2 51
111.3 45
111.4 42
111.5 39
111.6 38
111.7 37
111.8 36
111.9 35
112 33
112.1 32
112.2 31
112.3 31
112.4 31
112.5 31
112.6 30
112.7 29
112.8 29
112.9 26
113 25
113.1 23
113.2 22
113.3 20
113.4 19
113.5 18
113.6 17
113.7 16
113.8 16
113.9 14
114 13
114.1 13
114.2 11
114.3 8
114.4 6
114.5 5
114.6 5
114.7 5
114.8 5
114.9 5
115 5
115.1 5
115.2 5
115.3 4
115.4 4
115.5 4
115.6 3
115.7 2
115.8 2
115.9 2
116 2
116.1 2
116.2 2
116.3 2
116.4 2
116.5 2
116.6 2
116.7 1
116.8 1
116.9 1
117 1
117.1 1
117.2 1
117.3 1
117.4 1
117.5 1
117.6 1
117.7 1
117.8 1
117.9 1
118 1
118.1 1
118.2 1
118.3 1
118.4 1
118.5 1
118.6 1
118.7 1
118.8 1
118.9 1
119 1
119.1 1
119.2 1
119.3 1
119.4 1
119.5 1
119.6 1
119.7 1
119.8 1
119.9 1
120 3
120.1 2
120.2 2
120.3 1
120.4 1
120.5 1
120.6 1
120.7 1
120.8 1
120.9 1
121 1
121.1 1
121.2 1
121.3 1
121.4 1
121.5 1
121.6 1
121.7 1
121.8 2
121.9 2
122 1
122.1 1
122.2 1
122.3 1
122.4 1
122.5 1
122.6 1
122.7 1
122.8 1
122.9 1
123 1
123.1 1
123.2 1
123.3 1
123.4 1
123.5 1
123.6 1
123.7 1
123.8 1
123.9 1
124 1
124.1 1
124.2 1
124.3 1
124.4 1
124.5 1
124.6 1
124.7 1
124.8 1
124.9 1
125 1
125.1 1
125.2 1
125.3 2
125.4 2
125.5 6
125.6 6
125.7 10
125.8 12
125.9 13
126 14
126.1 15
126.2 15
126.3 19
126.4 20
126.5 21
126.6 24
126.7 26
126.8 28
126.9 29
127 28
127.1 29
127.2 30
127.3 31
127.4 33
127.5 33
127.6 40
127.7 42
127.8 40
127.9 40
128 43
128.1 44
128.2 45
128.3 46
128.4 50
128.5 50
128.6 47
128.7 46
128.8 47
128.9 44
129 43
129.1 45
129.2 46
129.3 47
129.4 51
129.5 52
129.6 51
129.7 58
129.8 56
129.9 54
130 51
130.1 53
130.2 55
130.3 58
130.4 60
130.5 59
130.6 58
130.7 58
130.8 59
130.9 55
131 56
131.1 53
131.2 52
131.3 51
131.4 52
131.5 49
131.6 47
131.7 44
131.8 44
131.9 43
132 40
132.1 39
132.2 41
132.3 40
132.4 39
132.5 37
132.6 34
132.7 34
132.8 34
132.9 32
133 31
133.1 30
133.2 30
133.3 28
133.4 28
133.5 27
133.6 25
133.7 24
133.8 22
133.9 18
134 16
134.1 15
134.2 14
134.3 12
134.4 12
134.5 11
134.6 11
134.7 10
134.8 10
134.9 10
135 9
135.1 9
135.2 8
135.3 8
135.4 7
135.5 7
135.6 7
135.7 6
135.8 6
135.9 6
136 5
136.1 4
136.2 4
136.3 4
136.4 3
136.5 3
136.6 3
136.7 3
136.8 3
136.9 3
137 3
137.1 3
137.2 3
137.3 3
137.4 2
137.5 2
137.6 2
137.7 2
137.8 2
137.9 2
138 2
138.1 2
138.2 2
138.3 2
138.4 2
138.5 2
138.6 2
138.7 2
138.8 2
138.9 2
139 2
139.1 2
139.2 2
139.3 2
139.4 2
139.5 2
139.6 1
139.7 1
139.8 1
139.9 1
140 1
140.1 1
140.2 1
140.3 1
140.4 1
140.5 1
140.6 1
140.7 1
140.8 1
140.9 1
141 1
141.1 1
141.2 1
141.3 1
141.4 1
141.5 1
141.6 1
141.7 1
141.8 1
141.9 1
142 1
142.1 1
142.2 2
142.3 2
142.4 2
142.5 2
142.6 2
142.7 2
142.8 2
142.9 2
143 2
143.1 1
143.2 1
143.3 1
143.4 1
143.5 1
143.6 0
143.7 0
143.8 0
143.9 0
144 0
144.1 0
144.2 0
144.3 0
144.4 0
144.5 0
144.6 0
144.7 0
144.8 0
144.9 0
145 0
145.1 0
145.2 0
145.3 0
145.4 0
145.5 0
145.6 0
145.7 0
145.8 0
145.9 0
146 0
146.1 0
146.2 0
146.3 0
146.4 0
146.5 0
146.6 0
146.7 0
146.8 0
146.9 0
147 0
147.1 0
147.2 0
147.3 1
147.4 1
147.5 1
147.6 1
147.7 6
147.8 10
147.9 11
148 14
148.1 18
148.2 20
148.3 20
148.4 20
148.5 21
148.6 21
148.7 19
148.8 22
148.9 28
149 31
149.1 29
149.2 27
149.3 27
149.4 30
149.5 34
149.6 37
149.7 35
149.8 33
149.9 37
150 37
150.1 37
150.2 39
150.3 44
150.4 49
150.5 47
150.6 46
150.7 45
150.8 49
150.9 47
151 49
151.1 52
151.2 56
151.3 59
151.4 54
151.5 53
151.6 56
151.7 55
151.8 58
151.9 58
152 59
152.1 57
152.2 60
152.3 57
152.4 56
152.5 56
152.6 54
152.7 53
152.8 52
152.9 57
153 57
153.1 58
153.2 55
153.3 53
153.4 50
153.5 50
153.6 47
153.7 45
153.8 45
153.9 45
154 43
154.1 42
154.2 40
154.3 40
154.4 39
154.5 38
154.6 37
154.7 36
154.8 34
154.9 34
155 31
155.1 29
155.2 27
155.3 27
155.4 26
155.5 25
155.6 23
155.7 22
155.8 21
155.9 20
156 19
156.1 18
156.2 16
156.3 15
156.4 11
156.5 10
156.6 10
156.7 10
156.8 9
156.9 9
157 8
157.1 8
157.2 8
157.3 8
157.4 7
157.5 7
157.6 6
157.7 6
157.8 6
157.9 6
158 6
158.1 5
158.2 5
158.3 5
158.4 5
158.5 5
158.6 5
158.7 4
158.8 3
158.9 3
159 3
159.1 3
159.2 3
159.3 3
159.4 2
159.5 2
159.6 2
159.7 2
159.8 2
159.9 2
160 1
160.1 1
160.2 1
160.3 1
160.4 1
160.5 1
160.6 1
160.7 1
160.8 1
160.9 1
161 1
161.1 1
161.2 1
161.3 1
161.4 1
161.5 1
161.6 1
161.7 1
161.8 1
161.9 1
162 1
162.1 1
162.2 1
162.3 1
162.4 1
162.5 1
162.6 1
162.7 1
162.8 1
162.9 2
163 3
163.1 3
163.2 3
163.3 3
163.4 5
163.5 5
163.6 6
163.7 6
163.8 6
163.9 6
164 4
164.1 4
164.2 4
164.3 3
164.4 3
164.5 3
164.6 2
164.7 2
164.8 2
164.9 2
165 2
165.1 2
165.2 2
165.3 2
165.4 2
165.5 2
165.6 2
165.7 2
165.8 2
165.9 2
166 2
166.1 2
166.2 3
166.3 3
166.4 3
166.5 3
166.6 3
166.7 3
166.8 3
166.9 3
167 3
167.1 5
167.2 5
167.3 4
167.4 4
167.5 4
167.6 4
167.7 3
167.8 3
167.9 3
168 3
168.1 7
168.2 9
168.3 10
168.4 10
168.5 11
168.6 14
168.7 16
168.8 17
168.9 19
169 20
169.1 21
169.2 20
169.3 23
169.4 28
169.5 29
169.6 31
169.7 29
169.8 33
169.9 36
170 34
170.1 31
170.2 31
170.3 30
170.4 31
170.5 38
170.6 38
170.7 40
170.8 42
170.9 43
171 46
171.1 49
171.2 47
171.3 46
171.4 49
171.5 49
171.6 54
171.7 53
171.8 55
171.9 54
172 57
172.1 52
172.2 54
172.3 64
172.4 64
172.5 64
172.6 62
172.7 61
172.8 62
172.9 61
173 60
173.1 58
173.2 56
173.3 57
173.4 57
173.5 58
173.6 59
173.7 58
173.8 62
173.9 60
174 56
174.1 53
174.2 51
174.3 51
174.4 50
174.5 45
174.6 44
174.7 37
174.8 36
174.9 34
175 33
175.1 29
175.2 29
175.3 26
175.4 25
175.5 24
175.6 27
175.7 25
175.8 21
175.9 19
176 19
176.1 18
176.2 18
176.3 18
176.4 17
176.5 16
176.6 14
176.7 14
176.8 14
176.9 13
177 15
177.1 15
177.2 14
177.3 14
177.4 12
177.5 12
177.6 12
177.7 11
177.8 10
177.9 10
178 10
178.1 9
178.2 8
178.3 8
178.4 8
178.5 7
178.6 7
178.7 7
178.8 7
178.9 7
179 7
179.1 7
179.2 7
179.3 7
179.4 7
179.5 7
179.6 7
179.7 7
179.8 7
179.9 7
180 7
180.1 6
180.2 6
180.3 5
180.4 5
180.5 4
180.6 4
180.7 4
180.8 5
180.9 5
181 5
181.1 5
181.2 3
181.3 3
181.4 3
181.5 3
181.6 3
181.7 3
181.8 3
181.9 3
182 4
182.1 4
182.2 5
182.3 5
182.4 5
182.5 5
182.6 5
182.7 5
182.8 5
182.9 5
183 5
183.1 5
183.2 4
183.3 4
183.4 4
183.5 2
183.6 2
183.7 2
183.8 2
183.9 2
184 2
184.1 2
184.2 1
184.3 1
184.4 1
184.5 1
184.6 1
184.7 1
184.8 1
184.9 0
185 0
185.1 0
185.2 2
185.3 2
185.4 2
185.5 1
185.6 1
185.7 1
185.8 1
185.9 5
186 5
186.1 5
186.2 4
186.3 8
186.4 10
186.5 13
186.6 16
186.7 15
186.8 15
186.9 17
187 18
187.1 21
187.2 22
187.3 24
187.4 22
187.5 23
187.6 26
187.7 31
187.8 31
187.9 30
188 31
188.1 32
188.2 34
188.3 34
188.4 42
188.5 42
188.6 46
188.7 42
188.8 45
188.9 48
189 50
189.1 49
189.2 50
189.3 49
189.4 53
189.5 52
189.6 53
189.7 57
189.8 59
189.9 60
190 63
190.1 61
190.2 61
190.3 57
190.4 56
190.5 56
190.6 57
190.7 54
190.8 52
190.9 55
191 57
191.1 53
191.2 53
191.3 51
191.4 55
191.5 54
191.6 54
191.7 51
191.8 47
191.9 45
192 44
192.1 42
192.2 41
192.3 40
192.4 34
192.5 32
192.6 31
192.7 29
192.8 27
192.9 25
193 24
193.1 23
193.2 21
193.3 20
193.4 20
193.5 20
193.6 19
193.7 19
193.8 18
193.9 18
194 17
194.1 16
194.2 15
194.3 14
194.4 12
194.5 10
194.6 9
194.7 8
194.8 7
194.9 6
195 6
195.1 6
195.2 6
195.3 5
195.4 5
195.5 4
195.6 4
195.7 3
195.8 3
195.9 3
196 3
196.1 2
196.2 2
196.3 2
196.4 2
196.5 2
196.6 2
196.7 2
196.8 4
196.9 4
197 4
197.1 4
197.2 4
197.3 4
197.4 4
197.5 5
197.6 4
197.7 4
197.8 4
197.9 4
198 4
198.1 4
198.2 4
198.3 4
198.4 3
198.5 3
198.6 3
198.7 3
198.8 2
198.9 2
199 2
199.1 2
199.2 2
199.3 1
199.4 1
199.5 1
199.6 1
199.7 1
199.8 1
199.9 1
200 1
