0 0
0.1 0
0.2 0
0.3 0
0.4 0
0.5 1
0.6 1
0.7 4
0.8 5
0.9 9
1 13
1.1 17
1.2 22
1.3 26
1.4 34
1.5 39
1.6 50
1.7 58
1.8 67
1.9 78
2 88
2.1 104
2.2 121
2.3 134
2.4 151
2.5 164
2.6 180
2.7 201
2.8 224
2.9 249
3 272
3.1 293
3.2 313
3.3 329
3.4 353
3.5 377
3.6 401
3.7 428
3.8 452
3.9 489
4 513
4.1 533
4.2 567
4.3 597
4.4 637
4.5 679
4.6 710
4.7 737
4.8 777
4.9 810
5 852
5.1 876
5.2 915
5.3 946
5.4 986
5.5 1024
5.6 1067
5.7 1106
5.8 1143
5.9 1187
6 1224
6.1 1256
6.2 1290
6.3 1324
6.4 1360
6.5 1394
6.6 1425
6.7 1464
6.8 1512
6.9 1544
7 1582
7.1 1613
7.2 1648
7.3 1682
7.4 1701
7.5 1743
7.6 1765
7.7 1787
7.8 1813
7.9 1835
8 1828
8.1 1750
8.2 1688
8.3 1604
8.4 1535
8.5 1429
8.6 1316
8.7 1235
8.8 1162
8.9 1098
9 1032
9.1 961
9.2 891
9.3 841
9.4 775
9.5 723
9.6 676
9.7 638
9.8 609
9.9 590
10 542
10.1 523
10.2 509
10.3 476
10.4 464
10.5 458
10.6 437
10.7 430
10.8 413
10.9 388
11 362
11.1 341
11.2 343
11.3 354
11.4 347
11.5 335
11.6 332
11.7 332
11.8 347
11.9 340
12 332
12.1 323
12.2 334
12.3 364
12.4 379
12.5 376
12.6 362
12.7 345
12.8 357
12.9 354
13 336
13.1 311
13.2 295
13.3 284
13.4 285
13.5 291
13.6 356
13.7 419
13.8 458
13.9 450
14 423
14.1 406
14.2 394
14.3 392
14.4 397
14.5 374
14.6 365
14.7 369
14.8 377
14.9 370
15 362
15.1 354
15.2 341
15.3 328
15.4 326
15.5 334
15.6 340
15.7 340
15.8 343
15.9 324
16 290
16.1 277
16.2 258
16.3 261
16.4 250
16.5 246
16.6 236
16.7 217
16.8 214
16.9 210
17 209
17.1 221
17.2 231
17.3 248
17.4 263
17.5 266
17.6 266
17.7 272
17.8 283
17.9 287
18 275
18.1 267
18.2 253
18.3 245
18.4 248
18.5 268
18.6 254
18.7 260
18.8 281
18.9 285
19 267
19.1 273
19.2 272
19.3 262
19.4 291
19.5 335
19.6 348
19.7 343
19.8 318
19.9 313
20 305
20.1 303
20.2 299
20.3 302
20.4 301
20.5 290
20.6 278
20.7 272
20.8 278
20.9 273
21 263
21.1 256
21.2 258
21.3 281
21.4 316
21.5 352
21.6 412
21.7 472
21.8 483
21.9 498
22 497
22.1 502
22.2 508
22.3 515
22.4 518
22.5 528
22.6 543
22.7 553
22.8 560
22.9 565
23 576
23.1 579
23.2 603
23.3 610
23.4 625
23.5 640
23.6 652
23.7 667
23.8 684
23.9 696
24 723
24.1 749
24.2 764
24.3 784
24.4 805
24.5 812
24.6 840
24.7 867
24.8 885
24.9 902
25 922
25.1 948
25.2 973
25.3 994
25.4 1018
25.5 1043
25.6 1063
25.7 1090
25.8 1109
25.9 1132
26 1157
26.1 1188
26.2 1209
26.3 1225
26.4 1243
26.5 1257
26.6 1271
26.7 1282
26.8 1308
26.9 1334
27 1352
27.1 1377
27.2 1392
27.3 1411
27.4 1441
27.5 1459
27.6 1492
27.7 1503
27.8 1527
27.9 1536
28 1547
28.1 1551
28.2 1555
28.3 1552
28.4 1548
28.5 1521
28.6 1550
28.7 1528
28.8 1433
28.9 1359
29 1257
29.1 1169
29.2 1083
29.3 1021
29.4 963
29.5 894
29.6 841
29.7 799
29.8 730
29.9 705
30 676
30.1 647
30.2 624
30.3 593
30.4 549
30.5 502
30.6 465
30.7 445
30.8 417
30.9 397
31 393
31.1 407
31.2 460
31.3 566
31.4 569
31.5 541
31.6 508
31.7 471
31.8 442
31.9 419
32 415
32.1 393
32.2 359
32.3 350
32.4 344
32.5 334
32.6 319
32.7 302
32.8 306
32.9 308
33 307
33.1 296
33.2 309
33.3 288
33.4 285
33.5 264
33.6 261
33.7 254
33.8 254
33.9 254
34 263
34.1 237
34.2 222
34.3 217
34.4 204
34.5 216
34.6 214
34.7 204
34.8 196
34.9 173
35 176
35.1 203
35.2 201
35.3 211
35.4 208
35.5 224
35.6 232
35.7 273
35.8 283
35.9 287
36 316
36.1 344
36.2 427
36.3 464
36.4 461
36.5 450
36.6 456
36.7 466
36.8 462
36.9 438
37 427
37.1 423
37.2 432
37.3 457
37.4 477
37.5 528
37.6 520
37.7 496
37.8 464
37.9 421
38 392
38.1 380
38.2 375
38.3 369
38.4 358
38.5 342
38.6 332
38.7 315
38.8 320
38.9 317
39 310
39.1 285
39.2 274
39.3 272
39.4 254
39.5 266
39.6 251
39.7 250
39.8 250
39.9 250
40 247
40.1 255
40.2 280
40.3 288
40.4 308
40.5 323
40.6 311
40.7 295
40.8 279
40.9 263
41 263
41.1 274
41.2 261
41.3 251
41.4 234
41.5 228
41.6 222
41.7 214
41.8 225
41.9 217
42 221
42.1 218
42.2 224
42.3 213
42.4 206
42.5 204
42.6 210
42.7 229
42.8 241
42.9 245
43 246
43.1 296
43.2 326
43.3 325
43.4 359
43.5 350
43.6 343
43.7 342
43.8 333
43.9 332
44 325
44.1 305
44.2 306
44.3 291
44.4 278
44.5 272
44.6 266
44.7 251
44.8 248
44.9 289
45 299
45.1 311
45.2 319
45.3 329
45.4 334
45.5 326
45.6 316
45.7 317
45.8 311
45.9 313
46 308
46.1 300
46.2 327
46.3 361
46.4 370
46.5 376
46.6 393
46.7 422
46.8 443
46.9 447
47 453
47.1 458
47.2 462
47.3 469
47.4 476
47.5 479
47.6 488
47.7 493
47.8 503
47.9 511
48 524
48.1 530
48.2 546
48.3 551
48.4 567
48.5 578
48.6 586
48.7 602
48.8 614
48.9 631
49 647
49.1 666
49.2 689
49.3 715
49.4 735
49.5 765
49.6 780
49.7 798
49.8 827
49.9 849
50 874
50.1 888
50.2 906
50.3 925
50.4 951
50.5 977
50.6 1003
50.7 1028
50.8 1053
50.9 1083
51 1101
51.1 1118
51.2 1140
51.3 1169
51.4 1194
51.5 1209
51.6 1233
51.7 1257
51.8 1278
51.9 1285
52 1309
52.1 1325
52.2 1342
52.3 1351
52.4 1377
52.5 1402
52.6 1424
52.7 1447
52.8 1469
52.9 1481
53 1487
53.1 1516
53.2 1536
53.3 1519
53.4 1458
53.5 1376
53.6 1310
53.7 1231
53.8 1148
53.9 1037
54 920
54.1 862
54.2 819
54.3 771
54.4 719
54.5 686
54.6 637
54.7 585
54.8 567
54.9 537
55 529
55.1 496
55.2 461
55.3 457
55.4 459
55.5 425
55.6 405
55.7 419
55.8 449
55.9 448
56 442
56.1 406
56.2 376
56.3 360
56.4 363
56.5 360
56.6 372
56.7 366
56.8 361
56.9 340
57 327
57.1 313
57.2 290
57.3 281
57.4 294
57.5 298
57.6 283
57.7 284
57.8 295
57.9 306
58 316
58.1 309
58.2 290
58.3 275
58.4 263
58.5 260
58.6 276
58.7 281
58.8 281
58.9 301
59 303
59.1 294
59.2 299
59.3 287
59.4 293
59.5 285
59.6 291
59.7 286
59.8 287
59.9 281
60 264
60.1 265
60.2 261
60.3 260
60.4 258
60.5 263
60.6 257
60.7 244
60.8 229
60.9 238
61 234
61.1 262
61.2 268
61.3 278
61.4 259
61.5 250
61.6 251
61.7 256
61.8 280
61.9 286
62 309
62.1 297
62.2 285
62.3 268
62.4 256
62.5 251
62.6 243
62.7 239
62.8 242
62.9 232
63 241
63.1 248
63.2 239
63.3 245
63.4 254
63.5 262
63.6 261
63.7 262
63.8 266
63.9 259
64 253
64.1 254
64.2 282
64.3 281
64.4 276
64.5 272
64.6 314
64.7 339
64.8 369
64.9 378
65 384
65.1 382
65.2 377
65.3 353
65.4 338
65.5 324
65.6 330
65.7 341
65.8 327
65.9 335
66 378
66.1 399
66.2 388
66.3 384
66.4 371
66.5 353
66.6 325
66.7 301
66.8 283
66.9 277
67 281
67.1 291
67.2 288
67.3 277
67.4 259
67.5 243
67.6 237
67.7 234
67.8 221
67.9 197
68 185
68.1 177
68.2 183
68.3 175
68.4 178
68.5 159
68.6 149
68.7 141
68.8 145
68.9 162
69 168
69.1 160
69.2 168
69.3 203
69.4 239
69.5 259
69.6 270
69.7 268
69.8 252
69.9 254
70 259
70.1 249
70.2 238
70.3 234
70.4 228
70.5 244
70.6 279
70.7 287
70.8 298
70.9 330
71 336
71.1 349
71.2 355
71.3 355
71.4 359
71.5 367
71.6 375
71.7 388
71.8 386
71.9 401
72 406
72.1 418
72.2 428
72.3 436
72.4 451
72.5 463
72.6 478
72.7 495
72.8 504
72.9 514
73 532
73.1 545
73.2 566
73.3 586
73.4 606
73.5 631
73.6 644
73.7 671
73.8 689
73.9 712
74 740
74.1 755
74.2 778
74.3 799
74.4 819
74.5 840
74.6 860
74.7 888
74.8 904
74.9 924
75 939
75.1 959
75.2 987
75.3 1020
75.4 1049
75.5 1071
75.6 1104
75.7 1139
75.8 1173
75.9 1218
76 1254
76.1 1316
76.2 1346
76.3 1385
76.4 1422
76.5 1461
76.6 1497
76.7 1534
76.8 1576
76.9 1608
77 1653
77.1 1698
77.2 1722
77.3 1762
77.4 1783
77.5 1799
77.6 1815
77.7 1811
77.8 1777
77.9 1698
78 1584
78.1 1470
78.2 1391
78.3 1277
78.4 1161
78.5 1077
78.6 979
78.7 907
78.8 813
78.9 767
79 717
79.1 665
79.2 619
79.3 580
79.4 548
79.5 522
79.6 493
79.7 488
79.8 492
79.9 488
80 483
80.1 449
80.2 433
80.3 419
80.4 396
80.5 392
80.6 371
80.7 367
80.8 354
80.9 331
81 322
81.1 318
81.2 333
81.3 348
81.4 347
81.5 344
81.6 336
81.7 318
81.8 296
81.9 280
82 288
82.1 300
82.2 298
82.3 285
82.4 272
82.5 269
82.6 271
82.7 292
82.8 308
82.9 329
83 327
83.1 340
83.2 347
83.3 332
83.4 312
83.5 307
83.6 295
83.7 307
83.8 314
83.9 297
84 290
84.1 304
84.2 335
84.3 341
84.4 345
84.5 320
84.6 295
84.7 300
84.8 311
84.9 309
85 299
85.1 308
85.2 311
85.3 304
85.4 292
85.5 303
85.6 297
85.7 289
85.8 268
85.9 252
86 240
86.1 239
86.2 226
86.3 232
86.4 217
86.5 211
86.6 226
86.7 320
86.8 434
86.9 460
87 446
87.1 423
87.2 413
87.3 397
87.4 377
87.5 350
87.6 354
87.7 361
87.8 349
87.9 320
88 293
88.1 277
88.2 257
88.3 253
88.4 262
88.5 274
88.6 269
88.7 266
88.8 259
88.9 246
89 240
89.1 239
89.2 244
89.3 251
89.4 262
89.5 246
89.6 238
89.7 247
89.8 247
89.9 238
90 240
90.1 239
90.2 225
90.3 210
90.4 206
90.5 192
90.6 187
90.7 188
90.8 179
90.9 180
91 169
91.1 181
91.2 181
91.3 191
91.4 210
91.5 215
91.6 213
91.7 206
91.8 220
91.9 221
92 213
92.1 204
92.2 195
92.3 193
92.4 209
92.5 229
92.6 227
92.7 244
92.8 269
92.9 273
93 283
93.1 285
93.2 292
93.3 297
93.4 286
93.5 286
93.6 294
93.7 306
93.8 317
93.9 317
94 318
94.1 303
94.2 296
94.3 286
94.4 277
94.5 272
94.6 261
94.7 256
94.8 250
94.9 251
95 269
95.1 267
95.2 272
95.3 308
95.4 338
95.5 357
95.6 367
95.7 381
95.8 394
95.9 390
96 404
96.1 408
96.2 427
96.3 427
96.4 443
96.5 462
96.6 481
96.7 492
96.8 505
96.9 511
97 523
97.1 536
97.2 557
97.3 585
97.4 608
97.5 637
97.6 649
97.7 673
97.8 693
97.9 725
98 744
98.1 768
98.2 783
98.3 811
98.4 842
98.5 871
98.6 902
98.7 929
98.8 951
98.9 985
99 1014
99.1 1044
99.2 1066
99.3 1096
99.4 1130
99.5 1176
99.6 1214
99.7 1259
99.8 1299
99.9 1338
100 1378
100.1 1421
100.2 1438
100.3 1483
100.4 1509
100.5 1535
100.6 1567
100.7 1579
100.8 1622
100.9 1650
101 1653
101.1 1591
101.2 1443
101.3 1353
101.4 1283
101.5 1197
101.6 1100
101.7 1029
101.8 973
101.9 887
102 822
102.1 780
102.2 736
102.3 685
102.4 667
102.5 627
102.6 593
102.7 549
102.8 522
102.9 492
103 481
103.1 479
103.2 483
103.3 483
103.4 453
103.5 434
103.6 420
103.7 401
103.8 369
103.9 351
104 336
104.1 323
104.2 334
104.3 334
104.4 323
104.5 344
104.6 343
104.7 331
104.8 326
104.9 309
105 290
105.1 285
105.2 272
105.3 266
105.4 268
105.5 279
105.6 270
105.7 264
105.8 269
105.9 281
106 284
106.1 289
106.2 304
106.3 292
106.4 293
106.5 291
106.6 297
106.7 321
106.8 324
106.9 330
107 329
107.1 318
107.2 310
107.3 301
107.4 277
107.5 263
107.6 263
107.7 269
107.8 259
107.9 260
108 282
108.1 293
108.2 297
108.3 291
108.4 313
108.5 310
108.6 301
108.7 293
108.8 305
108.9 299
109 300
109.1 304
109.2 298
109.3 294
109.4 297
109.5 290
109.6 290
109.7 281
109.8 276
109.9 268
110 267
110.1 280
110.2 282
110.3 272
110.4 280
110.5 273
110.6 263
110.7 266
110.8 274
110.9 352
111 366
111.1 390
111.2 392
111.3 402
111.4 384
111.5 382
111.6 370
111.7 343
111.8 343
111.9 329
112 325
112.1 319
112.2 314
112.3 323
112.4 297
112.5 298
112.6 298
112.7 309
112.8 306
112.9 380
113 412
113.1 413
113.2 422
113.3 435
113.4 437
113.5 462
113.6 492
113.7 506
113.8 509
113.9 515
114 516
114.1 534
114.2 553
114.3 561
114.4 563
114.5 568
114.6 579
114.7 580
114.8 594
114.9 604
115 618
115.1 623
115.2 638
115.3 644
115.4 653
115.5 671
115.6 685
115.7 693
115.8 714
115.9 730
116 753
116.1 768
116.2 783
116.3 798
116.4 813
116.5 831
116.6 851
116.7 866
116.8 886
116.9 905
117 923
117.1 935
117.2 956
117.3 975
117.4 1018
117.5 1031
117.6 1053
117.7 1081
117.8 1115
117.9 1142
118 1171
118.1 1195
118.2 1233
118.3 1256
118.4 1279
118.5 1329
118.6 1357
118.7 1382
118.8 1400
118.9 1439
119 1466
119.1 1457
119.2 1440
119.3 1372
119.4 1288
119.5 1191
119.6 1108
119.7 1028
119.8 923
119.9 852
120 798
120.1 738
120.2 722
120.3 701
120.4 662
120.5 645
120.6 616
120.7 591
120.8 534
120.9 495
121 465
121.1 437
121.2 409
121.3 393
121.4 370
121.5 348
121.6 329
121.7 331
121.8 312
121.9 311
122 310
122.1 309
122.2 313
122.3 313
122.4 322
122.5 336
122.6 341
122.7 348
122.8 341
122.9 329
123 313
123.1 304
123.2 309
123.3 316
123.4 312
123.5 315
123.6 320
123.7 317
123.8 303
123.9 291
124 285
124.1 276
124.2 291
124.3 280
124.4 273
124.5 265
124.6 275
124.7 271
124.8 276
124.9 284
125 288
125.1 285
125.2 282
125.3 276
125.4 298
125.5 296
125.6 282
125.7 268
125.8 258
125.9 253
126 264
126.1 249
126.2 237
126.3 236
126.4 225
126.5 224
126.6 229
126.7 222
126.8 217
126.9 205
127 196
127.1 191
127.2 189
127.3 196
127.4 186
127.5 189
127.6 203
127.7 204
127.8 193
127.9 184
128 178
128.1 175
128.2 184
128.3 192
128.4 182
128.5 182
128.6 191
128.7 201
128.8 197
128.9 192
129 209
129.1 220
129.2 206
129.3 193
129.4 193
129.5 207
129.6 218
129.7 228
129.8 235
129.9 247
130 245
130.1 238
130.2 231
130.3 221
130.4 222
130.5 235
130.6 259
130.7 257
130.8 245
130.9 233
131 231
131.1 248
131.2 254
131.3 274
131.4 274
131.5 271
131.6 251
131.7 242
131.8 298
131.9 317
132 329
132.1 343
132.2 347
132.3 362
132.4 380
132.5 418
132.6 450
132.7 465
132.8 458
132.9 467
133 472
133.1 479
133.2 482
133.3 483
133.4 490
133.5 500
133.6 512
133.7 525
133.8 530
133.9 544
134 553
134.1 560
134.2 570
134.3 579
134.4 586
134.5 603
134.6 615
134.7 638
134.8 662
134.9 688
135 703
135.1 728
135.2 755
135.3 778
135.4 800
135.5 823
135.6 841
135.7 869
135.8 901
135.9 927
136 959
136.1 989
136.2 1007
136.3 1051
136.4 1077
136.5 1105
136.6 1137
136.7 1168
136.8 1195
136.9 1220
137 1241
137.1 1285
137.2 1316
137.3 1335
137.4 1361
137.5 1401
137.6 1429
137.7 1461
137.8 1484
137.9 1507
138 1535
138.1 1566
138.2 1585
138.3 1590
138.4 1574
138.5 1548
138.6 1538
138.7 1488
138.8 1392
138.9 1289
139 1203
139.1 1132
139.2 1044
139.3 970
139.4 897
139.5 848
139.6 776
139.7 714
139.8 664
139.9 617
140 590
140.1 553
140.2 513
140.3 470
140.4 458
140.5 444
140.6 414
140.7 400
140.8 382
140.9 354
141 342
141.1 318
141.2 303
141.3 294
141.4 294
141.5 289
141.6 286
141.7 276
141.8 265
141.9 290
142 309
142.1 312
142.2 297
142.3 280
142.4 278
142.5 277
142.6 282
142.7 280
142.8 290
142.9 272
143 259
143.1 258
143.2 244
143.3 243
143.4 240
143.5 246
143.6 251
143.7 248
143.8 247
143.9 255
144 249
144.1 248
144.2 263
144.3 257
144.4 239
144.5 244
144.6 248
144.7 253
144.8 247
144.9 252
145 291
145.1 300
145.2 282
145.3 275
145.4 256
145.5 242
145.6 245
145.7 284
145.8 290
145.9 308
146 308
146.1 328
146.2 338
146.3 344
146.4 330
146.5 324
146.6 305
146.7 313
146.8 314
146.9 317
147 313
147.1 356
147.2 440
147.3 471
147.4 477
147.5 481
147.6 481
147.7 458
147.8 445
147.9 424
148 426
148.1 405
148.2 397
148.3 410
148.4 438
148.5 453
148.6 446
148.7 462
148.8 513
148.9 512
149 506
149.1 506
149.2 490
149.3 458
149.4 435
149.5 426
149.6 428
149.7 431
149.8 404
149.9 392
150 373
150.1 366
150.2 347
150.3 339
150.4 332
150.5 323
150.6 314
150.7 287
150.8 271
150.9 266
151 266
151.1 272
151.2 281
151.3 278
151.4 277
151.5 267
151.6 302
151.7 402
151.8 416
151.9 413
152 411
152.1 415
152.2 417
152.3 396
152.4 404
152.5 410
152.6 416
152.7 410
152.8 385
152.9 366
153 367
153.1 355
153.2 340
153.3 333
153.4 313
153.5 322
153.6 305
153.7 296
153.8 279
153.9 293
154 358
154.1 382
154.2 391
154.3 393
154.4 376
154.5 349
154.6 334
154.7 323
154.8 322
154.9 325
155 329
155.1 320
155.2 337
155.3 349
155.4 341
155.5 355
155.6 332
155.7 325
155.8 314
155.9 293
156 286
156.1 291
156.2 283
156.3 261
156.4 264
156.5 293
156.6 301
156.7 300
156.8 305
156.9 308
157 330
157.1 364
157.2 402
157.3 404
157.4 418
157.5 422
157.6 433
157.7 434
157.8 444
157.9 438
158 430
158.1 431
158.2 446
158.3 435
158.4 441
158.5 444
158.6 445
158.7 467
158.8 478
158.9 477
159 477
159.1 468
159.2 469
159.3 468
159.4 457
159.5 432
159.6 408
159.7 388
159.8 368
159.9 351
160 328
160.1 319
160.2 321
160.3 312
160.4 289
160.5 291
160.6 286
160.7 290
160.8 301
160.9 289
161 280
161.1 269
161.2 260
161.3 243
161.4 238
161.5 255
161.6 266
161.7 279
161.8 292
161.9 337
162 373
162.1 421
162.2 437
162.3 461
162.4 469
162.5 479
162.6 483
162.7 497
162.8 511
162.9 521
163 529
163.1 542
163.2 550
163.3 561
163.4 577
163.5 581
163.6 599
163.7 620
163.8 636
163.9 655
164 672
164.1 691
164.2 705
164.3 727
164.4 752
164.5 773
164.6 799
164.7 816
164.8 835
164.9 863
165 889
165.1 915
165.2 934
165.3 963
165.4 992
165.5 1019
165.6 1041
165.7 1069
165.8 1090
165.9 1121
166 1149
166.1 1171
166.2 1198
166.3 1225
166.4 1244
166.5 1277
166.6 1292
166.7 1321
166.8 1346
166.9 1388
167 1409
167.1 1429
167.2 1454
167.3 1502
167.4 1522
167.5 1554
167.6 1586
167.7 1619
167.8 1649
167.9 1679
168 1691
168.1 1731
168.2 1758
168.3 1799
168.4 1821
168.5 1842
168.6 1859
168.7 1861
168.8 1795
168.9 1675
169 1534
169.1 1426
169.2 1349
169.3 1215
169.4 1090
169.5 1010
169.6 937
169.7 880
169.8 818
169.9 750
170 716
170.1 688
170.2 694
170.3 690
170.4 645
170.5 604
170.6 604
170.7 576
170.8 548
170.9 509
171 491
171.1 474
171.2 458
171.3 418
171.4 395
171.5 374
171.6 359
171.7 345
171.8 316
171.9 312
172 306
172.1 303
172.2 288
172.3 277
172.4 276
172.5 291
172.6 375
172.7 392
172.8 401
172.9 397
173 372
173.1 363
173.2 367
173.3 357
173.4 331
173.5 325
173.6 309
173.7 313
173.8 310
173.9 299
174 303
174.1 311
174.2 287
174.3 273
174.4 268
174.5 240
174.6 230
174.7 229
174.8 224
174.9 233
175 224
175.1 211
175.2 187
175.3 185
175.4 178
175.5 174
175.6 173
175.7 181
175.8 176
175.9 189
176 201
176.1 200
176.2 216
176.3 214
176.4 216
176.5 216
176.6 218
176.7 216
176.8 208
176.9 195
177 186
177.1 198
177.2 194
177.3 186
177.4 185
177.5 203
177.6 208
177.7 202
177.8 191
177.9 177
178 167
178.1 178
178.2 171
178.3 177
178.4 186
178.5 202
178.6 206
178.7 246
178.8 245
178.9 288
179 282
179.1 284
179.2 252
179.3 244
179.4 245
179.5 231
179.6 238
179.7 256
179.8 257
179.9 259
180 259
180.1 258
180.2 269
180.3 258
180.4 253
180.5 235
180.6 238
180.7 240
180.8 232
180.9 232
181 231
181.1 242
181.2 245
181.3 258
181.4 270
181.5 289
181.6 291
181.7 283
181.8 292
181.9 287
182 274
182.1 269
182.2 260
182.3 244
182.4 264
182.5 288
182.6 314
182.7 348
182.8 359
182.9 350
183 326
183.1 304
183.2 289
183.3 289
183.4 289
183.5 294
183.6 296
183.7 302
183.8 311
183.9 325
184 320
184.1 312
184.2 310
184.3 302
184.4 293
184.5 286
184.6 286
184.7 277
184.8 258
184.9 262
185 252
185.1 244
185.2 239
185.3 236
185.4 249
185.5 251
185.6 249
185.7 238
185.8 246
185.9 258
186 252
186.1 251
186.2 246
186.3 249
186.4 239
186.5 223
186.6 253
186.7 308
186.8 319
186.9 320
187 317
187.1 307
187.2 299
187.3 308
187.4 322
187.5 316
187.6 313
187.7 326
187.8 329
187.9 316
188 319
188.1 332
188.2 347
188.3 373
188.4 388
188.5 396
188.6 398
188.7 408
188.8 411
188.9 412
189 424
189.1 433
189.2 439
189.3 442
189.4 450
189.5 455
189.6 467
189.7 481
189.8 490
189.9 504
190 517
190.1 530
190.2 543
190.3 566
190.4 581
190.5 595
190.6 617
190.7 631
190.8 647
190.9 673
191 695
191.1 715
191.2 747
191.3 773
191.4 798
191.5 830
191.6 857
191.7 869
191.8 897
191.9 929
192 955
192.1 988
192.2 1008
192.3 1042
192.4 1071
192.5 1090
192.6 1115
192.7 1145
192.8 1174
192.9 1198
193 1224
193.1 1244
193.2 1270
193.3 1300
193.4 1316
193.5 1339
193.6 1355
193.7 1376
193.8 1390
193.9 1417
194 1432
194.1 1464
194.2 1496
194.3 1526
194.4 1562
194.5 1586
194.6 1591
194.7 1593
194.8 1571
194.9 1546
195 1469
195.1 1390
195.2 1280
195.3 1187
195.4 1102
195.5 1060
195.6 1000
195.7 920
195.8 864
195.9 836
196 757
196.1 715
196.2 668
196.3 643
196.4 603
196.5 579
196.6 550
196.7 519
196.8 488
196.9 458
197 426
197.1 401
197.2 395
197.3 389
197.4 381
197.5 374
197.6 353
197.7 349
197.8 349
197.9 351
198 336
198.1 371
198.2 390
198.3 389
198.4 375
198.5 372
198.6 361
198.7 350
198.8 330
198.9 318
199 306
199.1 297
199.2 301
199.3 308
199.4 316
199.5 309
199.6 304
199.7 293
199.8 318
199.9 416
200 577
