0 0
0.1 3
0.2 8
0.3 7
0.4 19
0.5 28
0.6 41
0.7 34
0.8 44
0.9 30
1 29
1.1 35
1.2 42
1.3 44
1.4 44
1.5 49
1.6 37
1.7 26
1.8 43
1.9 49
2 52
2.1 36
2.2 35
2.3 42
2.4 41
2.5 46
2.6 49
2.7 37
2.8 52
2.9 41
3 31
3.1 48
3.2 36
3.3 42
3.4 39
3.5 48
3.6 47
3.7 38
3.8 37
3.9 39
4 51
4.1 43
4.2 43
4.3 48
4.4 39
4.5 44
4.6 45
4.7 38
4.8 46
4.9 52
5 50
5.1 40
5.2 40
5.3 55
5.4 55
5.5 52
5.6 51
5.7 52
5.8 53
5.9 62
6 52
6.1 50
6.2 54
6.3 38
6.4 44
6.5 48
6.6 39
6.7 51
6.8 57
6.9 49
7 40
7.1 39
7.2 44
7.3 29
7.4 44
7.5 35
7.6 33
7.7 38
7.8 45
7.9 15
8 12
8.1 13
8.2 21
8.3 15
8.4 8
8.5 2
8.6 4
8.7 10
8.8 9
8.9 8
9 9
9.1 3
9.2 8
9.3 7
9.4 5
9.5 6
9.6 4
9.7 4
9.8 6
9.9 4
10 6
10.1 7
10.2 7
10.3 4
10.4 8
10.5 5
10.6 6
10.7 6
10.8 5
10.9 2
11 2
11.1 6
11.2 8
11.3 5
11.4 6
11.5 9
11.6 7
11.7 8
11.8 6
11.9 4
12 5
12.1 6
12.2 7
12.3 10
12.4 9
12.5 5
12.6 2
12.7 7
12.8 10
12.9 4
13 1
13.1 3
13.2 4
13.3 6
13.4 6
13.5 6
13.6 19
13.7 19
13.8 10
13.9 4
14 4
14.1 3
14.2 6
14.3 8
14.4 4
14.5 3
14.6 7
14.7 7
14.8 7
14.9 5
15 4
15.1 6
15.2 6
15.3 6
15.4 4
15.5 6
15.6 7
15.7 6
15.8 4
15.9 2
16 2
16.1 3
16.2 4
16.3 4
16.4 3
16.5 3
16.6 3
16.7 4
16.8 8
16.9 4
17 7
17.1 5
17.2 7
17.3 9
17.4 8
17.5 5
17.6 7
17.7 9
17.8 6
17.9 6
18 5
18.1 2
18.2 2
18.3 5
18.4 7
18.5 5
18.6 5
18.7 10
18.8 10
18.9 4
19 3
19.1 6
19.2 3
19.3 6
19.4 13
19.5 9
19.6 5
19.7 5
19.8 4
19.9 3
20 7
20.1 3
20.2 3
20.3 3
20.4 4
20.5 4
20.6 2
20.7 4
20.8 5
20.9 4
21 2
21.1 6
21.2 9
21.3 17
21.4 10
21.5 29
21.6 37
21.7 18
21.8 26
21.9 33
22 35
22.1 24
22.2 17
22.3 29
22.4 20
22.5 35
22.6 47
22.7 39
22.8 43
22.9 37
23 23
23.1 29
23.2 31
23.3 31
23.4 47
23.5 44
23.6 40
23.7 32
23.8 45
23.9 45
24 44
24.1 35
24.2 34
24.3 46
24.4 35
24.5 34
24.6 49
24.7 44
24.8 48
24.9 43
25 37
25.1 33
25.2 51
25.3 44
25.4 49
25.5 43
25.6 40
25.7 38
25.8 45
25.9 52
26 43
26.1 35
26.2 50
26.3 46
26.4 29
26.5 32
26.6 26
26.7 43
26.8 17
26.9 31
27 30
27.1 31
27.2 34
27.3 40
27.4 45
27.5 35
27.6 37
27.7 42
27.8 26
27.9 23
28 20
28.1 29
28.2 23
28.3 17
28.4 21
28.5 32
28.6 28
28.7 15
28.8 10
28.9 8
29 10
29.1 10
29.2 6
29.3 6
29.4 8
29.5 7
29.6 6
29.7 8
29.8 5
29.9 8
30 8
30.1 6
30.2 7
30.3 5
30.4 4
30.5 3
30.6 4
30.7 5
30.8 3
30.9 7
31 8
31.1 17
31.2 31
31.3 20
31.4 8
31.5 2
31.6 1
31.7 2
31.8 6
31.9 5
32 5
32.1 1
32.2 5
32.3 7
32.4 4
32.5 4
32.6 3
32.7 6
32.8 7
32.9 6
33 5
33.1 4
33.2 6
33.3 4
33.4 5
33.5 2
33.6 5
33.7 4
33.8 7
33.9 4
34 5
34.1 1
34.2 2
34.3 3
34.4 2
34.5 7
34.6 6
34.7 1
34.8 2
34.9 3
35 4
35.1 8
35.2 6
35.3 2
35.4 7
35.5 9
35.6 11
35.7 9
35.8 5
35.9 10
36 11
36.1 28
36.2 20
36.3 12
36.4 8
36.5 10
36.6 12
36.7 8
36.8 3
36.9 4
37 7
37.1 12
37.2 12
37.3 12
37.4 24
37.5 12
37.6 5
37.7 3
37.8 3
37.9 2
38 3
38.1 5
38.2 6
38.3 6
38.4 5
38.5 4
38.6 4
38.7 4
38.8 7
38.9 6
39 4
39.1 1
39.2 3
39.3 3
39.4 6
39.5 2
39.6 1
39.7 5
39.8 5
39.9 7
40 8
40.1 7
40.2 5
40.3 11
40.4 11
40.5 5
40.6 2
40.7 1
40.8 4
40.9 6
41 8
41.1 5
41.2 5
41.3 4
41.4 1
41.5 3
41.6 4
41.7 7
41.8 4
41.9 5
42 3
42.1 5
42.2 3
42.3 1
42.4 4
42.5 5
42.6 8
42.7 7
42.8 5
42.9 2
43 17
43.1 20
43.2 7
43.3 19
43.4 7
43.5 5
43.6 7
43.7 8
43.8 4
43.9 6
44 5
44.1 5
44.2 4
44.3 4
44.4 5
44.5 4
44.6 2
44.7 3
44.8 17
44.9 8
45 12
45.1 10
45.2 6
45.3 9
45.4 6
45.5 7
45.6 7
45.7 7
45.8 7
45.9 5
46 6
46.1 9
46.2 21
46.3 15
46.4 7
46.5 19
46.6 29
46.7 36
46.8 35
46.9 35
47 36
47.1 39
47.2 25
47.3 41
47.4 29
47.5 26
47.6 45
47.7 34
47.8 36
47.9 29
48 32
48.1 35
48.2 46
48.3 47
48.4 44
48.5 38
48.6 42
48.7 48
48.8 41
48.9 38
49 43
49.1 55
49.2 44
49.3 38
49.4 40
49.5 40
49.6 33
49.7 41
49.8 38
49.9 53
50 62
50.1 50
50.2 42
50.3 44
50.4 44
50.5 59
50.6 60
50.7 50
50.8 39
50.9 38
51 43
51.1 38
51.2 38
51.3 45
51.4 46
51.5 37
51.6 39
51.7 60
51.8 46
51.9 38
52 22
52.1 40
52.2 39
52.3 28
52.4 32
52.5 35
52.6 35
52.7 20
52.8 20
52.9 26
53 23
53.1 30
53.2 22
53.3 11
53.4 9
53.5 15
53.6 13
53.7 8
53.8 8
53.9 5
54 2
54.1 6
54.2 5
54.3 5
54.4 8
54.5 4
54.6 1
54.7 6
54.8 6
54.9 6
55 7
55.1 4
55.2 8
55.3 12
55.4 5
55.5 7
55.6 10
55.7 16
55.8 10
55.9 10
56 2
56.1 2
56.2 2
56.3 6
56.4 6
56.5 6
56.6 10
56.7 6
56.8 3
56.9 4
57 5
57.1 3
57.2 3
57.3 7
57.4 5
57.5 5
57.6 7
57.7 9
57.8 9
57.9 12
58 5
58.1 3
58.2 4
58.3 3
58.4 7
58.5 8
58.6 8
58.7 4
58.8 5
58.9 6
59 6
59.1 8
59.2 7
59.3 2
59.4 7
59.5 7
59.6 2
59.7 3
59.8 7
59.9 4
60 4
60.1 5
60.2 5
60.3 5
60.4 2
60.5 7
60.6 2
60.7 1
60.8 3
60.9 1
61 5
61.1 6
61.2 9
61.3 3
61.4 4
61.5 3
61.6 4
61.7 6
61.8 7
61.9 9
62 5
62.1 2
62.2 6
62.3 5
62.4 6
62.5 2
62.6 4
62.7 3
62.8 3
62.9 5
63 6
63.1 4
63.2 6
63.3 7
63.4 7
63.5 5
63.6 4
63.7 6
63.8 6
63.9 4
64 5
64.1 8
64.2 6
64.3 8
64.4 2
64.5 19
64.6 16
64.7 12
64.8 9
64.9 11
65 7
65.1 6
65.2 6
65.3 4
65.4 6
65.5 8
65.6 7
65.7 7
65.8 7
65.9 16
66 10
66.1 3
66.2 6
66.3 2
66.4 4
66.5 5
66.6 5
66.7 3
66.8 3
66.9 6
67 6
67.1 6
67.2 3
67.3 4
67.4 1
67.5 5
67.6 3
67.7 5
67.8 1
67.9 3
68 2
68.1 3
68.2 3
68.3 3
68.4 3
68.5 1
68.6 2
68.7 2
68.8 8
68.9 6
69 2
69.1 4
69.2 8
69.3 13
69.4 11
69.5 5
69.6 5
69.7 2
69.8 4
69.9 5
70 3
70.1 3
70.2 2
70.3 4
70.4 5
70.5 17
70.6 5
70.7 8
70.8 22
70.9 11
71 3
71.1 14
71.2 8
71.3 10
71.4 19
71.5 13
71.6 36
71.7 34
71.8 33
71.9 24
72 23
72.1 26
72.2 29
72.3 38
72.4 34
72.5 35
72.6 38
72.7 35
72.8 47
72.9 45
73 48
73.1 43
73.2 48
73.3 38
73.4 47
73.5 49
73.6 52
73.7 56
73.8 54
73.9 44
74 47
74.1 32
74.2 44
74.3 41
74.4 38
74.5 53
74.6 29
74.7 47
74.8 48
74.9 47
75 53
75.1 57
75.2 38
75.3 50
75.4 43
75.5 49
75.6 43
75.7 41
75.8 50
75.9 45
76 54
76.1 54
76.2 48
76.3 34
76.4 42
76.5 42
76.6 39
76.7 44
76.8 49
76.9 50
77 40
77.1 31
77.2 31
77.3 25
77.4 37
77.5 20
77.6 23
77.7 31
77.8 15
77.9 4
78 6
78.1 8
78.2 9
78.3 2
78.4 5
78.5 3
78.6 2
78.7 5
78.8 4
78.9 5
79 5
79.1 6
79.2 3
79.3 4
79.4 5
79.5 4
79.6 10
79.7 10
79.8 10
79.9 5
80 4
80.1 4
80.2 4
80.3 5
80.4 3
80.5 5
80.6 7
80.7 3
80.8 4
80.9 4
81 3
81.1 6
81.2 10
81.3 7
81.4 6
81.5 6
81.6 3
81.7 3
81.8 2
81.9 6
82 7
82.1 8
82.2 5
82.3 5
82.4 6
82.5 5
82.6 8
82.7 11
82.8 10
82.9 9
83 10
83.1 8
83.2 4
83.3 3
83.4 5
83.5 4
83.6 7
83.7 7
83.8 2
83.9 4
84 6
84.1 11
84.2 9
84.3 8
84.4 5
84.5 3
84.6 3
84.7 9
84.8 8
84.9 6
85 7
85.1 6
85.2 4
85.3 4
85.4 6
85.5 6
85.6 5
85.7 4
85.8 2
85.9 1
86 3
86.1 2
86.2 5
86.3 3
86.4 5
86.5 5
86.6 14
86.7 36
86.8 19
86.9 10
87 7
87.1 8
87.2 2
87.3 4
87.4 4
87.5 6
87.6 7
87.7 11
87.8 2
87.9 3
88 4
88.1 2
88.2 4
88.3 9
88.4 7
88.5 3
88.6 3
88.7 5
88.8 1
88.9 4
89 6
89.1 4
89.2 5
89.3 4
89.4 2
89.5 4
89.6 7
89.7 6
89.8 4
89.9 4
90 3
90.1 4
90.2 1
90.3 5
90.4 1
90.5 3
90.6 6
90.7 2
90.8 8
90.9 3
91 3
91.1 4
91.2 5
91.3 5
91.4 8
91.5 3
91.6 3
91.7 3
91.8 6
91.9 3
92 3
92.1 4
92.2 3
92.3 7
92.4 6
92.5 4
92.6 2
92.7 12
92.8 8
92.9 6
93 5
93.1 12
93.2 5
93.3 4
93.4 4
93.5 6
93.6 7
93.7 9
93.8 8
93.9 7
94 5
94.1 6
94.2 5
94.3 3
94.4 7
94.5 6
94.6 3
94.7 4
94.8 4
94.9 8
95 6
95.1 6
95.2 19
95.3 15
95.4 19
95.5 9
95.6 19
95.7 26
95.8 20
95.9 26
96 26
96.1 24
96.2 26
96.3 30
96.4 29
96.5 22
96.6 35
96.7 41
96.8 41
96.9 52
97 28
97.1 28
97.2 39
97.3 33
97.4 31
97.5 26
97.6 38
97.7 42
97.8 52
97.9 46
98 53
98.1 48
98.2 50
98.3 41
98.4 39
98.5 57
98.6 41
98.7 42
98.8 39
98.9 38
99 46
99.1 36
99.2 35
99.3 47
99.4 43
99.5 32
99.6 32
99.7 39
99.8 35
99.9 35
100 37
100.1 41
100.2 41
100.3 44
100.4 35
100.5 22
100.6 34
100.7 39
100.8 28
100.9 19
101 12
101.1 4
101.2 7
101.3 9
101.4 7
101.5 6
101.6 4
101.7 5
101.8 2
101.9 3
102 10
102.1 5
102.2 3
102.3 5
102.4 10
102.5 2
102.6 4
102.7 4
102.8 4
102.9 6
103 5
103.1 8
103.2 9
103.3 5
103.4 4
103.5 5
103.6 6
103.7 5
103.8 6
103.9 6
104 4
104.1 3
104.2 7
104.3 5
104.4 8
104.5 10
104.6 6
104.7 10
104.8 5
104.9 3
105 2
105.1 3
105.2 3
105.3 6
105.4 5
105.5 8
105.6 6
105.7 4
105.8 6
105.9 8
106 8
106.1 7
106.2 9
106.3 4
106.4 4
106.5 5
106.6 9
106.7 10
106.8 10
106.9 6
107 3
107.1 6
107.2 5
107.3 2
107.4 6
107.5 2
107.6 6
107.7 2
107.8 6
107.9 5
108 6
108.1 7
108.2 4
108.3 7
108.4 8
108.5 5
108.6 1
108.7 10
108.8 7
108.9 2
109 5
109.1 6
109.2 5
109.3 6
109.4 8
109.5 4
109.6 8
109.7 8
109.8 7
109.9 4
110 5
110.1 7
110.2 5
110.3 8
110.4 3
110.5 6
110.6 5
110.7 6
110.8 26
110.9 11
111 6
111.1 13
111.2 9
111.3 7
111.4 7
111.5 7
111.6 1
111.7 6
111.8 4
111.9 4
112 7
112.1 6
112.2 4
112.3 2
112.4 4
112.5 8
112.6 8
112.7 7
112.8 25
112.9 17
113 10
113.1 11
113.2 13
113.3 6
113.4 28
113.5 14
113.6 15
113.7 22
113.8 9
113.9 13
114 22
114.1 39
114.2 38
114.3 26
114.4 34
114.5 29
114.6 29
114.7 18
114.8 41
114.9 42
115 34
115.1 35
115.2 51
115.3 48
115.4 35
115.5 36
115.6 36
115.7 31
115.8 31
115.9 43
116 39
116.1 35
116.2 41
116.3 33
116.4 26
116.5 39
116.6 46
116.7 39
116.8 49
116.9 51
117 39
117.1 39
117.2 47
117.3 45
117.4 43
117.5 43
117.6 35
117.7 37
117.8 39
117.9 34
118 37
118.1 39
118.2 36
118.3 37
118.4 42
118.5 37
118.6 37
118.7 32
118.8 33
118.9 21
119 13
119.1 5
119.2 5
119.3 3
119.4 4
119.5 7
119.6 5
119.7 2
119.8 2
119.9 3
120 5
120.1 8
120.2 15
120.3 7
120.4 6
120.5 5
120.6 5
120.7 5
120.8 2
120.9 5
121 4
121.1 5
121.2 4
121.3 4
121.4 3
121.5 6
121.6 3
121.7 6
121.8 10
121.9 7
122 7
122.1 10
122.2 8
122.3 7
122.4 12
122.5 11
122.6 5
122.7 6
122.8 3
122.9 4
123 3
123.1 8
123.2 8
123.3 8
123.4 8
123.5 6
123.6 8
123.7 5
123.8 4
123.9 4
124 3
124.1 8
124.2 4
124.3 5
124.4 3
124.5 5
124.6 6
124.7 5
124.8 9
124.9 8
125 9
125.1 6
125.2 5
125.3 8
125.4 7
125.5 4
125.6 3
125.7 4
125.8 4
125.9 8
126 6
126.1 2
126.2 5
126.3 2
126.4 4
126.5 5
126.6 4
126.7 3
126.8 4
126.9 2
127 3
127.1 4
127.2 3
127.3 2
127.4 3
127.5 6
127.6 6
127.7 2
127.8 3
127.9 1
128 6
128.1 5
128.2 6
128.3 7
128.4 3
128.5 5
128.6 5
128.7 4
128.8 2
128.9 7
129 7
129.1 4
129.2 3
129.3 2
129.4 4
129.5 4
129.6 7
129.7 8
129.8 3
129.9 5
130 4
130.1 2
130.2 3
130.3 4
130.4 7
130.5 6
130.6 6
130.7 2
130.8 4
130.9 5
131 4
131.1 8
131.2 6
131.3 9
131.4 3
131.5 3
131.6 2
131.7 14
131.8 16
131.9 13
132 6
132.1 8
132.2 6
132.3 19
132.4 11
132.5 36
132.6 26
132.7 21
132.8 19
132.9 34
133 27
133.1 25
133.2 23
133.3 37
133.4 28
133.5 34
133.6 46
133.7 52
133.8 42
133.9 30
134 37
134.1 38
134.2 43
134.3 43
134.4 48
134.5 45
134.6 35
134.7 44
134.8 37
134.9 35
135 45
135.1 42
135.2 54
135.3 52
135.4 50
135.5 54
135.6 46
135.7 48
135.8 36
135.9 32
136 32
136.1 37
136.2 34
136.3 35
136.4 28
136.5 42
136.6 41
136.7 38
136.8 34
136.9 25
137 47
137.1 47
137.2 33
137.3 37
137.4 45
137.5 38
137.6 37
137.7 32
137.8 34
137.9 51
138 41
138.1 22
138.2 20
138.3 19
138.4 15
138.5 23
138.6 22
138.7 10
138.8 9
138.9 9
139 5
139.1 5
139.2 6
139.3 3
139.4 4
139.5 3
139.6 5
139.7 3
139.8 4
139.9 6
140 7
140.1 4
140.2 5
140.3 3
140.4 7
140.5 3
140.6 4
140.7 4
140.8 1
140.9 3
141 4
141.1 2
141.2 5
141.3 5
141.4 5
141.5 5
141.6 5
141.7 3
141.8 5
141.9 11
142 6
142.1 7
142.2 4
142.3 5
142.4 6
142.5 4
142.6 6
142.7 4
142.8 5
142.9 0
143 6
143.1 5
143.2 5
143.3 3
143.4 4
143.5 5
143.6 7
143.7 6
143.8 6
143.9 5
144 3
144.1 5
144.2 8
144.3 5
144.4 4
144.5 6
144.6 6
144.7 5
144.8 6
144.9 5
145 10
145.1 4
145.2 3
145.3 2
145.4 4
145.5 4
145.6 11
145.7 12
145.8 10
145.9 6
146 8
146.1 9
146.2 12
146.3 7
146.4 5
146.5 4
146.6 5
146.7 6
146.8 10
146.9 9
147 6
147.1 28
147.2 16
147.3 12
147.4 9
147.5 11
147.6 6
147.7 4
147.8 5
147.9 7
148 4
148.1 6
148.2 9
148.3 17
148.4 12
148.5 8
148.6 7
148.7 25
148.8 12
148.9 9
149 10
149.1 6
149.2 3
149.3 2
149.4 6
149.5 8
149.6 12
149.7 5
149.8 5
149.9 6
150 6
150.1 4
150.2 5
150.3 4
150.4 6
150.5 4
150.6 2
150.7 2
150.8 4
150.9 7
151 9
151.1 8
151.2 5
151.3 7
151.4 7
151.5 7
151.6 27
151.7 14
151.8 8
151.9 9
152 8
152.1 10
152.2 8
152.3 9
152.4 10
152.5 9
152.6 8
152.7 2
152.8 3
152.9 7
153 7
153.1 4
153.2 6
153.3 5
153.4 6
153.5 5
153.6 5
153.7 6
153.8 3
153.9 24
154 21
154.1 10
154.2 8
154.3 3
154.4 2
154.5 2
154.6 3
154.7 6
154.8 7
154.9 8
155 4
155.1 14
155.2 12
155.3 5
155.4 4
155.5 8
155.6 7
155.7 2
155.8 3
155.9 6
156 5
156.1 4
156.2 4
156.3 6
156.4 10
156.5 7
156.6 6
156.7 7
156.8 8
156.9 7
157 12
157.1 23
157.2 17
157.3 7
157.4 19
157.5 23
157.6 9
157.7 9
157.8 5
157.9 2
158 3
158.1 15
158.2 13
158.3 10
158.4 11
158.5 12
158.6 30
158.7 16
158.8 11
158.9 5
159 3
159.1 5
159.2 5
159.3 12
159.4 4
159.5 4
159.6 3
159.7 2
159.8 3
159.9 3
160 6
160.1 5
160.2 6
160.3 2
160.4 3
160.5 6
160.6 5
160.7 6
160.8 4
160.9 5
161 6
161.1 5
161.2 3
161.3 4
161.4 8
161.5 7
161.6 9
161.7 8
161.8 19
161.9 9
162 20
162.1 13
162.2 12
162.3 20
162.4 15
162.5 18
162.6 16
162.7 26
162.8 29
162.9 29
163 34
163.1 38
163.2 38
163.3 35
163.4 44
163.5 41
163.6 35
163.7 48
163.8 36
163.9 38
164 43
164.1 29
164.2 37
164.3 46
164.4 42
164.5 49
164.6 46
164.7 44
164.8 48
164.9 63
165 46
165.1 60
165.2 68
165.3 54
165.4 51
165.5 40
165.6 38
165.7 43
165.8 40
165.9 53
166 55
166.1 43
166.2 40
166.3 43
166.4 52
166.5 42
166.6 56
166.7 55
166.8 52
166.9 41
167 42
167.1 43
167.2 35
167.3 57
167.4 30
167.5 35
167.6 35
167.7 44
167.8 47
167.9 37
168 37
168.1 34
168.2 46
168.3 45
168.4 37
168.5 42
168.6 32
168.7 15
168.8 7
168.9 4
169 7
169.1 5
169.2 5
169.3 0
169.4 1
169.5 5
169.6 4
169.7 6
169.8 4
169.9 7
170 15
170.1 11
170.2 13
170.3 9
170.4 4
170.5 6
170.6 7
170.7 9
170.8 4
170.9 5
171 6
171.1 7
171.2 4
171.3 1
171.4 6
171.5 2
171.6 3
171.7 2
171.8 2
171.9 7
172 3
172.1 3
172.2 2
172.3 3
172.4 3
172.5 30
172.6 19
172.7 7
172.8 8
172.9 6
173 5
173.1 7
173.2 2
173.3 4
173.4 6
173.5 6
173.6 5
173.7 4
173.8 3
173.9 7
174 6
174.1 2
174.2 2
174.3 6
174.4 2
174.5 3
174.6 4
174.7 5
174.8 5
174.9 2
175 1
175.1 1
175.2 4
175.3 0
175.4 2
175.5 2
175.6 4
175.7 4
175.8 6
175.9 7
176 5
176.1 5
176.2 10
176.3 7
176.4 5
176.5 6
176.6 4
176.7 4
176.8 2
176.9 1
177 5
177.1 5
177.2 3
177.3 3
177.4 7
177.5 5
177.6 3
177.7 4
177.8 2
177.9 1
178 5
178.1 4
178.2 2
178.3 6
178.4 7
178.5 5
178.6 4
178.7 13
178.8 10
178.9 8
179 2
179.1 4
179.2 1
179.3 6
179.4 4
179.5 7
179.6 7
179.7 6
179.8 7
179.9 1
180 5
180.1 6
180.2 4
180.3 2
180.4 2
180.5 4
180.6 7
180.7 3
180.8 4
180.9 6
181 4
181.1 5
181.2 8
181.3 7
181.4 11
181.5 6
181.6 3
181.7 15
181.8 6
181.9 4
182 5
182.1 6
182.2 4
182.3 6
182.4 9
182.5 7
182.6 14
182.7 11
182.8 8
182.9 2
183 1
183.1 3
183.2 5
183.3 7
183.4 5
183.5 3
183.6 6
183.7 5
183.8 7
183.9 6
184 4
184.1 5
184.2 6
184.3 4
184.4 5
184.5 4
184.6 5
184.7 1
184.8 5
184.9 3
185 3
185.1 3
185.2 3
185.3 5
185.4 4
185.5 3
185.6 3
185.7 6
185.8 7
185.9 5
186 3
186.1 5
186.2 5
186.3 3
186.4 2
186.5 4
186.6 20
186.7 12
186.8 5
186.9 4
187 6
187.1 7
187.2 6
187.3 9
187.4 6
187.5 3
187.6 10
187.7 7
187.8 3
187.9 13
188 12
188.1 12
188.2 29
188.3 18
188.4 16
188.5 33
188.6 16
188.7 35
188.8 27
188.9 37
189 39
189.1 29
189.2 38
189.3 34
189.4 41
189.5 40
189.6 31
189.7 39
189.8 48
189.9 50
190 36
190.1 40
190.2 25
190.3 41
190.4 40
190.5 36
190.6 29
190.7 35
190.8 32
190.9 28
191 39
191.1 35
191.2 40
191.3 49
191.4 46
191.5 38
191.6 41
191.7 43
191.8 30
191.9 46
192 41
192.1 36
192.2 40
192.3 28
192.4 39
192.5 42
192.6 38
192.7 43
192.8 42
192.9 54
193 58
193.1 55
193.2 56
193.3 36
193.4 39
193.5 45
193.6 43
193.7 44
193.8 39
193.9 58
194 44
194.1 38
194.2 27
194.3 29
194.4 27
194.5 11
194.6 17
194.7 24
194.8 15
194.9 18
195 9
195.1 11
195.2 5
195.3 4
195.4 7
195.5 6
195.6 5
195.7 5
195.8 11
195.9 6
196 5
196.1 4
196.2 7
196.3 3
196.4 4
196.5 6
196.6 4
196.7 3
196.8 6
196.9 2
197 4
197.1 6
197.2 8
197.3 5
197.4 5
197.5 3
197.6 5
197.7 7
197.8 4
197.9 4
198 5
198.1 11
198.2 9
198.3 5
198.4 6
198.5 7
198.6 6
198.7 3
198.8 4
198.9 5
199 3
199.1 6
199.2 8
199.3 11
199.4 4
199.5 3
199.6 9
199.7 7
199.8 26
199.9 45
200 33
