0 0
0.1 0
0.2 0
0.3 0
0.4 0
0.5 0
0.6 0
0.7 3
0.8 4
0.9 6
1 11
1.1 18
1.2 26
1.3 32
1.4 40
1.5 49
1.6 60
1.7 75
1.8 89
1.9 106
2 120
2.1 132
2.2 152
2.3 159
2.4 173
2.5 191
2.6 207
2.7 227
2.8 248
2.9 273
3 297
3.1 320
3.2 347
3.3 387
3.4 415
3.5 435
3.6 474
3.7 508
3.8 544
3.9 578
4 618
4.1 651
4.2 683
4.3 713
4.4 749
4.5 773
4.6 806
4.7 833
4.8 857
4.9 884
5 914
5.1 948
5.2 977
5.3 1008
5.4 1037
5.5 1066
5.6 1096
5.7 1130
5.8 1167
5.9 1205
6 1243
6.1 1285
6.2 1310
6.3 1328
6.4 1363
6.5 1379
6.6 1418
6.7 1434
6.8 1459
6.9 1471
7 1504
7.1 1523
7.2 1559
7.3 1579
7.4 1572
7.5 1557
7.6 1551
7.7 1493
7.8 1393
7.9 1256
8 1178
8.1 1095
8.2 994
8.3 921
8.4 845
8.5 797
8.6 753
8.7 725
8.8 706
8.9 665
9 632
9.1 614
9.2 575
9.3 531
9.4 500
9.5 491
9.6 492
9.7 479
9.8 470
9.9 446
10 432
10.1 412
10.2 377
10.3 356
10.4 336
10.5 320
10.6 314
10.7 292
10.8 270
10.9 273
11 267
11.1 259
11.2 247
11.3 237
11.4 232
11.5 216
11.6 204
11.7 222
11.8 220
11.9 227
12 235
12.1 251
12.2 235
12.3 236
12.4 233
12.5 212
12.6 206
12.7 227
12.8 221
12.9 226
13 226
13.1 241
13.2 244
13.3 237
13.4 248
13.5 245
13.6 245
13.7 226
13.8 216
13.9 199
14 201
14.1 200
14.2 234
14.3 236
14.4 252
14.5 267
14.6 280
14.7 292
14.8 299
14.9 294
15 289
15.1 278
15.2 269
15.3 269
15.4 279
15.5 277
15.6 280
15.7 274
15.8 258
15.9 252
16 241
16.1 245
16.2 264
16.3 274
16.4 269
16.5 286
16.6 295
16.7 303
16.8 295
16.9 291
17 298
17.1 306
17.2 320
17.3 307
17.4 297
17.5 286
17.6 285
17.7 263
17.8 241
17.9 237
18 242
18.1 243
18.2 242
18.3 249
18.4 259
18.5 276
18.6 283
18.7 278
18.8 268
18.9 256
19 253
19.1 269
19.2 274
19.3 260
19.4 255
19.5 248
19.6 257
19.7 280
19.8 286
19.9 355
20 411
20.1 425
20.2 454
20.3 491
20.4 504
20.5 507
20.6 510
20.7 519
20.8 528
20.9 532
21 534
21.1 544
21.2 566
21.3 574
21.4 584
21.5 597
21.6 608
21.7 628
21.8 640
21.9 654
22 667
22.1 689
22.2 706
22.3 724
22.4 742
22.5 773
22.6 805
22.7 829
22.8 850
22.9 879
23 902
23.1 926
23.2 948
23.3 977
23.4 996
23.5 1018
23.6 1038
23.7 1064
23.8 1112
23.9 1126
24 1148
24.1 1175
24.2 1199
24.3 1227
24.4 1243
24.5 1263
24.6 1286
24.7 1322
24.8 1346
24.9 1370
25 1405
25.1 1442
25.2 1469
25.3 1496
25.4 1520
25.5 1539
25.6 1560
25.7 1565
25.8 1543
25.9 1501
26 1415
26.1 1307
26.2 1218
26.3 1090
26.4 980
26.5 908
26.6 835
26.7 769
26.8 731
26.9 690
27 660
27.1 649
27.2 605
27.3 565
27.4 533
27.5 526
27.6 542
27.7 521
27.8 504
27.9 465
28 450
28.1 437
28.2 414
28.3 406
28.4 387
28.5 359
28.6 354
28.7 358
28.8 359
28.9 346
29 335
29.1 329
29.2 319
29.3 300
29.4 295
29.5 286
29.6 281
29.7 280
29.8 263
29.9 247
30 240
30.1 239
30.2 250
30.3 251
30.4 229
30.5 233
30.6 238
30.7 241
30.8 243
30.9 231
31 225
31.1 222
31.2 236
31.3 238
31.4 236
31.5 236
31.6 253
31.7 254
31.8 253
31.9 243
32 217
32.1 209
32.2 212
32.3 205
32.4 189
32.5 205
32.6 210
32.7 229
32.8 246
32.9 258
33 260
33.1 290
33.2 275
33.3 265
33.4 272
33.5 259
33.6 257
33.7 266
33.8 262
33.9 277
34 273
34.1 272
34.2 269
34.3 266
34.4 244
34.5 231
34.6 246
34.7 247
34.8 256
34.9 276
35 289
35.1 290
35.2 284
35.3 275
35.4 263
35.5 242
35.6 231
35.7 235
35.8 227
35.9 226
36 210
36.1 204
36.2 200
36.3 198
36.4 187
36.5 205
36.6 227
36.7 221
36.8 227
36.9 227
37 221
37.1 220
37.2 206
37.3 188
37.4 193
37.5 196
37.6 206
37.7 196
37.8 187
37.9 187
38 177
38.1 168
38.2 177
38.3 182
38.4 187
38.5 195
38.6 199
38.7 202
38.8 215
38.9 221
39 231
39.1 235
39.2 245
39.3 233
39.4 219
39.5 216
39.6 204
39.7 204
39.8 206
39.9 202
40 182
40.1 191
40.2 201
40.3 210
40.4 221
40.5 229
40.6 229
40.7 232
40.8 225
40.9 255
41 317
41.1 334
41.2 337
41.3 342
41.4 347
41.5 354
41.6 356
41.7 357
41.8 360
41.9 370
42 374
42.1 379
42.2 384
42.3 402
42.4 406
42.5 421
42.6 438
42.7 447
42.8 457
42.9 473
43 479
43.1 511
43.2 533
43.3 553
43.4 580
43.5 603
43.6 629
43.7 643
43.8 656
43.9 670
44 693
44.1 715
44.2 733
44.3 747
44.4 770
44.5 791
44.6 808
44.7 831
44.8 847
44.9 862
45 878
45.1 899
45.2 914
45.3 941
45.4 962
45.5 981
45.6 1008
45.7 1030
45.8 1056
45.9 1091
46 1123
46.1 1146
46.2 1167
46.3 1194
46.4 1227
46.5 1246
46.6 1261
46.7 1288
46.8 1305
46.9 1325
47 1347
47.1 1370
47.2 1392
47.3 1426
47.4 1441
47.5 1442
47.6 1441
47.7 1414
47.8 1393
47.9 1384
48 1336
48.1 1241
48.2 1174
48.3 1109
48.4 1035
48.5 986
48.6 923
48.7 866
48.8 806
48.9 771
49 735
49.1 687
49.2 646
49.3 629
49.4 609
49.5 582
49.6 528
49.7 501
49.8 482
49.9 536
50 556
50.1 547
50.2 521
50.3 486
50.4 454
50.5 426
50.6 424
50.7 406
50.8 370
50.9 344
51 324
51.1 316
51.2 311
51.3 300
51.4 311
51.5 313
51.6 300
51.7 321
51.8 312
51.9 320
52 314
52.1 302
52.2 303
52.3 312
52.4 337
52.5 349
52.6 369
52.7 359
52.8 341
52.9 329
53 311
53.1 328
53.2 319
53.3 318
53.4 305
53.5 293
53.6 295
53.7 309
53.8 302
53.9 275
54 269
54.1 254
54.2 258
54.3 271
54.4 249
54.5 232
54.6 234
54.7 233
54.8 240
54.9 227
55 236
55.1 245
55.2 238
55.3 234
55.4 234
55.5 226
55.6 241
55.7 262
55.8 275
55.9 295
56 318
56.1 309
56.2 288
56.3 284
56.4 288
56.5 283
56.6 298
56.7 286
56.8 293
56.9 289
57 265
57.1 259
57.2 247
57.3 246
57.4 249
57.5 242
57.6 243
57.7 252
57.8 259
57.9 246
58 244
58.1 235
58.2 223
58.3 221
58.4 225
58.5 222
58.6 202
58.7 207
58.8 207
58.9 218
59 217
59.1 227
59.2 235
59.3 231
59.4 240
59.5 255
59.6 343
59.7 372
59.8 372
59.9 392
60 398
60.1 438
60.2 457
60.3 468
60.4 474
60.5 483
60.6 483
60.7 484
60.8 488
60.9 493
61 490
61.1 504
61.2 511
61.3 523
61.4 531
61.5 539
61.6 552
61.7 563
61.8 585
61.9 601
62 614
62.1 642
62.2 662
62.3 686
62.4 705
62.5 728
62.6 752
62.7 781
62.8 804
62.9 832
63 856
63.1 874
63.2 902
63.3 931
63.4 955
63.5 991
63.6 1007
63.7 1046
63.8 1085
63.9 1110
64 1143
64.1 1174
64.2 1186
64.3 1216
64.4 1242
64.5 1271
64.6 1314
64.7 1334
64.8 1358
64.9 1389
65 1424
65.1 1456
65.2 1476
65.3 1501
65.4 1539
65.5 1553
65.6 1582
65.7 1606
65.8 1630
65.9 1665
66 1688
66.1 1716
66.2 1716
66.3 1729
66.4 1719
66.5 1653
66.6 1545
66.7 1426
66.8 1336
66.9 1268
67 1198
67.1 1105
67.2 1053
67.3 980
67.4 927
67.5 858
67.6 788
67.7 745
67.8 692
67.9 641
68 582
68.1 584
68.2 585
68.3 554
68.4 559
68.5 538
68.6 523
68.7 508
68.8 480
68.9 466
69 437
69.1 417
69.2 403
69.3 386
69.4 369
69.5 364
69.6 350
69.7 345
69.8 354
69.9 358
70 354
70.1 372
70.2 353
70.3 328
70.4 303
70.5 290
70.6 287
70.7 293
70.8 296
70.9 303
71 317
71.1 331
71.2 305
71.3 288
71.4 267
71.5 258
71.6 257
71.7 246
71.8 245
71.9 257
72 246
72.1 238
72.2 243
72.3 240
72.4 235
72.5 216
72.6 223
72.7 233
72.8 248
72.9 253
73 253
73.1 248
73.2 277
73.3 350
73.4 446
73.5 439
73.6 415
73.7 392
73.8 389
73.9 386
74 358
74.1 357
74.2 363
74.3 356
74.4 347
74.5 351
74.6 342
74.7 328
74.8 311
74.9 301
75 289
75.1 269
75.2 252
75.3 243
75.4 250
75.5 253
75.6 258
75.7 265
75.8 256
75.9 245
76 254
76.1 258
76.2 266
76.3 283
76.4 283
76.5 264
76.6 268
76.7 258
76.8 271
76.9 270
77 277
77.1 316
77.2 367
77.3 376
77.4 364
77.5 362
77.6 335
77.7 346
77.8 343
77.9 347
78 371
78.1 360
78.2 355
78.3 348
78.4 354
78.5 352
78.6 351
78.7 331
78.8 332
78.9 334
79 329
79.1 312
79.2 311
79.3 303
79.4 316
79.5 322
79.6 321
79.7 308
79.8 295
79.9 290
80 300
80.1 298
80.2 279
80.3 271
80.4 266
80.5 272
80.6 272
80.7 249
80.8 232
80.9 225
81 211
81.1 211
81.2 207
81.3 220
81.4 218
81.5 238
81.6 283
81.7 319
81.8 324
81.9 321
82 324
82.1 319
82.2 303
82.3 297
82.4 288
82.5 274
82.6 299
82.7 383
82.8 418
82.9 429
83 424
83.1 436
83.2 446
83.3 451
83.4 467
83.5 479
83.6 484
83.7 501
83.8 508
83.9 527
84 541
84.1 556
84.2 569
84.3 587
84.4 599
84.5 625
84.6 643
84.7 660
84.8 677
84.9 692
85 713
85.1 736
85.2 759
85.3 781
85.4 805
85.5 834
85.6 856
85.7 882
85.8 916
85.9 938
86 970
86.1 993
86.2 1026
86.3 1053
86.4 1088
86.5 1117
86.6 1153
86.7 1184
86.8 1214
86.9 1246
87 1281
87.1 1313
87.2 1340
87.3 1363
87.4 1383
87.5 1409
87.6 1425
87.7 1429
87.8 1395
87.9 1335
88 1281
88.1 1268
88.2 1186
88.3 1127
88.4 1036
88.5 935
88.6 854
88.7 784
88.8 734
88.9 689
89 647
89.1 604
89.2 575
89.3 536
89.4 492
89.5 450
89.6 434
89.7 428
89.8 418
89.9 413
90 422
90.1 419
90.2 402
90.3 393
90.4 399
90.5 462
90.6 477
90.7 471
90.8 449
90.9 443
91 436
91.1 428
91.2 421
91.3 401
91.4 375
91.5 353
91.6 377
91.7 367
91.8 364
91.9 362
92 357
92.1 338
92.2 302
92.3 268
92.4 249
92.5 242
92.6 224
92.7 217
92.8 210
92.9 205
93 199
93.1 234
93.2 248
93.3 243
93.4 247
93.5 263
93.6 278
93.7 270
93.8 272
93.9 283
94 295
94.1 288
94.2 275
94.3 268
94.4 282
94.5 283
94.6 286
94.7 283
94.8 295
94.9 297
95 314
95.1 312
95.2 305
95.3 298
95.4 306
95.5 298
95.6 288
95.7 289
95.8 314
95.9 336
96 336
96.1 326
96.2 308
96.3 323
96.4 349
96.5 351
96.6 343
96.7 331
96.8 332
96.9 332
97 335
97.1 321
97.2 312
97.3 315
97.4 297
97.5 275
97.6 269
97.7 280
97.8 283
97.9 285
98 295
98.1 307
98.2 296
98.3 287
98.4 286
98.5 306
98.6 322
98.7 325
98.8 304
98.9 288
99 271
99.1 262
99.2 256
99.3 234
99.4 226
99.5 233
99.6 237
99.7 224
99.8 211
99.9 209
100 216
100.1 200
100.2 190
100.3 194
100.4 203
100.5 218
100.6 221
100.7 285
100.8 352
100.9 409
101 439
101.1 445
101.2 453
101.3 448
101.4 461
101.5 469
101.6 470
101.7 481
101.8 487
101.9 490
102 494
102.1 503
102.2 516
102.3 523
102.4 541
102.5 549
102.6 561
102.7 585
102.8 600
102.9 618
103 637
103.1 657
103.2 681
103.3 695
103.4 717
103.5 745
103.6 766
103.7 794
103.8 821
103.9 844
104 873
104.1 896
104.2 930
104.3 957
104.4 985
104.5 1015
104.6 1045
104.7 1062
104.8 1088
104.9 1113
105 1131
105.1 1169
105.2 1194
105.3 1235
105.4 1261
105.5 1288
105.6 1306
105.7 1328
105.8 1366
105.9 1399
106 1411
106.1 1419
106.2 1425
106.3 1406
106.4 1302
106.5 1198
106.6 1095
106.7 1025
106.8 962
106.9 891
107 850
107.1 810
107.2 738
107.3 679
107.4 648
107.5 588
107.6 549
107.7 511
107.8 495
107.9 469
108 431
108.1 406
108.2 384
108.3 375
108.4 372
108.5 353
108.6 335
108.7 320
108.8 319
108.9 315
109 306
109.1 285
109.2 296
109.3 327
109.4 340
109.5 341
109.6 355
109.7 381
109.8 388
109.9 393
110 418
110.1 447
110.2 464
110.3 479
110.4 467
110.5 464
110.6 450
110.7 446
110.8 423
110.9 424
111 416
111.1 422
111.2 393
111.3 384
111.4 402
111.5 407
111.6 393
111.7 374
111.8 354
111.9 346
112 337
112.1 329
112.2 322
112.3 314
112.4 312
112.5 304
112.6 301
112.7 296
112.8 261
112.9 241
113 251
113.1 265
113.2 263
113.3 276
113.4 283
113.5 275
113.6 263
113.7 260
113.8 261
113.9 278
114 296
114.1 292
114.2 271
114.3 264
114.4 258
114.5 250
114.6 240
114.7 233
114.8 238
114.9 246
115 255
115.1 256
115.2 249
115.3 249
115.4 262
115.5 279
115.6 281
115.7 280
115.8 274
115.9 332
116 371
116.1 367
116.2 343
116.3 332
116.4 339
116.5 322
116.6 308
116.7 302
116.8 300
116.9 287
117 270
117.1 253
117.2 229
117.3 224
117.4 205
117.5 208
117.6 215
117.7 226
117.8 230
117.9 237
118 314
118.1 393
118.2 442
118.3 450
118.4 478
118.5 485
118.6 492
118.7 489
118.8 479
118.9 471
119 450
119.1 439
119.2 417
119.3 400
119.4 385
119.5 371
119.6 379
119.7 401
119.8 430
119.9 464
120 486
120.1 497
120.2 499
120.3 493
120.4 518
120.5 528
120.6 534
120.7 547
120.8 556
120.9 567
121 580
121.1 587
121.2 600
121.3 614
121.4 635
121.5 652
121.6 674
121.7 686
121.8 705
121.9 728
122 745
122.1 768
122.2 782
122.3 799
122.4 821
122.5 839
122.6 854
122.7 882
122.8 888
122.9 911
123 941
123.1 968
123.2 984
123.3 1014
123.4 1040
123.5 1081
123.6 1103
123.7 1138
123.8 1172
123.9 1201
124 1230
124.1 1252
124.2 1289
124.3 1323
124.4 1360
124.5 1394
124.6 1419
124.7 1448
124.8 1471
124.9 1497
125 1517
125.1 1541
125.2 1567
125.3 1573
125.4 1568
125.5 1599
125.6 1601
125.7 1580
125.8 1514
125.9 1436
126 1407
126.1 1319
126.2 1291
126.3 1215
126.4 1135
126.5 1056
126.6 1016
126.7 1009
126.8 947
126.9 856
127 795
127.1 739
127.2 667
127.3 627
127.4 567
127.5 541
127.6 505
127.7 466
127.8 461
127.9 436
128 424
128.1 500
128.2 581
128.3 617
128.4 612
128.5 595
128.6 565
128.7 547
128.8 524
128.9 484
129 465
129.1 446
129.2 453
129.3 431
129.4 414
129.5 412
129.6 390
129.7 381
129.8 360
129.9 346
130 327
130.1 312
130.2 291
130.3 275
130.4 280
130.5 284
130.6 286
130.7 275
130.8 274
130.9 273
131 268
131.1 276
131.2 275
131.3 275
131.4 274
131.5 266
131.6 268
131.7 263
131.8 257
131.9 239
132 224
132.1 269
132.2 289
132.3 306
132.4 297
132.5 310
132.6 310
132.7 307
132.8 309
132.9 301
133 288
133.1 271
133.2 273
133.3 264
133.4 259
133.5 253
133.6 259
133.7 272
133.8 262
133.9 241
134 229
134.1 223
134.2 214
134.3 205
134.4 211
134.5 223
134.6 223
134.7 228
134.8 231
134.9 235
135 223
135.1 203
135.2 199
135.3 225
135.4 258
135.5 264
135.6 261
135.7 247
135.8 239
135.9 239
136 237
136.1 222
136.2 207
136.3 192
136.4 187
136.5 196
136.6 191
136.7 198
136.8 196
136.9 194
137 190
137.1 203
137.2 204
137.3 196
137.4 184
137.5 172
137.6 162
137.7 164
137.8 170
137.9 162
138 220
138.1 288
138.2 327
138.3 362
138.4 381
138.5 393
138.6 392
138.7 372
138.8 358
138.9 344
139 336
139.1 333
139.2 334
139.3 320
139.4 315
139.5 299
139.6 270
139.7 261
139.8 254
139.9 262
140 273
140.1 274
140.2 264
140.3 255
140.4 249
140.5 243
140.6 247
140.7 240
140.8 234
140.9 231
141 236
141.1 223
141.2 228
141.3 234
141.4 227
141.5 220
141.6 256
141.7 312
141.8 350
141.9 356
142 364
142.1 377
142.2 376
142.3 383
142.4 389
142.5 395
142.6 401
142.7 407
142.8 419
142.9 428
143 435
143.1 461
143.2 479
143.3 510
143.4 529
143.5 558
143.6 580
143.7 609
143.8 635
143.9 654
144 684
144.1 711
144.2 743
144.3 770
144.4 812
144.5 839
144.6 867
144.7 893
144.8 925
144.9 955
145 979
145.1 1004
145.2 1042
145.3 1073
145.4 1105
145.5 1144
145.6 1178
145.7 1209
145.8 1234
145.9 1263
146 1313
146.1 1359
146.2 1414
146.3 1444
146.4 1483
146.5 1516
146.6 1562
146.7 1584
146.8 1616
146.9 1656
147 1658
147.1 1643
147.2 1610
147.3 1569
147.4 1508
147.5 1426
147.6 1326
147.7 1229
147.8 1121
147.9 1038
148 974
148.1 906
148.2 836
148.3 766
148.4 721
148.5 703
148.6 646
148.7 615
148.8 574
148.9 553
149 514
149.1 490
149.2 456
149.3 432
149.4 409
149.5 394
149.6 376
149.7 362
149.8 343
149.9 336
150 338
150.1 329
150.2 321
150.3 308
150.4 294
150.5 276
150.6 278
150.7 280
150.8 288
150.9 294
151 287
151.1 286
151.2 294
151.3 332
151.4 356
151.5 370
151.6 358
151.7 344
151.8 342
151.9 326
152 336
152.1 329
152.2 340
152.3 327
152.4 310
152.5 290
152.6 271
152.7 251
152.8 246
152.9 249
153 238
153.1 226
153.2 206
153.3 208
153.4 216
153.5 214
153.6 209
153.7 220
153.8 223
153.9 216
154 219
154.1 211
154.2 211
154.3 227
154.4 227
154.5 228
154.6 264
154.7 282
154.8 279
154.9 280
155 289
155.1 275
155.2 299
155.3 318
155.4 314
155.5 304
155.6 278
155.7 258
155.8 236
155.9 239
156 276
156.1 291
156.2 304
156.3 300
156.4 315
156.5 316
156.6 320
156.7 320
156.8 319
156.9 313
157 323
157.1 328
157.2 404
157.3 466
157.4 484
157.5 496
157.6 543
157.7 637
157.8 671
157.9 686
158 694
158.1 690
158.2 688
158.3 704
158.4 710
158.5 716
158.6 714
158.7 733
158.8 745
158.9 763
159 778
159.1 785
159.2 803
159.3 822
159.4 845
159.5 863
159.6 889
159.7 913
159.8 939
159.9 961
160 980
160.1 1006
160.2 1032
160.3 1051
160.4 1080
160.5 1105
160.6 1137
160.7 1157
160.8 1178
160.9 1189
161 1214
161.1 1247
161.2 1262
161.3 1287
161.4 1307
161.5 1334
161.6 1354
161.7 1385
161.8 1410
161.9 1437
162 1468
162.1 1484
162.2 1505
162.3 1519
162.4 1534
162.5 1557
162.6 1572
162.7 1567
162.8 1513
162.9 1409
163 1340
163.1 1351
163.2 1313
163.3 1247
163.4 1171
163.5 1085
163.6 1015
163.7 951
163.8 887
163.9 824
164 789
164.1 714
164.2 634
164.3 585
164.4 542
164.5 507
164.6 490
164.7 468
164.8 440
164.9 423
165 402
165.1 408
165.2 414
165.3 424
165.4 455
165.5 462
165.6 456
165.7 421
165.8 401
165.9 396
166 363
166.1 348
166.2 342
166.3 351
166.4 322
166.5 314
166.6 312
166.7 317
166.8 314
166.9 302
167 301
167.1 291
167.2 292
167.3 334
167.4 338
167.5 354
167.6 384
167.7 387
167.8 372
167.9 348
168 343
168.1 325
168.2 306
168.3 296
168.4 286
168.5 288
168.6 312
168.7 323
168.8 326
168.9 315
169 321
169.1 297
169.2 284
169.3 265
169.4 268
169.5 269
169.6 253
169.7 244
169.8 242
169.9 251
170 253
170.1 265
170.2 292
170.3 309
170.4 297
170.5 294
170.6 298
170.7 298
170.8 309
170.9 301
171 313
171.1 294
171.2 295
171.3 294
171.4 300
171.5 285
171.6 283
171.7 292
171.8 304
171.9 312
172 319
172.1 322
172.2 322
172.3 303
172.4 304
172.5 302
172.6 304
172.7 304
172.8 315
172.9 304
173 314
173.1 306
173.2 308
173.3 313
173.4 304
173.5 296
173.6 291
173.7 284
173.8 293
173.9 293
174 286
174.1 283
174.2 308
174.3 355
174.4 367
174.5 365
174.6 372
174.7 368
174.8 357
174.9 363
175 350
175.1 343
175.2 321
175.3 316
175.4 315
175.5 310
175.6 287
175.7 275
175.8 264
175.9 256
176 241
176.1 237
176.2 229
176.3 234
176.4 234
176.5 260
176.6 281
176.7 312
176.8 337
176.9 332
177 362
177.1 375
177.2 369
177.3 363
177.4 348
177.5 326
177.6 316
177.7 307
177.8 287
177.9 268
178 263
178.1 258
178.2 254
178.3 256
178.4 250
178.5 236
178.6 235
178.7 226
178.8 211
178.9 212
179 244
179.1 266
179.2 277
179.3 281
179.4 332
179.5 358
179.6 368
179.7 368
179.8 368
179.9 381
180 386
180.1 382
180.2 399
180.3 401
180.4 414
180.5 413
180.6 426
180.7 426
180.8 431
180.9 437
181 451
181.1 465
181.2 480
181.3 496
181.4 512
181.5 525
181.6 553
181.7 570
181.8 584
181.9 601
182 620
182.1 645
182.2 678
182.3 689
182.4 714
182.5 755
182.6 787
182.7 807
182.8 842
182.9 870
183 905
183.1 935
183.2 964
183.3 992
183.4 1020
183.5 1071
183.6 1102
183.7 1137
183.8 1161
183.9 1184
184 1203
184.1 1230
184.2 1259
184.3 1280
184.4 1320
184.5 1348
184.6 1387
184.7 1408
184.8 1417
184.9 1445
185 1463
185.1 1481
185.2 1477
185.3 1490
185.4 1448
185.5 1373
185.6 1295
185.7 1193
185.8 1093
185.9 995
186 922
186.1 873
186.2 816
186.3 752
186.4 699
186.5 663
186.6 607
186.7 574
186.8 541
186.9 506
187 484
187.1 465
187.2 439
187.3 411
187.4 405
187.5 377
187.6 357
187.7 344
187.8 324
187.9 324
188 327
188.1 318
188.2 320
188.3 305
188.4 299
188.5 295
188.6 285
188.7 291
188.8 293
188.9 282
189 286
189.1 279
189.2 273
189.3 279
189.4 271
189.5 265
189.6 268
189.7 269
189.8 263
189.9 261
190 266
190.1 273
190.2 275
190.3 267
190.4 243
190.5 234
190.6 261
190.7 282
190.8 312
190.9 292
191 286
191.1 274
191.2 272
191.3 268
191.4 269
191.5 272
191.6 275
191.7 281
191.8 281
191.9 269
192 251
192.1 223
192.2 221
192.3 235
192.4 240
192.5 258
192.6 249
192.7 243
192.8 236
192.9 240
193 227
193.1 218
193.2 231
193.3 245
193.4 273
193.5 270
193.6 260
193.7 263
193.8 258
193.9 255
194 240
194.1 232
194.2 261
194.3 268
194.4 258
194.5 241
194.6 238
194.7 241
194.8 243
194.9 247
195 260
195.1 247
195.2 236
195.3 255
195.4 252
195.5 274
195.6 360
195.7 385
195.8 374
195.9 367
196 406
196.1 484
196.2 530
196.3 567
196.4 578
196.5 590
196.6 585
196.7 587
196.8 583
196.9 568
197 546
197.1 531
197.2 500
197.3 481
197.4 481
197.5 499
197.6 503
197.7 479
197.8 442
197.9 407
198 384
198.1 399
198.2 505
198.3 562
198.4 565
198.5 584
198.6 596
198.7 598
198.8 608
198.9 605
199 611
199.1 622
199.2 631
199.3 638
199.4 642
199.5 637
199.6 648
199.7 651
199.8 660
199.9 669
200 679
