0 0
0.1 2
0.2 3
0.3 1
0.4 5
0.5 4
0.6 6
0.7 9
0.8 27
0.9 30
1 28
1.1 42
1.2 54
1.3 44
1.4 41
1.5 49
1.6 30
1.7 49
1.8 43
1.9 41
2 35
2.1 46
2.2 50
2.3 41
2.4 41
2.5 44
2.6 42
2.7 40
2.8 43
2.9 51
3 55
3.1 54
3.2 31
3.3 36
3.4 46
3.5 39
3.6 48
3.7 45
3.8 45
3.9 50
4 47
4.1 40
4.2 42
4.3 29
4.4 34
4.5 34
4.6 29
4.7 34
4.8 44
4.9 48
5 49
5.1 54
5.2 45
5.3 35
5.4 29
5.5 39
5.6 37
5.7 39
5.8 48
5.9 42
6 40
6.1 28
6.2 43
6.3 35
6.4 28
6.5 37
6.6 39
6.7 54
6.8 47
6.9 42
7 32
7.1 34
7.2 19
7.3 21
7.4 11
7.5 23
7.6 16
7.7 11
7.8 4
7.9 6
8 6
8.1 3
8.2 6
8.3 3
8.4 8
8.5 7
8.6 7
8.7 6
8.8 5
8.9 3
9 4
9.1 5
9.2 2
9.3 2
9.4 7
9.5 9
9.6 10
9.7 9
9.8 5
9.9 5
10 6
10.1 2
10.2 4
10.3 6
10.4 6
10.5 8
10.6 1
10.7 2
10.8 3
10.9 5
11 5
11.1 1
11.2 6
11.3 4
11.4 4
11.5 5
11.6 4
11.7 4
11.8 8
11.9 6
12 8
12.1 3
12.2 2
12.3 2
12.4 2
12.5 2
12.6 2
12.7 6
12.8 3
12.9 5
13 7
13.1 8
13.2 5
13.3 10
13.4 6
13.5 4
13.6 6
13.7 3
13.8 1
13.9 1
14 3
14.1 5
14.2 11
14.3 6
14.4 5
14.5 8
14.6 9
14.7 5
14.8 5
14.9 4
15 3
15.1 6
15.2 5
15.3 6
15.4 8
15.5 6
15.6 4
15.7 3
15.8 4
15.9 4
16 5
16.1 10
16.2 10
16.3 6
16.4 7
16.5 9
16.6 11
16.7 4
16.8 6
16.9 5
17 13
17.1 9
17.2 7
17.3 1
17.4 4
17.5 4
17.6 3
17.7 0
17.8 3
17.9 3
18 6
18.1 4
18.2 4
18.3 8
18.4 8
18.5 8
18.6 5
18.7 3
18.8 3
18.9 2
19 4
19.1 7
19.2 5
19.3 4
19.4 7
19.5 4
19.6 9
19.7 7
19.8 21
19.9 24
20 13
20.1 17
20.2 40
20.3 42
20.4 57
20.5 30
20.6 32
20.7 31
20.8 30
20.9 41
21 39
21.1 41
21.2 42
21.3 52
21.4 44
21.5 57
21.6 41
21.7 40
21.8 51
21.9 58
22 50
22.1 45
22.2 49
22.3 56
22.4 35
22.5 35
22.6 36
22.7 35
22.8 44
22.9 32
23 40
23.1 46
23.2 33
23.3 40
23.4 45
23.5 39
23.6 42
23.7 40
23.8 45
23.9 49
24 50
24.1 28
24.2 36
24.3 31
24.4 15
24.5 27
24.6 35
24.7 49
24.8 52
24.9 47
25 43
25.1 46
25.2 33
25.3 36
25.4 28
25.5 28
25.6 12
25.7 15
25.8 11
25.9 12
26 7
26.1 5
26.2 4
26.3 2
26.4 3
26.5 5
26.6 5
26.7 1
26.8 3
26.9 5
27 6
27.1 3
27.2 4
27.3 1
27.4 5
27.5 14
27.6 3
27.7 6
27.8 5
27.9 5
28 6
28.1 7
28.2 6
28.3 6
28.4 0
28.5 4
28.6 8
28.7 9
28.8 7
28.9 4
29 5
29.1 5
29.2 3
29.3 4
29.4 4
29.5 3
29.6 6
29.7 6
29.8 3
29.9 2
30 6
30.1 7
30.2 4
30.3 2
30.4 6
30.5 5
30.6 6
30.7 6
30.8 6
30.9 1
31 7
31.1 5
31.2 5
31.3 2
31.4 5
31.5 8
31.6 6
31.7 5
31.8 3
31.9 0
32 3
32.1 3
32.2 3
32.3 4
32.4 5
32.5 7
32.6 8
32.7 7
32.8 8
32.9 10
33 9
33.1 6
33.2 1
33.3 4
33.4 5
33.5 4
33.6 4
33.7 5
33.8 4
33.9 6
34 7
34.1 6
34.2 8
34.3 3
34.4 2
34.5 10
34.6 6
34.7 3
34.8 6
34.9 6
35 7
35.1 6
35.2 6
35.3 6
35.4 3
35.5 6
35.6 5
35.7 4
35.8 5
35.9 2
36 3
36.1 2
36.2 3
36.3 4
36.4 8
36.5 7
36.6 4
36.7 7
36.8 4
36.9 4
37 5
37.1 2
37.2 0
37.3 2
37.4 4
37.5 6
37.6 5
37.7 1
37.8 2
37.9 5
38 2
38.1 3
38.2 4
38.3 7
38.4 6
38.5 4
38.6 2
38.7 5
38.8 5
38.9 5
39 5
39.1 3
39.2 4
39.3 1
39.4 4
39.5 5
39.6 4
39.7 4
39.8 3
39.9 2
40 3
40.1 9
40.2 8
40.3 6
40.4 6
40.5 8
40.6 5
40.7 5
40.8 4
40.9 23
41 27
41.1 18
41.2 18
41.3 29
41.4 31
41.5 29
41.6 30
41.7 41
41.8 36
41.9 36
42 35
42.1 30
42.2 33
42.3 44
42.4 35
42.5 43
42.6 41
42.7 48
42.8 46
42.9 36
43 35
43.1 37
43.2 39
43.3 43
43.4 43
43.5 38
43.6 42
43.7 49
43.8 48
43.9 35
44 32
44.1 36
44.2 46
44.3 31
44.4 27
44.5 28
44.6 34
44.7 32
44.8 35
44.9 46
45 46
45.1 43
45.2 46
45.3 59
45.4 51
45.5 44
45.6 39
45.7 39
45.8 34
45.9 29
46 42
46.1 40
46.2 51
46.3 50
46.4 33
46.5 48
46.6 35
46.7 33
46.8 25
46.9 30
47 40
47.1 34
47.2 33
47.3 20
47.4 21
47.5 19
47.6 14
47.7 24
47.8 10
47.9 18
48 11
48.1 12
48.2 11
48.3 8
48.4 6
48.5 7
48.6 6
48.7 5
48.8 7
48.9 6
49 6
49.1 6
49.2 6
49.3 7
49.4 10
49.5 3
49.6 2
49.7 4
49.8 4
49.9 21
50 11
50.1 3
50.2 4
50.3 5
50.4 4
50.5 4
50.6 5
50.7 3
50.8 3
50.9 7
51 3
51.1 5
51.2 2
51.3 7
51.4 7
51.5 6
51.6 9
51.7 7
51.8 3
51.9 6
52 4
52.1 4
52.2 7
52.3 6
52.4 8
52.5 11
52.6 9
52.7 4
52.8 5
52.9 4
53 7
53.1 7
53.2 6
53.3 5
53.4 2
53.5 6
53.6 8
53.7 6
53.8 1
53.9 2
54 6
54.1 4
54.2 12
54.3 4
54.4 4
54.5 5
54.6 7
54.7 4
54.8 4
54.9 5
55 7
55.1 8
55.2 3
55.3 3
55.4 5
55.5 8
55.6 8
55.7 10
55.8 7
55.9 12
56 3
56.1 3
56.2 6
56.3 4
56.4 3
56.5 4
56.6 7
56.7 7
56.8 6
56.9 3
57 1
57.1 3
57.2 4
57.3 4
57.4 5
57.5 6
57.6 7
57.7 6
57.8 3
57.9 4
58 4
58.1 4
58.2 4
58.3 3
58.4 7
58.5 2
58.6 4
58.7 4
58.8 4
58.9 5
59 4
59.1 8
59.2 5
59.3 8
59.4 5
59.5 25
59.6 14
59.7 9
59.8 16
59.9 9
60 28
60.1 37
60.2 41
60.3 33
60.4 42
60.5 27
60.6 32
60.7 37
60.8 41
60.9 41
61 37
61.1 32
61.2 50
61.3 52
61.4 47
61.5 44
61.6 45
61.7 44
61.8 30
61.9 38
62 38
62.1 47
62.2 51
62.3 34
62.4 40
62.5 40
62.6 53
62.7 46
62.8 58
62.9 64
63 52
63.1 52
63.2 48
63.3 41
63.4 41
63.5 42
63.6 44
63.7 33
63.8 32
63.9 34
64 49
64.1 38
64.2 45
64.3 36
64.4 46
64.5 33
64.6 53
64.7 42
64.8 43
64.9 52
65 41
65.1 45
65.2 51
65.3 56
65.4 43
65.5 39
65.6 30
65.7 31
65.8 40
65.9 35
66 27
66.1 23
66.2 34
66.3 27
66.4 14
66.5 11
66.6 4
66.7 7
66.8 11
66.9 14
67 8
67.1 7
67.2 13
67.3 7
67.4 3
67.5 4
67.6 7
67.7 3
67.8 5
67.9 3
68 5
68.1 13
68.2 7
68.3 10
68.4 10
68.5 4
68.6 5
68.7 6
68.8 6
68.9 4
69 4
69.1 6
69.2 4
69.3 2
69.4 4
69.5 4
69.6 6
69.7 5
69.8 6
69.9 8
70 5
70.1 6
70.2 3
70.3 3
70.4 4
70.5 5
70.6 5
70.7 6
70.8 5
70.9 8
71 7
71.1 4
71.2 2
71.3 2
71.4 2
71.5 4
71.6 6
71.7 3
71.8 6
71.9 4
72 2
72.1 4
72.2 4
72.3 7
72.4 5
72.5 2
72.6 5
72.7 7
72.8 6
72.9 4
73 4
73.1 5
73.2 10
73.3 34
73.4 12
73.5 8
73.6 5
73.7 6
73.8 8
73.9 4
74 6
74.1 5
74.2 6
74.3 5
74.4 5
74.5 6
74.6 4
74.7 3
74.8 2
74.9 2
75 3
75.1 4
75.2 3
75.3 4
75.4 3
75.5 6
75.6 5
75.7 5
75.8 3
75.9 4
76 5
76.1 6
76.2 6
76.3 6
76.4 5
76.5 4
76.6 5
76.7 7
76.8 3
76.9 6
77 12
77.1 24
77.2 13
77.3 10
77.4 7
77.5 5
77.6 5
77.7 8
77.8 11
77.9 9
78 5
78.1 6
78.2 7
78.3 10
78.4 7
78.5 6
78.6 4
78.7 5
78.8 6
78.9 6
79 5
79.1 7
79.2 7
79.3 7
79.4 5
79.5 6
79.6 5
79.7 2
79.8 3
79.9 5
80 9
80.1 4
80.2 5
80.3 5
80.4 8
80.5 6
80.6 3
80.7 2
80.8 4
80.9 4
81 2
81.1 4
81.2 8
81.3 7
81.4 7
81.5 16
81.6 14
81.7 8
81.8 5
81.9 4
82 4
82.1 4
82.2 6
82.3 4
82.4 4
82.5 4
82.6 32
82.7 31
82.8 32
82.9 15
83 16
83.1 20
83.2 52
83.3 40
83.4 38
83.5 31
83.6 33
83.7 42
83.8 43
83.9 32
84 31
84.1 45
84.2 48
84.3 48
84.4 39
84.5 40
84.6 31
84.7 39
84.8 45
84.9 48
85 39
85.1 52
85.2 52
85.3 61
85.4 46
85.5 47
85.6 46
85.7 52
85.8 36
85.9 47
86 54
86.1 51
86.2 39
86.3 42
86.4 39
86.5 43
86.6 31
86.7 45
86.8 39
86.9 44
87 38
87.1 32
87.2 35
87.3 33
87.4 19
87.5 9
87.6 14
87.7 8
87.8 16
87.9 6
88 31
88.1 9
88.2 7
88.3 7
88.4 4
88.5 1
88.6 2
88.7 5
88.8 7
88.9 8
89 5
89.1 4
89.2 8
89.3 2
89.4 2
89.5 4
89.6 5
89.7 8
89.8 4
89.9 9
90 7
90.1 5
90.2 7
90.3 5
90.4 22
90.5 12
90.6 7
90.7 5
90.8 6
90.9 7
91 7
91.1 8
91.2 3
91.3 3
91.4 6
91.5 6
91.6 6
91.7 8
91.8 7
91.9 3
92 4
92.1 1
92.2 1
92.3 0
92.4 5
92.5 1
92.6 4
92.7 5
92.8 3
92.9 2
93 9
93.1 13
93.2 5
93.3 3
93.4 9
93.5 7
93.6 7
93.7 6
93.8 7
93.9 8
94 5
94.1 4
94.2 3
94.3 7
94.4 8
94.5 6
94.6 9
94.7 5
94.8 7
94.9 11
95 6
95.1 6
95.2 8
95.3 6
95.4 5
95.5 6
95.6 8
95.7 9
95.8 8
95.9 9
96 7
96.1 4
96.2 9
96.3 10
96.4 10
96.5 5
96.6 4
96.7 6
96.8 6
96.9 7
97 6
97.1 4
97.2 6
97.3 4
97.4 0
97.5 5
97.6 6
97.7 5
97.8 8
97.9 4
98 4
98.1 4
98.2 4
98.3 5
98.4 8
98.5 9
98.6 9
98.7 2
98.8 3
98.9 2
99 4
99.1 4
99.2 1
99.3 5
99.4 4
99.5 5
99.6 4
99.7 3
99.8 5
99.9 3
100 3
100.1 3
100.2 4
100.3 3
100.4 10
100.5 6
100.6 20
100.7 24
100.8 16
100.9 40
101 15
101.1 23
101.2 33
101.3 39
101.4 39
101.5 40
101.6 29
101.7 38
101.8 43
101.9 32
102 36
102.1 28
102.2 28
102.3 32
102.4 27
102.5 36
102.6 47
102.7 45
102.8 43
102.9 48
103 37
103.1 40
103.2 30
103.3 45
103.4 46
103.5 44
103.6 43
103.7 51
103.8 48
103.9 65
104 48
104.1 49
104.2 39
104.3 47
104.4 48
104.5 41
104.6 50
104.7 44
104.8 27
104.9 45
105 32
105.1 36
105.2 32
105.3 38
105.4 34
105.5 18
105.6 31
105.7 26
105.8 32
105.9 29
106 16
106.1 22
106.2 15
106.3 7
106.4 4
106.5 5
106.6 2
106.7 9
106.8 4
106.9 8
107 7
107.1 4
107.2 2
107.3 4
107.4 4
107.5 2
107.6 4
107.7 7
107.8 6
107.9 6
108 3
108.1 5
108.2 6
108.3 5
108.4 6
108.5 3
108.6 5
108.7 5
108.8 7
108.9 4
109 6
109.1 5
109.2 14
109.3 10
109.4 7
109.5 10
109.6 10
109.7 8
109.8 7
109.9 8
110 16
110.1 11
110.2 13
110.3 8
110.4 10
110.5 6
110.6 5
110.7 5
110.8 7
110.9 6
111 6
111.1 7
111.2 3
111.3 10
111.4 10
111.5 7
111.6 4
111.7 3
111.8 4
111.9 5
112 4
112.1 6
112.2 6
112.3 7
112.4 3
112.5 7
112.6 7
112.7 1
112.8 1
112.9 4
113 10
113.1 3
113.2 8
113.3 7
113.4 8
113.5 4
113.6 3
113.7 4
113.8 9
113.9 12
114 4
114.1 3
114.2 5
114.3 1
114.4 7
114.5 2
114.6 3
114.7 6
114.8 6
114.9 8
115 6
115.1 4
115.2 8
115.3 6
115.4 4
115.5 12
115.6 5
115.7 3
115.8 4
115.9 20
116 8
116.1 2
116.2 3
116.3 7
116.4 4
116.5 6
116.6 4
116.7 5
116.8 6
116.9 3
117 3
117.1 4
117.2 3
117.3 3
117.4 4
117.5 6
117.6 8
117.7 4
117.8 5
117.9 13
118 23
118.1 20
118.2 8
118.3 13
118.4 25
118.5 14
118.6 8
118.7 8
118.8 8
118.9 6
119 7
119.1 6
119.2 4
119.3 4
119.4 2
119.5 6
119.6 17
119.7 9
119.8 21
119.9 23
120 15
120.1 6
120.2 25
120.3 21
120.4 26
120.5 18
120.6 34
120.7 40
120.8 51
120.9 47
121 43
121.1 34
121.2 38
121.3 48
121.4 38
121.5 39
121.6 59
121.7 48
121.8 43
121.9 29
122 39
122.1 32
122.2 33
122.3 36
122.4 31
122.5 49
122.6 51
122.7 45
122.8 43
122.9 44
123 41
123.1 44
123.2 33
123.3 44
123.4 40
123.5 36
123.6 35
123.7 45
123.8 41
123.9 35
124 37
124.1 33
124.2 34
124.3 43
124.4 25
124.5 41
124.6 42
124.7 40
124.8 34
124.9 45
125 30
125.1 32
125.2 30
125.3 24
125.4 36
125.5 33
125.6 18
125.7 10
125.8 16
125.9 16
126 16
126.1 25
126.2 12
126.3 7
126.4 11
126.5 7
126.6 23
126.7 10
126.8 7
126.9 5
127 5
127.1 2
127.2 6
127.3 4
127.4 6
127.5 4
127.6 5
127.7 7
127.8 4
127.9 5
128 10
128.1 29
128.2 27
128.3 16
128.4 11
128.5 6
128.6 7
128.7 9
128.8 6
128.9 3
129 6
129.1 6
129.2 7
129.3 6
129.4 4
129.5 5
129.6 4
129.7 5
129.8 6
129.9 4
130 3
130.1 2
130.2 2
130.3 4
130.4 11
130.5 7
130.6 6
130.7 4
130.8 6
130.9 4
131 2
131.1 4
131.2 2
131.3 3
131.4 3
131.5 3
131.6 3
131.7 4
131.8 3
131.9 1
132 1
132.1 14
132.2 9
132.3 4
132.4 4
132.5 8
132.6 6
132.7 5
132.8 5
132.9 4
133 2
133.1 4
133.2 3
133.3 4
133.4 5
133.5 3
133.6 9
133.7 3
133.8 1
133.9 0
134 3
134.1 2
134.2 1
134.3 3
134.4 5
134.5 7
134.6 6
134.7 3
134.8 6
134.9 3
135 1
135.1 3
135.2 6
135.3 12
135.4 9
135.5 3
135.6 4
135.7 1
135.8 5
135.9 4
136 4
136.1 3
136.2 4
136.3 4
136.4 4
136.5 4
136.6 5
136.7 3
136.8 2
136.9 3
137 7
137.1 7
137.2 4
137.3 3
137.4 2
137.5 1
137.6 4
137.7 3
137.8 6
137.9 5
138 14
138.1 16
138.2 8
138.3 20
138.4 6
138.5 6
138.6 5
138.7 4
138.8 5
138.9 3
139 5
139.1 8
139.2 5
139.3 4
139.4 4
139.5 4
139.6 3
139.7 6
139.8 6
139.9 9
140 5
140.1 3
140.2 2
140.3 5
140.4 6
140.5 2
140.6 2
140.7 3
140.8 2
140.9 5
141 3
141.1 7
141.2 6
141.3 5
141.4 4
141.5 5
141.6 38
141.7 18
141.8 14
141.9 11
142 19
142.1 30
142.2 30
142.3 38
142.4 33
142.5 44
142.6 50
142.7 31
142.8 32
142.9 28
143 27
143.1 42
143.2 47
143.3 43
143.4 49
143.5 55
143.6 56
143.7 45
143.8 46
143.9 40
144 46
144.1 39
144.2 32
144.3 50
144.4 50
144.5 38
144.6 49
144.7 63
144.8 50
144.9 48
145 42
145.1 58
145.2 49
145.3 45
145.4 43
145.5 35
145.6 53
145.7 44
145.8 44
145.9 45
146 47
146.1 38
146.2 41
146.3 35
146.4 33
146.5 33
146.6 33
146.7 33
146.8 26
146.9 18
147 27
147.1 19
147.2 25
147.3 14
147.4 12
147.5 6
147.6 9
147.7 6
147.8 2
147.9 2
148 4
148.1 3
148.2 2
148.3 4
148.4 7
148.5 7
148.6 5
148.7 5
148.8 5
148.9 5
149 4
149.1 3
149.2 4
149.3 3
149.4 5
149.5 4
149.6 7
149.7 2
149.8 4
149.9 5
150 7
150.1 4
150.2 4
150.3 5
150.4 2
150.5 6
150.6 6
150.7 9
150.8 7
150.9 3
151 6
151.1 5
151.2 5
151.3 18
151.4 5
151.5 8
151.6 7
151.7 5
151.8 6
151.9 4
152 3
152.1 10
152.2 3
152.3 3
152.4 4
152.5 4
152.6 2
152.7 4
152.8 6
152.9 4
153 2
153.1 2
153.2 6
153.3 7
153.4 4
153.5 4
153.6 5
153.7 6
153.8 5
153.9 4
154 3
154.1 5
154.2 8
154.3 8
154.4 4
154.5 10
154.6 8
154.7 9
154.8 4
154.9 8
155 4
155.1 8
155.2 11
155.3 5
155.4 5
155.5 4
155.6 0
155.7 2
155.8 5
155.9 9
156 10
156.1 8
156.2 7
156.3 7
156.4 9
156.5 5
156.6 7
156.7 9
156.8 9
156.9 9
157 8
157.1 8
157.2 32
157.3 19
157.4 14
157.5 28
157.6 38
157.7 45
157.8 22
157.9 21
158 24
158.1 17
158.2 32
158.3 41
158.4 42
158.5 43
158.6 34
158.7 40
158.8 51
158.9 48
159 46
159.1 34
159.2 43
159.3 48
159.4 39
159.5 39
159.6 38
159.7 30
159.8 44
159.9 44
160 36
160.1 37
160.2 43
160.3 46
160.4 39
160.5 51
160.6 43
160.7 53
160.8 48
160.9 43
161 50
161.1 42
161.2 45
161.3 51
161.4 44
161.5 40
161.6 45
161.7 33
161.8 22
161.9 35
162 35
162.1 40
162.2 29
162.3 33
162.4 19
162.5 18
162.6 17
162.7 15
162.8 7
162.9 2
163 24
163.1 20
163.2 10
163.3 7
163.4 8
163.5 2
163.6 8
163.7 5
163.8 3
163.9 7
164 3
164.1 4
164.2 2
164.3 6
164.4 6
164.5 6
164.6 11
164.7 5
164.8 5
164.9 7
165 6
165.1 12
165.2 10
165.3 20
165.4 15
165.5 10
165.6 2
165.7 4
165.8 6
165.9 3
166 3
166.1 6
166.2 5
166.3 4
166.4 6
166.5 8
166.6 6
166.7 5
166.8 6
166.9 5
167 5
167.1 3
167.2 20
167.3 9
167.4 8
167.5 19
167.6 11
167.7 6
167.8 6
167.9 5
168 4
168.1 4
168.2 4
168.3 3
168.4 3
168.5 6
168.6 8
168.7 7
168.8 5
168.9 5
169 5
169.1 4
169.2 3
169.3 7
169.4 5
169.5 6
169.6 2
169.7 4
169.8 6
169.9 6
170 5
170.1 8
170.2 11
170.3 7
170.4 4
170.5 9
170.6 5
170.7 7
170.8 5
170.9 7
171 8
171.1 6
171.2 6
171.3 6
171.4 7
171.5 6
171.6 8
171.7 6
171.8 10
171.9 5
172 5
172.1 8
172.2 5
172.3 3
172.4 4
172.5 5
172.6 7
172.7 8
172.8 5
172.9 6
173 8
173.1 4
173.2 9
173.3 4
173.4 7
173.5 9
173.6 3
173.7 5
173.8 5
173.9 6
174 6
174.1 4
174.2 21
174.3 11
174.4 6
174.5 6
174.6 8
174.7 7
174.8 10
174.9 6
175 7
175.1 6
175.2 5
175.3 7
175.4 9
175.5 1
175.6 1
175.7 2
175.8 3
175.9 2
176 5
176.1 4
176.2 6
176.3 6
176.4 7
176.5 11
176.6 9
176.7 11
176.8 8
176.9 8
177 15
177.1 8
177.2 3
177.3 3
177.4 4
177.5 6
177.6 6
177.7 2
177.8 3
177.9 3
178 5
178.1 3
178.2 4
178.3 5
178.4 5
178.5 4
178.6 5
178.7 4
178.8 4
178.9 7
179 12
179.1 9
179.2 4
179.3 23
179.4 18
179.5 12
179.6 9
179.7 8
179.8 12
179.9 8
180 8
180.1 10
180.2 14
180.3 16
180.4 24
180.5 30
180.6 27
180.7 26
180.8 27
180.9 35
181 30
181.1 41
181.2 41
181.3 41
181.4 29
181.5 43
181.6 29
181.7 21
181.8 24
181.9 34
182 40
182.1 47
182.2 47
182.3 40
182.4 47
182.5 40
182.6 40
182.7 44
182.8 43
182.9 49
183 44
183.1 45
183.2 48
183.3 36
183.4 38
183.5 36
183.6 41
183.7 48
183.8 35
183.9 38
184 31
184.1 30
184.2 30
184.3 37
184.4 47
184.5 31
184.6 36
184.7 20
184.8 42
184.9 23
185 34
185.1 33
185.2 19
185.3 17
185.4 9
185.5 14
185.6 5
185.7 6
185.8 4
185.9 6
186 7
186.1 5
186.2 4
186.3 5
186.4 8
186.5 2
186.6 2
186.7 4
186.8 3
186.9 3
187 3
187.1 3
187.2 3
187.3 8
187.4 4
187.5 6
187.6 4
187.7 3
187.8 5
187.9 8
188 3
188.1 6
188.2 2
188.3 6
188.4 3
188.5 3
188.6 7
188.7 4
188.8 5
188.9 5
189 5
189.1 7
189.2 5
189.3 3
189.4 4
189.5 5
189.6 7
189.7 5
189.8 3
189.9 5
190 6
190.1 8
190.2 5
190.3 3
190.4 0
190.5 10
190.6 9
190.7 13
190.8 5
190.9 3
191 5
191.1 6
191.2 6
191.3 5
191.4 8
191.5 5
191.6 6
191.7 5
191.8 5
191.9 3
192 2
192.1 2
192.2 5
192.3 6
192.4 9
192.5 5
192.6 2
192.7 3
192.8 5
192.9 7
193 2
193.1 6
193.2 9
193.3 8
193.4 6
193.5 8
193.6 6
193.7 4
193.8 5
193.9 3
194 4
194.1 9
194.2 6
194.3 4
194.4 6
194.5 4
194.6 5
194.7 6
194.8 5
194.9 5
195 3
195.1 4
195.2 9
195.3 7
195.4 7
195.5 26
195.6 18
195.7 9
195.8 7
195.9 8
196 33
196.1 22
196.2 30
196.3 22
196.4 11
196.5 10
196.6 12
196.7 9
196.8 6
196.9 6
197 9
197.1 7
197.2 5
197.3 2
197.4 12
197.5 11
197.6 5
197.7 3
197.8 2
197.9 4
198 6
198.1 37
198.2 25
198.3 13
198.4 13
198.5 26
198.6 23
198.7 15
198.8 7
198.9 19
199 33
199.1 25
199.2 20
199.3 7
199.4 20
199.5 20
199.6 16
199.7 15
199.8 15
199.9 29
200 19
