0 0
0.1 0
0.2 0
0.3 1
0.4 3
0.5 7
0.6 7
0.7 16
0.8 20
0.9 25
1 29
1.1 37
1.2 47
1.3 55
1.4 62
1.5 74
1.6 86
1.7 100
1.8 120
1.9 139
2 162
2.1 174
2.2 201
2.3 228
2.4 256
2.5 278
2.6 294
2.7 322
2.8 347
2.9 382
3 410
3.1 448
3.2 467
3.3 492
3.4 521
3.5 547
3.6 581
3.7 610
3.8 639
3.9 662
4 692
4.1 725
4.2 761
4.3 794
4.4 828
4.5 871
4.6 907
4.7 949
4.8 994
4.9 1029
5 1063
5.1 1100
5.2 1132
5.3 1174
5.4 1218
5.5 1258
5.6 1284
5.7 1318
5.8 1339
5.9 1383
6 1415
6.1 1429
6.2 1471
6.3 1492
6.4 1528
6.5 1569
6.6 1595
6.7 1619
6.8 1649
6.9 1659
7 1678
7.1 1685
7.2 1675
7.3 1632
7.4 1641
7.5 1641
7.6 1544
7.7 1427
7.8 1295
7.9 1199
8 1106
8.1 995
8.2 930
8.3 876
8.4 829
8.5 764
8.6 718
8.7 694
8.8 650
8.9 619
9 588
9.1 554
9.2 527
9.3 496
9.4 474
9.5 446
9.6 424
9.7 408
9.8 406
9.9 389
10 391
10.1 388
10.2 395
10.3 392
10.4 391
10.5 375
10.6 378
10.7 366
10.8 348
10.9 359
11 348
11.1 352
11.2 324
11.3 314
11.4 311
11.5 324
11.6 316
11.7 326
11.8 330
11.9 332
12 345
12.1 344
12.2 329
12.3 311
12.4 304
12.5 279
12.6 271
12.7 275
12.8 260
12.9 236
13 231
13.1 231
13.2 243
13.3 247
13.4 249
13.5 246
13.6 255
13.7 255
13.8 253
13.9 258
14 274
14.1 292
14.2 301
14.3 311
14.4 293
14.5 306
14.6 340
14.7 339
14.8 356
14.9 345
15 321
15.1 318
15.2 372
15.3 406
15.4 484
15.5 517
15.6 492
15.7 472
15.8 438
15.9 412
16 379
16.1 350
16.2 341
16.3 327
16.4 319
16.5 335
16.6 334
16.7 325
16.8 317
16.9 324
17 320
17.1 313
17.2 308
17.3 309
17.4 304
17.5 311
17.6 315
17.7 348
17.8 368
17.9 355
18 347
18.1 322
18.2 302
18.3 282
18.4 314
18.5 360
18.6 402
18.7 431
18.8 435
18.9 423
19 406
19.1 387
19.2 376
19.3 415
19.4 519
19.5 563
19.6 578
19.7 586
19.8 590
19.9 588
20 596
20.1 606
20.2 609
20.3 617
20.4 625
20.5 636
20.6 647
20.7 672
20.8 692
20.9 708
21 725
21.1 743
21.2 752
21.3 776
21.4 804
21.5 833
21.6 853
21.7 879
21.8 900
21.9 926
22 947
22.1 973
22.2 988
22.3 1023
22.4 1056
22.5 1097
22.6 1134
22.7 1156
22.8 1204
22.9 1230
23 1281
23.1 1311
23.2 1357
23.3 1395
23.4 1422
23.5 1454
23.6 1499
23.7 1520
23.8 1563
23.9 1596
24 1626
24.1 1666
24.2 1688
24.3 1714
24.4 1736
24.5 1772
24.6 1800
24.7 1804
24.8 1821
24.9 1814
25 1766
25.1 1665
25.2 1515
25.3 1407
25.4 1310
25.5 1229
25.6 1145
25.7 1075
25.8 1002
25.9 926
26 847
26.1 787
26.2 720
26.3 681
26.4 646
26.5 599
26.6 559
26.7 519
26.8 477
26.9 453
27 423
27.1 404
27.2 398
27.3 460
27.4 556
27.5 598
27.6 612
27.7 612
27.8 609
27.9 570
28 537
28.1 523
28.2 511
28.3 482
28.4 456
28.5 430
28.6 406
28.7 401
28.8 397
28.9 383
29 361
29.1 340
29.2 327
29.3 320
29.4 302
29.5 290
29.6 282
29.7 290
29.8 291
29.9 281
30 273
30.1 254
30.2 249
30.3 244
30.4 240
30.5 242
30.6 237
30.7 244
30.8 257
30.9 269
31 275
31.1 259
31.2 258
31.3 280
31.4 293
31.5 285
31.6 278
31.7 267
31.8 266
31.9 265
32 283
32.1 286
32.2 283
32.3 284
32.4 274
32.5 256
32.6 252
32.7 252
32.8 242
32.9 252
33 255
33.1 254
33.2 244
33.3 244
33.4 239
33.5 234
33.6 229
33.7 244
33.8 264
33.9 262
34 290
34.1 317
34.2 306
34.3 282
34.4 274
34.5 263
34.6 259
34.7 244
34.8 224
34.9 212
35 208
35.1 203
35.2 204
35.3 195
35.4 202
35.5 207
35.6 224
35.7 227
35.8 219
35.9 219
36 232
36.1 241
36.2 242
36.3 245
36.4 238
36.5 241
36.6 257
36.7 267
36.8 262
36.9 256
37 254
37.1 252
37.2 259
37.3 263
37.4 294
37.5 327
37.6 338
37.7 338
37.8 344
37.9 335
38 385
38.1 395
38.2 395
38.3 381
38.4 378
38.5 373
38.6 351
38.7 323
38.8 303
38.9 296
39 285
39.1 274
39.2 264
39.3 282
39.4 278
39.5 280
39.6 274
39.7 261
39.8 260
39.9 274
40 278
40.1 288
40.2 304
40.3 339
40.4 372
40.5 385
40.6 371
40.7 364
40.8 351
40.9 341
41 331
41.1 310
41.2 286
41.3 283
41.4 285
41.5 268
41.6 260
41.7 266
41.8 292
41.9 280
42 291
42.1 288
42.2 277
42.3 260
42.4 247
42.5 249
42.6 257
42.7 264
42.8 262
42.9 245
43 246
43.1 246
43.2 245
43.3 250
43.4 251
43.5 244
43.6 236
43.7 239
43.8 247
43.9 255
44 258
44.1 254
44.2 249
44.3 248
44.4 246
44.5 239
44.6 221
44.7 222
44.8 228
44.9 233
45 232
45.1 239
45.2 245
45.3 255
45.4 275
45.5 274
45.6 261
45.7 267
45.8 261
45.9 272
46 314
46.1 343
46.2 344
46.3 349
46.4 353
46.5 359
46.6 369
46.7 377
46.8 392
46.9 402
47 418
47.1 442
47.2 459
47.3 480
47.4 503
47.5 518
47.6 550
47.7 571
47.8 590
47.9 606
48 633
48.1 661
48.2 684
48.3 698
48.4 719
48.5 739
48.6 767
48.7 795
48.8 811
48.9 837
49 867
49.1 905
49.2 934
49.3 961
49.4 989
49.5 1017
49.6 1048
49.7 1077
49.8 1101
49.9 1147
50 1176
50.1 1201
50.2 1254
50.3 1273
50.4 1314
50.5 1351
50.6 1380
50.7 1421
50.8 1441
50.9 1469
51 1500
51.1 1536
51.2 1553
51.3 1601
51.4 1624
51.5 1649
51.6 1672
51.7 1695
51.8 1726
51.9 1746
52 1766
52.1 1755
52.2 1749
52.3 1739
52.4 1755
52.5 1693
52.6 1573
52.7 1437
52.8 1339
52.9 1205
53 1114
53.1 1053
53.2 965
53.3 877
53.4 790
53.5 731
53.6 686
53.7 642
53.8 616
53.9 596
54 568
54.1 535
54.2 504
54.3 485
54.4 466
54.5 432
54.6 419
54.7 410
54.8 401
54.9 419
55 410
55.1 403
55.2 399
55.3 380
55.4 363
55.5 345
55.6 338
55.7 333
55.8 334
55.9 341
56 345
56.1 365
56.2 374
56.3 376
56.4 367
56.5 359
56.6 355
56.7 332
56.8 328
56.9 300
57 281
57.1 281
57.2 287
57.3 288
57.4 269
57.5 250
57.6 257
57.7 253
57.8 251
57.9 235
58 250
58.1 242
58.2 252
58.3 255
58.4 253
58.5 250
58.6 251
58.7 270
58.8 263
58.9 255
59 272
59.1 291
59.2 296
59.3 296
59.4 290
59.5 310
59.6 361
59.7 400
59.8 399
59.9 385
60 359
60.1 349
60.2 348
60.3 339
60.4 332
60.5 309
60.6 302
60.7 296
60.8 285
60.9 278
61 278
61.1 282
61.2 296
61.3 293
61.4 282
61.5 280
61.6 301
61.7 305
61.8 320
61.9 320
62 313
62.1 314
62.2 307
62.3 286
62.4 282
62.5 276
62.6 260
62.7 256
62.8 318
62.9 317
63 388
63.1 437
63.2 459
63.3 465
63.4 440
63.5 421
63.6 382
63.7 360
63.8 345
63.9 327
64 327
64.1 315
64.2 299
64.3 295
64.4 288
64.5 329
64.6 447
64.7 514
64.8 543
64.9 549
65 549
65.1 553
65.2 560
65.3 568
65.4 573
65.5 583
65.6 598
65.7 608
65.8 611
65.9 621
66 629
66.1 639
66.2 647
66.3 669
66.4 674
66.5 686
66.6 702
66.7 708
66.8 726
66.9 737
67 750
67.1 758
67.2 770
67.3 791
67.4 812
67.5 829
67.6 850
67.7 860
67.8 877
67.9 897
68 922
68.1 949
68.2 958
68.3 984
68.4 1000
68.5 1026
68.6 1058
68.7 1067
68.8 1094
68.9 1108
69 1129
69.1 1151
69.2 1167
69.3 1193
69.4 1222
69.5 1254
69.6 1279
69.7 1290
69.8 1319
69.9 1332
70 1346
70.1 1347
70.2 1380
70.3 1385
70.4 1427
70.5 1447
70.6 1471
70.7 1470
70.8 1500
70.9 1498
71 1486
71.1 1502
71.2 1503
71.3 1454
71.4 1351
71.5 1264
71.6 1140
71.7 1050
71.8 957
71.9 894
72 837
72.1 776
72.2 715
72.3 663
72.4 604
72.5 576
72.6 543
72.7 531
72.8 510
72.9 483
73 444
73.1 425
73.2 394
73.3 385
73.4 384
73.5 384
73.6 370
73.7 358
73.8 341
73.9 332
74 321
74.1 310
74.2 302
74.3 276
74.4 273
74.5 265
74.6 254
74.7 255
74.8 250
74.9 246
75 234
75.1 226
75.2 216
75.3 208
75.4 212
75.5 224
75.6 219
75.7 226
75.8 226
75.9 212
76 204
76.1 227
76.2 261
76.3 299
76.4 305
76.5 314
76.6 298
76.7 285
76.8 275
76.9 253
77 256
77.1 254
77.2 241
77.3 237
77.4 232
77.5 239
77.6 252
77.7 259
77.8 250
77.9 235
78 238
78.1 242
78.2 239
78.3 229
78.4 228
78.5 240
78.6 234
78.7 225
78.8 217
78.9 204
79 202
79.1 227
79.2 239
79.3 250
79.4 250
79.5 251
79.6 252
79.7 238
79.8 247
79.9 242
80 236
80.1 241
80.2 244
80.3 254
80.4 254
80.5 264
80.6 278
80.7 285
80.8 268
80.9 258
81 263
81.1 251
81.2 251
81.3 249
81.4 258
81.5 246
81.6 267
81.7 264
81.8 250
81.9 237
82 240
82.1 257
82.2 267
82.3 273
82.4 255
82.5 253
82.6 243
82.7 229
82.8 235
82.9 214
83 212
83.1 213
83.2 205
83.3 210
83.4 215
83.5 211
83.6 202
83.7 207
83.8 206
83.9 207
84 193
84.1 190
84.2 195
84.3 201
84.4 207
84.5 220
84.6 235
84.7 261
84.8 306
84.9 334
85 341
85.1 346
85.2 354
85.3 363
85.4 370
85.5 367
85.6 374
85.7 378
85.8 378
85.9 380
86 394
86.1 396
86.2 396
86.3 404
86.4 411
86.5 425
86.6 435
86.7 447
86.8 465
86.9 471
87 481
87.1 491
87.2 502
87.3 520
87.4 531
87.5 545
87.6 554
87.7 575
87.8 585
87.9 602
88 616
88.1 638
88.2 655
88.3 674
88.4 690
88.5 722
88.6 756
88.7 782
88.8 809
88.9 846
89 879
89.1 905
89.2 940
89.3 955
89.4 989
89.5 1023
89.6 1047
89.7 1077
89.8 1106
89.9 1116
90 1146
90.1 1170
90.2 1204
90.3 1226
90.4 1250
90.5 1275
90.6 1301
90.7 1338
90.8 1352
90.9 1371
91 1410
91.1 1427
91.2 1463
91.3 1491
91.4 1516
91.5 1553
91.6 1578
91.7 1584
91.8 1579
91.9 1601
92 1594
92.1 1633
92.2 1633
92.3 1645
92.4 1604
92.5 1521
92.6 1435
92.7 1355
92.8 1254
92.9 1154
93 1106
93.1 1017
93.2 960
93.3 904
93.4 845
93.5 770
93.6 691
93.7 642
93.8 604
93.9 567
94 572
94.1 571
94.2 555
94.3 538
94.4 533
94.5 540
94.6 506
94.7 481
94.8 456
94.9 443
95 433
95.1 413
95.2 396
95.3 368
95.4 350
95.5 357
95.6 345
95.7 338
95.8 329
95.9 311
96 307
96.1 304
96.2 297
96.3 288
96.4 284
96.5 289
96.6 292
96.7 277
96.8 274
96.9 263
97 254
97.1 254
97.2 262
97.3 261
97.4 263
97.5 270
97.6 271
97.7 245
97.8 235
97.9 257
98 273
98.1 269
98.2 253
98.3 235
98.4 216
98.5 198
98.6 204
98.7 202
98.8 204
98.9 206
99 229
99.1 231
99.2 223
99.3 211
99.4 202
99.5 195
99.6 188
99.7 188
99.8 194
99.9 213
100 204
100.1 193
100.2 192
100.3 202
100.4 204
100.5 200
100.6 190
100.7 181
100.8 177
100.9 184
101 241
101.1 272
101.2 289
101.3 299
101.4 281
101.5 278
101.6 271
101.7 277
101.8 289
101.9 285
102 276
102.1 276
102.2 272
102.3 256
102.4 255
102.5 248
102.6 281
102.7 281
102.8 294
102.9 292
103 321
103.1 348
103.2 337
103.3 324
103.4 317
103.5 316
103.6 311
103.7 304
103.8 303
103.9 395
104 464
104.1 486
104.2 480
104.3 463
104.4 451
104.5 431
104.6 420
104.7 443
104.8 476
104.9 481
105 488
105.1 473
105.2 471
105.3 459
105.4 450
105.5 427
105.6 414
105.7 412
105.8 410
105.9 400
106 403
106.1 412
106.2 412
106.3 403
106.4 381
106.5 344
106.6 330
106.7 346
106.8 364
106.9 382
107 368
107.1 358
107.2 353
107.3 352
107.4 329
107.5 317
107.6 314
107.7 308
107.8 305
107.9 299
108 277
108.1 273
108.2 263
108.3 246
108.4 229
108.5 235
108.6 252
108.7 247
108.8 252
108.9 248
109 237
109.1 234
109.2 240
109.3 253
109.4 251
109.5 250
109.6 260
109.7 261
109.8 262
109.9 257
110 240
110.1 224
110.2 211
110.3 202
110.4 198
110.5 186
110.6 185
110.7 180
110.8 185
110.9 173
111 186
111.1 174
111.2 170
111.3 179
111.4 182
111.5 174
111.6 184
111.7 198
111.8 205
111.9 197
112 194
112.1 189
112.2 185
112.3 202
112.4 216
112.5 232
112.6 261
112.7 310
112.8 336
112.9 362
113 363
113.1 367
113.2 368
113.3 371
113.4 375
113.5 378
113.6 383
113.7 393
113.8 400
113.9 408
114 418
114.1 432
114.2 437
114.3 446
114.4 471
114.5 482
114.6 495
114.7 518
114.8 539
114.9 558
115 591
115.1 623
115.2 637
115.3 668
115.4 700
115.5 721
115.6 754
115.7 791
115.8 832
115.9 870
116 893
116.1 920
116.2 947
116.3 979
116.4 1005
116.5 1028
116.6 1042
116.7 1068
116.8 1091
116.9 1125
117 1150
117.1 1169
117.2 1194
117.3 1226
117.4 1255
117.5 1286
117.6 1314
117.7 1343
117.8 1371
117.9 1408
118 1433
118.1 1456
118.2 1474
118.3 1502
118.4 1526
118.5 1548
118.6 1560
118.7 1588
118.8 1614
118.9 1621
119 1624
119.1 1643
119.2 1629
119.3 1668
119.4 1677
119.5 1680
119.6 1634
119.7 1552
119.8 1453
119.9 1379
120 1300
120.1 1250
120.2 1316
120.3 1327
120.4 1278
120.5 1203
120.6 1115
120.7 1027
120.8 962
120.9 941
121 957
121.1 905
121.2 835
121.3 775
121.4 733
121.5 692
121.6 660
121.7 621
121.8 605
121.9 539
122 506
122.1 497
122.2 483
122.3 455
122.4 528
122.5 556
122.6 552
122.7 548
122.8 525
122.9 484
123 468
123.1 446
123.2 422
123.3 403
123.4 378
123.5 399
123.6 384
123.7 371
123.8 357
123.9 337
124 323
124.1 332
124.2 347
124.3 404
124.4 450
124.5 469
124.6 438
124.7 416
124.8 403
124.9 381
125 347
125.1 331
125.2 307
125.3 299
125.4 291
125.5 274
125.6 263
125.7 264
125.8 265
125.9 248
126 235
126.1 242
126.2 233
126.3 219
126.4 205
126.5 201
126.6 194
126.7 227
126.8 252
126.9 262
127 271
127.1 272
127.2 255
127.3 243
127.4 253
127.5 261
127.6 267
127.7 270
127.8 266
127.9 261
128 262
128.1 259
128.2 258
128.3 270
128.4 277
128.5 269
128.6 258
128.7 261
128.8 265
128.9 254
129 268
129.1 273
129.2 281
129.3 283
129.4 303
129.5 322
129.6 333
129.7 325
129.8 344
129.9 348
130 350
130.1 338
130.2 333
130.3 316
130.4 306
130.5 307
130.6 307
130.7 308
130.8 303
130.9 313
131 305
131.1 299
131.2 296
131.3 306
131.4 292
131.5 272
131.6 266
131.7 252
131.8 263
131.9 250
132 237
132.1 228
132.2 228
132.3 213
132.4 219
132.5 220
132.6 215
132.7 211
132.8 213
132.9 215
133 213
133.1 234
133.2 242
133.3 237
133.4 234
133.5 236
133.6 215
133.7 199
133.8 186
133.9 208
134 228
134.1 234
134.2 240
134.3 260
134.4 278
134.5 284
134.6 273
134.7 268
134.8 272
134.9 274
135 273
135.1 254
135.2 244
135.3 228
135.4 231
135.5 245
135.6 280
135.7 293
135.8 318
135.9 318
136 311
136.1 300
136.2 272
136.3 271
136.4 268
136.5 284
136.6 281
136.7 267
136.8 259
136.9 260
137 271
137.1 274
137.2 286
137.3 297
137.4 282
137.5 281
137.6 276
137.7 276
137.8 292
137.9 294
138 295
138.1 292
138.2 284
138.3 301
138.4 343
138.5 354
138.6 346
138.7 343
138.8 368
138.9 377
139 387
139.1 394
139.2 399
139.3 405
139.4 409
139.5 410
139.6 414
139.7 424
139.8 438
139.9 450
140 462
140.1 480
140.2 495
140.3 517
140.4 545
140.5 560
140.6 582
140.7 599
140.8 614
140.9 638
141 662
141.1 692
141.2 721
141.3 753
141.4 777
141.5 800
141.6 821
141.7 849
141.8 867
141.9 894
142 920
142.1 947
142.2 976
142.3 999
142.4 1017
142.5 1044
142.6 1065
142.7 1076
142.8 1105
142.9 1132
143 1146
143.1 1164
143.2 1190
143.3 1211
143.4 1240
143.5 1262
143.6 1286
143.7 1307
143.8 1317
143.9 1345
144 1375
144.1 1401
144.2 1425
144.3 1455
144.4 1479
144.5 1509
144.6 1534
144.7 1553
144.8 1585
144.9 1613
145 1637
145.1 1654
145.2 1680
145.3 1685
145.4 1669
145.5 1644
145.6 1642
145.7 1638
145.8 1582
145.9 1574
146 1492
146.1 1402
146.2 1315
146.3 1223
146.4 1139
146.5 1060
146.6 989
146.7 931
146.8 859
146.9 803
147 785
147.1 794
147.2 769
147.3 714
147.4 664
147.5 626
147.6 580
147.7 538
147.8 496
147.9 470
148 453
148.1 467
148.2 468
148.3 462
148.4 447
148.5 430
148.6 406
148.7 388
148.8 367
148.9 341
149 331
149.1 322
149.2 302
149.3 319
149.4 338
149.5 338
149.6 339
149.7 319
149.8 308
149.9 298
150 274
150.1 275
150.2 271
150.3 269
150.4 260
150.5 247
150.6 237
150.7 228
150.8 212
150.9 204
151 206
151.1 231
151.2 227
151.3 238
151.4 249
151.5 262
151.6 263
151.7 263
151.8 273
151.9 285
152 280
152.1 277
152.2 298
152.3 320
152.4 330
152.5 306
152.6 293
152.7 291
152.8 297
152.9 288
153 284
153.1 287
153.2 297
153.3 294
153.4 278
153.5 275
153.6 261
153.7 250
153.8 260
153.9 255
154 295
154.1 324
154.2 335
154.3 327
154.4 296
154.5 284
154.6 273
154.7 277
154.8 276
154.9 272
155 305
155.1 377
155.2 414
155.3 416
155.4 404
155.5 391
155.6 372
155.7 449
155.8 531
155.9 568
156 557
156.1 563
156.2 557
156.3 547
156.4 547
156.5 514
156.6 483
156.7 455
156.8 420
156.9 397
157 393
157.1 400
157.2 387
157.3 369
157.4 340
157.5 339
157.6 322
157.7 309
157.8 293
157.9 281
158 264
158.1 260
158.2 247
158.3 260
158.4 268
158.5 272
158.6 272
158.7 274
158.8 273
158.9 280
159 285
159.1 273
159.2 267
159.3 251
159.4 253
159.5 254
159.6 239
159.7 235
159.8 241
159.9 254
160 266
160.1 255
160.2 250
160.3 249
160.4 250
160.5 245
160.6 249
160.7 258
160.8 274
160.9 275
161 281
161.1 278
161.2 270
161.3 275
161.4 277
161.5 274
161.6 271
161.7 250
161.8 233
161.9 242
162 256
162.1 265
162.2 265
162.3 273
162.4 285
162.5 266
162.6 276
162.7 289
162.8 298
162.9 308
163 313
163.1 297
163.2 294
163.3 282
163.4 291
163.5 290
163.6 273
163.7 265
163.8 258
163.9 241
164 243
164.1 237
164.2 223
164.3 215
164.4 214
164.5 211
164.6 208
164.7 220
164.8 231
164.9 233
165 235
165.1 230
165.2 252
165.3 261
165.4 273
165.5 278
165.6 289
165.7 272
165.8 273
165.9 264
166 262
166.1 269
166.2 259
166.3 255
166.4 250
166.5 233
166.6 220
166.7 210
166.8 215
166.9 226
167 225
167.1 230
167.2 250
167.3 266
167.4 307
167.5 307
167.6 313
167.7 327
167.8 328
167.9 332
168 340
168.1 344
168.2 353
168.3 365
168.4 373
168.5 383
168.6 395
168.7 405
168.8 421
168.9 440
169 456
169.1 473
169.2 491
169.3 521
169.4 542
169.5 567
169.6 590
169.7 612
169.8 633
169.9 672
170 704
170.1 722
170.2 747
170.3 767
170.4 806
170.5 836
170.6 861
170.7 880
170.8 902
170.9 931
171 952
171.1 981
171.2 1006
171.3 1036
171.4 1061
171.5 1091
171.6 1108
171.7 1138
171.8 1157
171.9 1182
172 1205
172.1 1235
172.2 1252
172.3 1283
172.4 1316
172.5 1343
172.6 1377
172.7 1399
172.8 1426
172.9 1463
173 1480
173.1 1505
173.2 1525
173.3 1537
173.4 1568
173.5 1599
173.6 1615
173.7 1625
173.8 1645
173.9 1651
174 1564
174.1 1477
174.2 1382
174.3 1292
174.4 1204
174.5 1103
174.6 1041
174.7 979
174.8 934
174.9 877
175 823
175.1 766
175.2 723
175.3 673
175.4 634
175.5 589
175.6 554
175.7 533
175.8 500
175.9 476
176 468
176.1 444
176.2 415
176.3 391
176.4 364
176.5 345
176.6 322
176.7 310
176.8 304
176.9 297
177 306
177.1 301
177.2 300
177.3 284
177.4 270
177.5 267
177.6 266
177.7 255
177.8 261
177.9 270
178 278
178.1 287
178.2 286
178.3 271
178.4 275
178.5 280
178.6 263
178.7 263
178.8 264
178.9 284
179 294
179.1 294
179.2 280
179.3 267
179.4 247
179.5 243
179.6 240
179.7 245
179.8 245
179.9 256
180 265
180.1 273
180.2 274
180.3 295
180.4 312
180.5 320
180.6 312
180.7 290
180.8 298
180.9 305
181 301
181.1 291
181.2 293
181.3 271
181.4 266
181.5 264
181.6 255
181.7 265
181.8 320
181.9 369
182 375
182.1 371
182.2 396
182.3 426
182.4 420
182.5 427
182.6 465
182.7 547
182.8 558
182.9 574
183 598
183.1 572
183.2 556
183.3 523
183.4 507
183.5 475
183.6 458
183.7 416
183.8 389
183.9 377
184 379
184.1 363
184.2 404
184.3 421
184.4 424
184.5 414
184.6 401
184.7 387
184.8 360
184.9 349
185 347
185.1 347
185.2 355
185.3 349
185.4 346
185.5 337
185.6 312
185.7 285
185.8 281
185.9 283
186 281
186.1 263
186.2 256
186.3 242
186.4 229
186.5 233
186.6 234
186.7 234
186.8 238
186.9 257
187 279
187.1 309
187.2 327
187.3 337
187.4 333
187.5 321
187.6 348
187.7 361
187.8 375
187.9 369
188 368
188.1 351
188.2 335
188.3 331
188.4 360
188.5 377
188.6 382
188.7 406
188.8 408
188.9 413
189 403
189.1 442
189.2 457
189.3 469
189.4 471
189.5 476
189.6 483
189.7 489
189.8 499
189.9 502
190 512
190.1 526
190.2 540
190.3 547
190.4 571
190.5 589
190.6 616
190.7 634
190.8 649
190.9 665
191 688
191.1 695
191.2 717
191.3 748
191.4 772
191.5 802
191.6 830
191.7 858
191.8 893
191.9 924
192 941
192.1 969
192.2 999
192.3 1037
192.4 1069
192.5 1098
192.6 1128
192.7 1163
192.8 1192
192.9 1222
193 1260
193.1 1283
193.2 1313
193.3 1350
193.4 1387
193.5 1403
193.6 1434
193.7 1471
193.8 1504
193.9 1518
194 1551
194.1 1566
194.2 1597
194.3 1610
194.4 1631
194.5 1628
194.6 1624
194.7 1601
194.8 1521
194.9 1409
195 1291
195.1 1222
195.2 1133
195.3 1046
195.4 979
195.5 918
195.6 831
195.7 771
195.8 709
195.9 643
196 601
196.1 573
196.2 535
196.3 508
196.4 468
196.5 441
196.6 410
196.7 405
196.8 409
196.9 397
197 399
197.1 382
197.2 374
197.3 366
197.4 397
197.5 424
197.6 417
197.7 397
197.8 377
197.9 347
198 318
198.1 308
198.2 281
198.3 263
198.4 279
198.5 285
198.6 278
198.7 269
198.8 281
198.9 292
199 309
199.1 314
199.2 323
199.3 382
199.4 513
199.5 571
199.6 565
199.7 552
199.8 542
199.9 541
200 547
