0 0
0.1 0
0.2 0
0.3 3
0.4 4
0.5 5
0.6 5
0.7 11
0.8 14
0.9 12
1 13
1.1 15
1.2 18
1.3 21
1.4 25
1.5 27
1.6 31
1.7 33
1.8 40
1.9 41
2 40
2.1 44
2.2 47
2.3 47
2.4 45
2.5 43
2.6 48
2.7 46
2.8 54
2.9 53
3 49
3.1 50
3.2 53
3.3 55
3.4 57
3.5 59
3.6 61
3.7 63
3.8 65
3.9 62
4 67
4.1 66
4.2 66
4.3 67
4.4 64
4.5 68
4.6 77
4.7 76
4.8 77
4.9 77
5 77
5.1 69
5.2 69
5.3 69
5.4 73
5.5 71
5.6 68
5.7 71
5.8 68
5.9 67
6 66
6.1 67
6.2 65
6.3 68
6.4 67
6.5 67
6.6 67
6.7 67
6.8 63
6.9 65
7 65
7.1 63
7.2 66
7.3 66
7.4 64
7.5 61
7.6 59
7.7 57
7.8 54
7.9 50
8 49
8.1 46
8.2 45
8.3 40
8.4 37
8.5 37
8.6 37
8.7 34
8.8 32
8.9 31
9 28
9.1 26
9.2 24
9.3 24
9.4 23
9.5 22
9.6 21
9.7 20
9.8 19
9.9 17
10 17
10.1 17
10.2 13
10.3 13
10.4 13
10.5 12
10.6 11
10.7 11
10.8 11
10.9 11
11 10
11.1 10
11.2 10
11.3 10
11.4 9
11.5 9
11.6 8
11.7 8
11.8 6
11.9 6
12 6
12.1 6
12.2 5
12.3 5
12.4 5
12.5 5
12.6 4
12.7 4
12.8 3
12.9 3
13 3
13.1 3
13.2 3
13.3 2
13.4 2
13.5 2
13.6 2
13.7 2
13.8 2
13.9 2
14 2
14.1 1
14.2 1
14.3 1
14.4 1
14.5 1
14.6 1
14.7 1
14.8 1
14.9 1
15 1
15.1 1
15.2 1
15.3 1
15.4 1
15.5 1
15.6 1
15.7 1
15.8 1
15.9 1
16 1
16.1 1
16.2 1
16.3 1
16.4 1
16.5 1
16.6 2
16.7 2
16.8 2
16.9 2
17 2
17.1 2
17.2 2
17.3 2
17.4 1
17.5 0
17.6 0
17.7 0
17.8 0
17.9 0
18 0
18.1 0
18.2 0
18.3 0
18.4 0
18.5 0
18.6 0
18.7 0
18.8 0
18.9 0
19 0
19.1 0
19.2 0
19.3 0
19.4 0
19.5 2
19.6 2
19.7 2
19.8 8
19.9 10
20 10
20.1 15
20.2 18
20.3 21
20.4 24
20.5 30
20.6 35
20.7 37
20.8 39
20.9 33
21 35
21.1 40
21.2 43
21.3 43
21.4 44
21.5 45
21.6 48
21.7 50
21.8 51
21.9 55
22 56
22.1 60
22.2 56
22.3 62
22.4 69
22.5 71
22.6 72
22.7 70
22.8 68
22.9 67
23 72
23.1 72
23.2 70
23.3 71
23.4 76
23.5 78
23.6 76
23.7 77
23.8 77
23.9 79
24 77
24.1 78
24.2 80
24.3 80
24.4 81
24.5 80
24.6 80
24.7 73
24.8 67
24.9 64
25 62
25.1 55
25.2 53
25.3 50
25.4 49
25.5 47
25.6 45
25.7 42
25.8 40
25.9 38
26 37
26.1 37
26.2 37
26.3 36
26.4 34
26.5 32
26.6 31
26.7 30
26.8 30
26.9 30
27 29
27.1 27
27.2 25
27.3 24
27.4 24
27.5 23
27.6 22
27.7 21
27.8 21
27.9 20
28 18
28.1 18
28.2 17
28.3 17
28.4 13
28.5 13
28.6 11
28.7 11
28.8 11
28.9 11
29 11
29.1 10
29.2 10
29.3 9
29.4 8
29.5 8
29.6 8
29.7 8
29.8 8
29.9 7
30 6
30.1 6
30.2 6
30.3 5
30.4 5
30.5 4
30.6 4
30.7 4
30.8 4
30.9 4
31 2
31.1 2
31.2 2
31.3 2
31.4 2
31.5 2
31.6 1
31.7 1
31.8 1
31.9 1
32 1
32.1 1
32.2 1
32.3 1
32.4 1
32.5 1
32.6 1
32.7 1
32.8 1
32.9 1
33 0
33.1 0
33.2 0
33.3 0
33.4 0
33.5 0
33.6 0
33.7 1
33.8 1
33.9 1
34 4
34.1 4
34.2 4
34.3 4
34.4 4
34.5 4
34.6 4
34.7 4
34.8 4
34.9 4
35 4
35.1 4
35.2 4
35.3 4
35.4 4
35.5 4
35.6 4
35.7 4
35.8 4
35.9 3
36 3
36.1 3
36.2 2
36.3 1
36.4 1
36.5 1
36.6 1
36.7 1
36.8 1
36.9 1
37 1
37.1 0
37.2 0
37.3 0
37.4 0
37.5 0
37.6 0
37.7 0
37.8 0
37.9 0
38 0
38.1 0
38.2 0
38.3 0
38.4 5
38.5 6
38.6 6
38.7 6
38.8 6
38.9 6
39 4
39.1 3
39.2 3
39.3 3
39.4 3
39.5 3
39.6 3
39.7 3
39.8 3
39.9 3
40 3
40.1 3
40.2 2
40.3 1
40.4 1
40.5 1
40.6 1
40.7 1
40.8 1
40.9 1
41 1
41.1 1
41.2 1
41.3 1
41.4 1
41.5 1
41.6 1
41.7 1
41.8 1
41.9 1
42 1
42.1 1
42.2 1
42.3 1
42.4 1
42.5 1
42.6 1
42.7 1
42.8 1
42.9 1
43 1
43.1 1
43.2 1
43.3 1
43.4 1
43.5 1
43.6 0
43.7 0
43.8 0
43.9 0
44 0
44.1 0
44.2 0
44.3 0
44.4 0
44.5 0
44.6 0
44.7 0
44.8 0
44.9 0
45 0
45.1 2
45.2 2
45.3 2
45.4 2
45.5 3
45.6 3
45.7 3
45.8 3
45.9 3
46 3
46.1 3
46.2 6
46.3 8
46.4 13
46.5 15
46.6 20
46.7 22
46.8 23
46.9 28
47 28
47.1 38
47.2 41
47.3 44
47.4 46
47.5 48
47.6 49
47.7 47
47.8 43
47.9 41
48 45
48.1 45
48.2 48
48.3 50
48.4 50
48.5 49
48.6 50
48.7 49
48.8 52
48.9 52
49 55
49.1 56
49.2 51
49.3 54
49.4 54
49.5 57
49.6 61
49.7 61
49.8 63
49.9 62
50 66
50.1 66
50.2 68
50.3 70
50.4 70
50.5 68
50.6 68
50.7 68
50.8 69
50.9 68
51 66
51.1 68
51.2 70
51.3 70
51.4 67
51.5 66
51.6 65
51.7 64
51.8 62
51.9 60
52 58
52.1 51
52.2 48
52.3 46
52.4 43
52.5 37
52.6 33
52.7 32
52.8 29
52.9 29
53 29
53.1 25
53.2 25
53.3 25
53.4 25
53.5 23
53.6 22
53.7 21
53.8 20
53.9 18
54 17
54.1 16
54.2 16
54.3 16
54.4 16
54.5 16
54.6 16
54.7 15
54.8 15
54.9 12
55 12
55.1 12
55.2 11
55.3 11
55.4 9
55.5 9
55.6 8
55.7 8
55.8 7
55.9 5
56 5
56.1 5
56.2 5
56.3 5
56.4 5
56.5 5
56.6 5
56.7 5
56.8 5
56.9 5
57 5
57.1 5
57.2 5
57.3 5
57.4 5
57.5 5
57.6 5
57.7 4
57.8 4
57.9 4
58 4
58.1 4
58.2 4
58.3 4
58.4 4
58.5 4
58.6 3
58.7 2
58.8 2
58.9 2
59 2
59.1 2
59.2 2
59.3 2
59.4 2
59.5 2
59.6 2
59.7 1
59.8 1
59.9 1
60 1
60.1 1
60.2 1
60.3 1
60.4 1
60.5 1
60.6 1
60.7 1
60.8 1
60.9 2
61 2
61.1 2
61.2 1
61.3 1
61.4 1
61.5 1
61.6 1
61.7 1
61.8 0
61.9 0
62 0
62.1 0
62.2 0
62.3 0
62.4 0
62.5 0
62.6 2
62.7 2
62.8 2
62.9 2
63 2
63.1 2
63.2 2
63.3 3
63.4 3
63.5 3
63.6 3
63.7 3
63.8 3
63.9 3
64 3
64.1 3
64.2 3
64.3 2
64.4 2
64.5 2
64.6 2
64.7 2
64.8 2
64.9 4
65 4
65.1 9
65.2 11
65.3 13
65.4 10
65.5 15
65.6 17
65.7 17
65.8 16
65.9 18
66 19
66.1 17
66.2 21
66.3 19
66.4 24
66.5 27
66.6 28
66.7 29
66.8 28
66.9 27
67 31
67.1 36
67.2 34
67.3 35
67.4 35
67.5 36
67.6 38
67.7 40
67.8 41
67.9 42
68 45
68.1 45
68.2 44
68.3 45
68.4 46
68.5 45
68.6 45
68.7 42
68.8 43
68.9 46
69 48
69.1 47
69.2 47
69.3 49
69.4 48
69.5 49
69.6 48
69.7 44
69.8 43
69.9 45
70 43
70.1 41
70.2 39
70.3 43
70.4 44
70.5 43
70.6 43
70.7 40
70.8 41
70.9 41
71 37
71.1 34
71.2 33
71.3 34
71.4 32
71.5 32
71.6 23
71.7 22
71.8 21
71.9 20
72 20
72.1 16
72.2 15
72.3 15
72.4 15
72.5 15
72.6 15
72.7 15
72.8 15
72.9 13
73 11
73.1 11
73.2 11
73.3 11
73.4 11
73.5 11
73.6 11
73.7 9
73.8 8
73.9 8
74 8
74.1 7
74.2 7
74.3 7
74.4 7
74.5 7
74.6 6
74.7 6
74.8 6
74.9 6
75 6
75.1 6
75.2 5
75.3 5
75.4 5
75.5 5
75.6 5
75.7 4
75.8 4
75.9 4
76 4
76.1 4
76.2 4
76.3 4
76.4 3
76.5 3
76.6 3
76.7 3
76.8 3
76.9 3
77 3
77.1 3
77.2 3
77.3 3
77.4 3
77.5 2
77.6 1
77.7 1
77.8 1
77.9 1
78 1
78.1 1
78.2 1
78.3 1
78.4 1
78.5 1
78.6 1
78.7 1
78.8 1
78.9 1
79 1
79.1 1
79.2 1
79.3 1
79.4 1
79.5 1
79.6 0
79.7 0
79.8 0
79.9 0
80 0
80.1 0
80.2 0
80.3 0
80.4 0
80.5 0
80.6 0
80.7 0
80.8 0
80.9 0
81 0
81.1 0
81.2 0
81.3 0
81.4 0
81.5 0
81.6 0
81.7 0
81.8 0
81.9 0
82 0
82.1 0
82.2 0
82.3 0
82.4 0
82.5 0
82.6 0
82.7 0
82.8 0
82.9 0
83 1
83.1 1
83.2 1
83.3 1
83.4 1
83.5 1
83.6 1
83.7 1
83.8 1
83.9 2
84 2
84.1 2
84.2 2
84.3 2
84.4 3
84.5 3
84.6 4
84.7 3
84.8 3
84.9 3
85 3
85.1 3
85.2 3
85.3 3
85.4 4
85.5 5
85.6 6
85.7 6
85.8 7
85.9 8
86 9
86.1 11
86.2 12
86.3 12
86.4 15
86.5 16
86.6 16
86.7 20
86.8 20
86.9 18
87 20
87.1 22
87.2 22
87.3 24
87.4 24
87.5 26
87.6 29
87.7 33
87.8 36
87.9 36
88 38
88.1 38
88.2 41
88.3 44
88.4 49
88.5 52
88.6 55
88.7 56
88.8 56
88.9 56
89 57
89.1 51
89.2 50
89.3 53
89.4 55
89.5 55
89.6 54
89.7 56
89.8 57
89.9 55
90 55
90.1 55
90.2 54
90.3 55
90.4 57
90.5 55
90.6 57
90.7 60
90.8 57
90.9 57
91 62
91.1 62
91.2 61
91.3 62
91.4 63
91.5 64
91.6 62
91.7 54
91.8 53
91.9 51
92 50
92.1 51
92.2 49
92.3 50
92.4 48
92.5 42
92.6 42
92.7 42
92.8 37
92.9 34
93 32
93.1 30
93.2 30
93.3 30
93.4 28
93.5 26
93.6 25
93.7 25
93.8 22
93.9 22
94 21
94.1 20
94.2 17
94.3 17
94.4 17
94.5 15
94.6 15
94.7 15
94.8 13
94.9 11
95 11
95.1 10
95.2 9
95.3 8
95.4 8
95.5 8
95.6 8
95.7 8
95.8 7
95.9 5
96 5
96.1 5
96.2 5
96.3 5
96.4 5
96.5 5
96.6 5
96.7 5
96.8 5
96.9 5
97 4
97.1 4
97.2 4
97.3 4
97.4 4
97.5 4
97.6 4
97.7 4
97.8 3
97.9 3
98 3
98.1 3
98.2 1
98.3 1
98.4 1
98.5 1
98.6 1
98.7 1
98.8 1
98.9 1
99 1
99.1 4
99.2 4
99.3 4
99.4 4
99.5 4
99.6 3
99.7 2
99.8 2
99.9 2
100 2
100.1 2
100.2 2
100.3 2
100.4 2
100.5 2
100.6 2
100.7 2
100.8 2
100.9 2
101 2
101.1 2
101.2 2
101.3 2
101.4 2
101.5 4
101.6 4
101.7 4
101.8 3
101.9 3
102 3
102.1 3
102.2 3
102.3 3
102.4 3
102.5 3
102.6 3
102.7 3
102.8 2
102.9 2
103 2
103.1 2
103.2 2
103.3 2
103.4 6
103.5 6
103.6 6
103.7 6
103.8 5
103.9 5
104 6
104.1 5
104.2 5
104.3 5
104.4 5
104.5 5
104.6 4
104.7 4
104.8 3
104.9 3
105 4
105.1 5
105.2 5
105.3 5
105.4 5
105.5 5
105.6 5
105.7 5
105.8 5
105.9 5
106 5
106.1 4
106.2 4
106.3 4
106.4 4
106.5 4
106.6 4
106.7 3
106.8 3
106.9 3
107 2
107.1 2
107.2 2
107.3 2
107.4 2
107.5 2
107.6 1
107.7 1
107.8 1
107.9 1
108 1
108.1 1
108.2 1
108.3 1
108.4 1
108.5 1
108.6 3
108.7 2
108.8 2
108.9 2
109 2
109.1 2
109.2 2
109.3 2
109.4 2
109.5 2
109.6 2
109.7 2
109.8 2
109.9 2
110 2
110.1 2
110.2 2
110.3 2
110.4 2
110.5 2
110.6 2
110.7 1
110.8 1
110.9 1
111 1
111.1 1
111.2 1
111.3 1
111.4 1
111.5 1
111.6 1
111.7 1
111.8 2
111.9 2
112 2
112.1 2
112.2 2
112.3 2
112.4 2
112.5 2
112.6 2
112.7 2
112.8 2
112.9 2
113 2
113.1 5
113.2 6
113.3 7
113.4 10
113.5 13
113.6 15
113.7 16
113.8 16
113.9 19
114 20
114.1 22
114.2 23
114.3 27
114.4 30
114.5 30
114.6 35
114.7 37
114.8 41
114.9 42
115 42
115.1 49
115.2 52
115.3 52
115.4 53
115.5 57
115.6 63
115.7 65
115.8 62
115.9 57
116 57
116.1 56
116.2 55
116.3 51
116.4 50
116.5 51
116.6 51
116.7 51
116.8 51
116.9 54
117 54
117.1 57
117.2 57
117.3 59
117.4 58
117.5 55
117.6 55
117.7 54
117.8 56
117.9 58
118 54
118.1 53
118.2 54
118.3 48
118.4 48
118.5 46
118.6 48
118.7 51
118.8 49
118.9 46
119 45
119.1 42
119.2 41
119.3 43
119.4 43
119.5 39
119.6 38
119.7 35
119.8 33
119.9 30
120 29
120.1 27
120.2 25
120.3 24
120.4 22
120.5 21
120.6 21
120.7 19
120.8 17
120.9 16
121 16
121.1 16
121.2 16
121.3 14
121.4 14
121.5 14
121.6 14
121.7 11
121.8 11
121.9 11
122 11
122.1 11
122.2 11
122.3 11
122.4 10
122.5 11
122.6 10
122.7 10
122.8 10
122.9 10
123 10
123.1 9
123.2 9
123.3 9
123.4 9
123.5 8
123.6 7
123.7 6
123.8 4
123.9 4
124 4
124.1 3
124.2 3
124.3 3
124.4 3
124.5 3
124.6 3
124.7 3
124.8 3
124.9 3
125 3
125.1 3
125.2 3
125.3 2
125.4 1
125.5 1
125.6 1
125.7 1
125.8 1
125.9 1
126 1
126.1 1
126.2 1
126.3 1
126.4 1
126.5 1
126.6 1
126.7 1
126.8 1
126.9 1
127 1
127.1 1
127.2 1
127.3 1
127.4 1
127.5 1
127.6 1
127.7 1
127.8 1
127.9 1
128 1
128.1 1
128.2 1
128.3 1
128.4 1
128.5 1
128.6 1
128.7 1
128.8 1
128.9 1
129 1
129.1 1
129.2 1
129.3 1
129.4 1
129.5 1
129.6 1
129.7 0
129.8 0
129.9 0
130 0
130.1 0
130.2 1
130.3 1
130.4 1
130.5 1
130.6 1
130.7 2
130.8 2
130.9 2
131 3
131.1 3
131.2 3
131.3 3
131.4 3
131.5 3
131.6 3
131.7 3
131.8 3
131.9 3
132 3
132.1 3
132.2 3
132.3 3
132.4 5
132.5 5
132.6 4
132.7 4
132.8 4
132.9 4
133 3
133.1 3
133.2 3
133.3 1
133.4 1
133.5 1
133.6 1
133.7 1
133.8 1
133.9 1
134 1
134.1 1
134.2 0
134.3 0
134.4 0
134.5 0
134.6 0
134.7 0
134.8 0
134.9 0
135 0
135.1 0
135.2 0
135.3 0
135.4 0
135.5 0
135.6 0
135.7 0
135.8 0
135.9 0
136 4
136.1 4
136.2 4
136.3 4
136.4 4
136.5 3
136.6 3
136.7 2
136.8 2
136.9 5
137 5
137.1 5
137.2 7
137.3 7
137.4 7
137.5 6
137.6 6
137.7 6
137.8 6
137.9 6
138 6
138.1 8
138.2 8
138.3 8
138.4 6
138.5 6
138.6 6
138.7 6
138.8 5
138.9 5
139 6
139.1 6
139.2 9
139.3 9
139.4 9
139.5 12
139.6 14
139.7 16
139.8 18
139.9 24
140 26
140.1 28
140.2 33
140.3 33
140.4 36
140.5 34
140.6 35
140.7 38
140.8 43
140.9 49
141 52
141.1 51
141.2 51
141.3 49
141.4 52
141.5 49
141.6 50
141.7 49
141.8 47
141.9 46
142 45
142.1 49
142.2 48
142.3 47
142.4 46
142.5 47
142.6 46
142.7 46
142.8 47
142.9 42
143 41
143.1 42
143.2 47
143.3 50
143.4 48
143.5 48
143.6 47
143.7 46
143.8 51
143.9 49
144 51
144.1 53
144.2 53
144.3 52
144.4 57
144.5 59
144.6 62
144.7 60
144.8 62
144.9 63
145 64
145.1 64
145.2 65
145.3 59
145.4 57
145.5 55
145.6 58
145.7 55
145.8 53
145.9 50
146 48
146.1 45
146.2 44
146.3 44
146.4 42
146.5 40
146.6 39
146.7 38
146.8 34
146.9 30
147 28
147.1 28
147.2 27
147.3 27
147.4 27
147.5 26
147.6 26
147.7 26
147.8 24
147.9 24
148 23
148.1 23
148.2 22
148.3 21
148.4 20
148.5 19
148.6 19
148.7 18
148.8 18
148.9 16
149 14
149.1 14
149.2 14
149.3 14
149.4 14
149.5 14
149.6 14
149.7 14
149.8 13
149.9 12
150 12
150.1 11
150.2 11
150.3 11
150.4 11
150.5 9
150.6 8
150.7 8
150.8 7
150.9 7
151 7
151.1 7
151.2 7
151.3 6
151.4 6
151.5 6
151.6 6
151.7 6
151.8 5
151.9 5
152 5
152.1 4
152.2 4
152.3 3
152.4 2
152.5 2
152.6 2
152.7 2
152.8 2
152.9 2
153 2
153.1 2
153.2 2
153.3 2
153.4 2
153.5 1
153.6 1
153.7 1
153.8 1
153.9 2
154 2
154.1 1
154.2 1
154.3 1
154.4 1
154.5 1
154.6 1
154.7 1
154.8 1
154.9 1
155 1
155.1 1
155.2 1
155.3 1
155.4 1
155.5 1
155.6 1
155.7 1
155.8 1
155.9 1
156 1
156.1 1
156.2 3
156.3 3
156.4 3
156.5 3
156.6 2
156.7 2
156.8 2
156.9 2
157 2
157.1 5
157.2 5
157.3 5
157.4 5
157.5 5
157.6 5
157.7 4
157.8 3
157.9 3
158 2
158.1 2
158.2 2
158.3 1
158.4 1
158.5 1
158.6 1
158.7 0
158.8 0
158.9 0
159 0
159.1 0
159.2 0
159.3 0
159.4 0
159.5 0
159.6 0
159.7 0
159.8 0
159.9 1
160 1
160.1 1
160.2 1
160.3 1
160.4 2
160.5 4
160.6 4
160.7 4
160.8 4
160.9 4
161 4
161.1 4
161.2 4
161.3 3
161.4 2
161.5 1
161.6 1
161.7 1
161.8 1
161.9 1
162 1
162.1 2
162.2 2
162.3 1
162.4 1
162.5 1
162.6 0
162.7 0
162.8 0
162.9 0
163 0
163.1 0
163.2 0
163.3 0
163.4 0
163.5 0
163.6 0
163.7 0
163.8 0
163.9 0
164 0
164.1 0
164.2 0
164.3 0
164.4 0
164.5 0
164.6 0
164.7 0
164.8 0
164.9 0
165 0
165.1 0
165.2 0
165.3 1
165.4 1
165.5 0
165.6 0
165.7 0
165.8 0
165.9 0
166 0
166.1 1
166.2 1
166.3 1
166.4 1
166.5 3
166.6 3
166.7 3
166.8 3
166.9 2
167 2
167.1 2
167.2 2
167.3 2
167.4 2
167.5 2
167.6 5
167.7 7
167.8 6
167.9 7
168 8
168.1 12
168.2 16
168.3 19
168.4 22
168.5 25
168.6 25
168.7 27
168.8 32
168.9 34
169 38
169.1 40
169.2 40
169.3 41
169.4 42
169.5 45
169.6 50
169.7 49
169.8 52
169.9 55
170 54
170.1 51
170.2 49
170.3 48
170.4 45
170.5 45
170.6 47
170.7 54
170.8 57
170.9 55
171 54
171.1 56
171.2 57
171.3 59
171.4 58
171.5 60
171.6 56
171.7 52
171.8 56
171.9 59
172 58
172.1 56
172.2 56
172.3 59
172.4 59
172.5 59
172.6 60
172.7 56
172.8 56
172.9 59
173 56
173.1 55
173.2 53
173.3 51
173.4 53
173.5 52
173.6 51
173.7 51
173.8 51
173.9 53
174 53
174.1 53
174.2 49
174.3 46
174.4 45
174.5 41
174.6 38
174.7 33
174.8 31
174.9 28
175 27
175.1 26
175.2 24
175.3 19
175.4 19
175.5 17
175.6 17
175.7 16
175.8 15
175.9 14
176 14
176.1 13
176.2 12
176.3 11
176.4 10
176.5 10
176.6 9
176.7 8
176.8 8
176.9 8
177 7
177.1 7
177.2 7
177.3 7
177.4 7
177.5 7
177.6 7
177.7 7
177.8 7
177.9 7
178 6
178.1 5
178.2 5
178.3 4
178.4 4
178.5 4
178.6 4
178.7 4
178.8 3
178.9 3
179 3
179.1 3
179.2 2
179.3 2
179.4 2
179.5 2
179.6 2
179.7 2
179.8 2
179.9 2
180 2
180.1 2
180.2 2
180.3 2
180.4 2
180.5 2
180.6 2
180.7 2
180.8 2
180.9 2
181 2
181.1 2
181.2 2
181.3 2
181.4 2
181.5 2
181.6 2
181.7 2
181.8 2
181.9 2
182 2
182.1 2
182.2 2
182.3 2
182.4 2
182.5 2
182.6 2
182.7 2
182.8 1
182.9 1
183 1
183.1 1
183.2 1
183.3 1
183.4 1
183.5 1
183.6 1
183.7 1
183.8 1
183.9 1
184 1
184.1 1
184.2 1
184.3 3
184.4 4
184.5 4
184.6 4
184.7 4
184.8 4
184.9 4
185 4
185.1 4
185.2 4
185.3 4
185.4 4
185.5 4
185.6 3
185.7 3
185.8 1
185.9 0
186 0
186.1 0
186.2 0
186.3 0
186.4 0
186.5 0
186.6 0
186.7 0
186.8 0
186.9 0
187 0
187.1 0
187.2 0
187.3 0
187.4 0
187.5 0
187.6 1
187.7 1
187.8 1
187.9 1
188 1
188.1 1
188.2 0
188.3 0
188.4 0
188.5 0
188.6 0
188.7 0
188.8 0
188.9 0
189 0
189.1 0
189.2 0
189.3 0
189.4 4
189.5 10
189.6 17
189.7 18
189.8 17
189.9 20
190 21
190.1 23
190.2 26
190.3 30
190.4 37
190.5 40
190.6 42
190.7 40
190.8 43
190.9 45
191 49
191.1 46
191.2 51
191.3 53
191.4 53
191.5 54
191.6 53
191.7 56
191.8 57
191.9 60
192 60
192.1 60
192.2 60
192.3 62
192.4 63
192.5 66
192.6 66
192.7 65
192.8 67
192.9 67
193 66
193.1 64
193.2 64
193.3 66
193.4 65
193.5 63
193.6 66
193.7 62
193.8 60
193.9 62
194 60
194.1 56
194.2 56
194.3 54
194.4 52
194.5 52
194.6 50
194.7 49
194.8 47
194.9 44
195 43
195.1 42
195.2 40
195.3 38
195.4 35
195.5 33
195.6 31
195.7 29
195.8 28
195.9 28
196 26
196.1 25
196.2 24
196.3 23
196.4 20
196.5 19
196.6 18
196.7 15
196.8 15
196.9 15
197 13
197.1 12
197.2 11
197.3 10
197.4 10
197.5 9
197.6 7
197.7 7
197.8 7
197.9 6
198 5
198.1 5
198.2 5
198.3 5
198.4 5
198.5 5
198.6 5
198.7 5
198.8 5
198.9 5
199 5
199.1 5
199.2 5
199.3 5
199.4 5
199.5 5
199.6 5
199.7 4
199.8 4
199.9 3
200 3
