0 0
0.1 0
0.2 0
0.3 1
0.4 2
0.5 1
0.6 2
0.7 3
0.8 2
0.9 0
1 2
1.1 2
1.2 0
1.3 3
1.4 1
1.5 1
1.6 5
1.7 2
1.8 2
1.9 0
2 1
2.1 0
2.2 2
2.3 1
2.4 2
2.5 0
2.6 4
2.7 6
2.8 3
2.9 2
3 3
3.1 2
3.2 6
3.3 5
3.4 1
3.5 4
3.6 2
3.7 2
3.8 2
3.9 4
4 6
4.1 5
4.2 2
4.3 5
4.4 6
4.5 6
4.6 7
4.7 6
4.8 6
4.9 10
5 4
5.1 6
5.2 9
5.3 5
5.4 12
5.5 7
5.6 13
5.7 12
5.8 9
5.9 11
6 13
6.1 24
6.2 12
6.3 29
6.4 26
6.5 25
6.6 35
6.7 32
6.8 27
6.9 45
7 47
7.1 61
7.2 110
7.3 182
7.4 200
7.5 232
7.6 359
7.7 495
7.8 644
7.9 756
8 869
8.1 992
8.2 1055
8.3 1104
8.4 1146
8.5 1209
8.6 1244
8.7 1255
8.8 1291
8.9 1324
9 1349
9.1 1360
9.2 1369
9.3 1390
9.4 1390
9.5 1397
9.6 1397
9.7 1390
9.8 1367
9.9 1359
10 1339
10.1 1320
10.2 1281
10.3 1265
10.4 1241
10.5 1243
10.6 1211
10.7 1206
10.8 1205
10.9 1169
11 1158
11.1 1128
11.2 1141
11.3 1141
11.4 1123
11.5 1097
11.6 1092
11.7 1072
11.8 1050
11.9 1040
12 1015
12.1 995
12.2 999
12.3 998
12.4 984
12.5 992
12.6 991
12.7 955
12.8 952
12.9 965
13 953
13.1 937
13.2 908
13.3 888
13.4 869
13.5 854
13.6 825
13.7 811
13.8 796
13.9 780
14 754
14.1 723
14.2 693
14.3 667
14.4 672
14.5 649
14.6 602
14.7 593
14.8 569
14.9 567
15 576
15.1 568
15.2 507
15.3 466
15.4 378
15.5 339
15.6 356
15.7 365
15.8 392
15.9 407
16 432
16.1 455
16.2 457
16.3 463
16.4 455
16.5 427
16.6 420
16.7 423
16.8 425
16.9 412
17 411
17.1 409
17.2 408
17.3 403
17.4 400
17.5 387
17.6 376
17.7 337
17.8 305
17.9 311
18 314
18.1 333
18.2 347
18.3 367
18.4 328
18.5 279
18.6 230
18.7 195
18.8 185
18.9 193
19 207
19.1 221
19.2 229
19.3 187
19.4 80
19.5 35
19.6 19
19.7 13
19.8 9
19.9 12
20 8
20.1 3
20.2 7
20.3 8
20.4 5
20.5 6
20.6 5
20.7 4
20.8 5
20.9 7
21 3
21.1 2
21.2 8
21.3 13
21.4 4
21.5 4
21.6 9
21.7 2
21.8 5
21.9 8
22 7
22.1 6
22.2 8
22.3 11
22.4 8
22.5 5
22.6 7
22.7 12
22.8 6
22.9 10
23 10
23.1 10
23.2 3
23.3 8
23.4 10
23.5 11
23.6 15
23.7 18
23.8 24
23.9 25
24 30
24.1 27
24.2 34
24.3 37
24.4 38
24.5 30
24.6 33
24.7 68
24.8 77
24.9 108
25 178
25.1 312
25.2 484
25.3 611
25.4 716
25.5 812
25.6 899
25.7 987
25.8 1056
25.9 1135
26 1201
26.1 1263
26.2 1317
26.3 1340
26.4 1360
26.5 1398
26.6 1433
26.7 1461
26.8 1490
26.9 1493
27 1518
27.1 1508
27.2 1492
27.3 1409
27.4 1304
27.5 1261
27.6 1230
27.7 1227
27.8 1209
27.9 1234
28 1256
28.1 1255
28.2 1252
28.3 1276
28.4 1281
28.5 1296
28.6 1298
28.7 1278
28.8 1266
28.9 1258
29 1260
29.1 1264
29.2 1261
29.3 1254
29.4 1256
29.5 1246
29.6 1239
29.7 1207
29.8 1189
29.9 1173
30 1157
30.1 1156
30.2 1135
30.3 1123
30.4 1107
30.5 1086
30.6 1073
30.7 1039
30.8 1014
30.9 989
31 960
31.1 957
31.2 937
31.3 904
31.4 870
31.5 866
31.6 856
31.7 845
31.8 834
31.9 818
32 778
32.1 762
32.2 746
32.3 740
32.4 740
32.5 744
32.6 732
32.7 721
32.8 714
32.9 690
33 668
33.1 653
33.2 650
33.3 640
33.4 635
33.5 620
33.6 616
33.7 590
33.8 559
33.9 550
34 512
34.1 476
34.2 483
34.3 506
34.4 504
34.5 507
34.6 503
34.7 507
34.8 519
34.9 524
35 524
35.1 523
35.2 516
35.3 511
35.4 496
35.5 482
35.6 454
35.7 445
35.8 447
35.9 435
36 415
36.1 402
36.2 395
36.3 387
36.4 388
36.5 380
36.6 358
36.7 337
36.8 334
36.9 331
37 329
37.1 327
37.2 314
37.3 307
37.4 270
37.5 231
37.6 218
37.7 214
37.8 204
37.9 207
38 155
38.1 141
38.2 137
38.3 146
38.4 146
38.5 151
38.6 174
38.7 206
38.8 230
38.9 232
39 239
39.1 248
39.2 257
39.3 240
39.4 242
39.5 239
39.6 235
39.7 246
39.8 238
39.9 223
40 215
40.1 205
40.2 187
40.3 152
40.4 118
40.5 104
40.6 117
40.7 124
40.8 134
40.9 137
41 147
41.1 166
41.2 182
41.3 181
41.4 177
41.5 189
41.6 192
41.7 179
41.8 152
41.9 164
42 148
42.1 148
42.2 158
42.3 173
42.4 182
42.5 177
42.6 166
42.7 156
42.8 156
42.9 172
43 171
43.1 168
43.2 161
43.3 152
43.4 149
43.5 154
43.6 158
43.7 153
43.8 143
43.9 134
44 125
44.1 127
44.2 128
44.3 125
44.4 125
44.5 131
44.6 147
44.7 143
44.8 135
44.9 127
45 126
45.1 118
45.2 112
45.3 102
45.4 83
45.5 81
45.6 92
45.7 85
45.8 90
45.9 77
46 35
46.1 9
46.2 11
46.3 8
46.4 5
46.5 4
46.6 3
46.7 5
46.8 2
46.9 5
47 2
47.1 1
47.2 2
47.3 1
47.4 2
47.5 3
47.6 2
47.7 1
47.8 3
47.9 6
48 3
48.1 2
48.2 2
48.3 4
48.4 5
48.5 6
48.6 4
48.7 4
48.8 3
48.9 5
49 8
49.1 6
49.2 7
49.3 9
49.4 3
49.5 5
49.6 8
49.7 7
49.8 9
49.9 7
50 8
50.1 11
50.2 7
50.3 14
50.4 12
50.5 13
50.6 13
50.7 12
50.8 16
50.9 20
51 18
51.1 17
51.2 24
51.3 17
51.4 24
51.5 31
51.6 33
51.7 43
51.8 51
51.9 69
52 74
52.1 111
52.2 136
52.3 160
52.4 168
52.5 248
52.6 386
52.7 532
52.8 639
52.9 767
53 860
53.1 906
53.2 987
53.3 1061
53.4 1137
53.5 1185
53.6 1218
53.7 1239
53.8 1246
53.9 1248
54 1268
54.1 1274
54.2 1281
54.3 1284
54.4 1284
54.5 1302
54.6 1295
54.7 1291
54.8 1290
54.9 1247
55 1244
55.1 1221
55.2 1210
55.3 1201
55.4 1200
55.5 1200
55.6 1193
55.7 1174
55.8 1157
55.9 1137
56 1107
56.1 1068
56.2 1038
56.3 1018
56.4 1004
56.5 1001
56.6 990
56.7 994
56.8 982
56.9 998
57 994
57.1 976
57.2 952
57.3 936
57.4 942
57.5 950
57.6 934
57.7 921
57.8 909
57.9 912
58 884
58.1 867
58.2 838
58.3 821
58.4 811
58.5 795
58.6 782
58.7 749
58.8 739
58.9 729
59 701
59.1 671
59.2 654
59.3 643
59.4 637
59.5 601
59.6 533
59.7 475
59.8 471
59.9 476
60 491
60.1 498
60.2 489
60.3 489
60.4 487
60.5 496
60.6 500
60.7 499
60.8 504
60.9 499
61 492
61.1 484
61.2 462
61.3 456
61.4 460
61.5 451
61.6 421
61.7 411
61.8 389
61.9 375
62 374
62.1 364
62.2 359
62.3 373
62.4 364
62.5 365
62.6 376
62.7 373
62.8 304
62.9 305
63 227
63.1 175
63.2 151
63.3 144
63.4 168
63.5 186
63.6 219
63.7 234
63.8 243
63.9 256
64 252
64.1 260
64.2 275
64.3 276
64.4 279
64.5 235
64.6 117
64.7 49
64.8 19
64.9 14
65 14
65.1 10
65.2 6
65.3 8
65.4 6
65.5 7
65.6 8
65.7 6
65.8 6
65.9 4
66 4
66.1 5
66.2 4
66.3 1
66.4 3
66.5 3
66.6 1
66.7 4
66.8 1
66.9 1
67 1
67.1 5
67.2 7
67.3 8
67.4 6
67.5 7
67.6 3
67.7 7
67.8 5
67.9 7
68 7
68.1 3
68.2 9
68.3 6
68.4 8
68.5 10
68.6 7
68.7 14
68.8 4
68.9 11
69 18
69.1 18
69.2 15
69.3 19
69.4 23
69.5 25
69.6 21
69.7 31
69.8 26
69.9 25
70 38
70.1 61
70.2 46
70.3 61
70.4 44
70.5 48
70.6 44
70.7 64
70.8 60
70.9 81
71 103
71.1 104
71.2 115
71.3 173
71.4 289
71.5 387
71.6 511
71.7 603
71.8 696
71.9 756
72 804
72.1 864
72.2 906
72.3 946
72.4 986
72.5 1007
72.6 1026
72.7 1033
72.8 1035
72.9 1033
73 1058
73.1 1060
73.2 1072
73.3 1058
73.4 1044
73.5 1027
73.6 1024
73.7 1022
73.8 1018
73.9 1012
74 1010
74.1 999
74.2 986
74.3 999
74.4 979
74.5 964
74.6 958
74.7 937
74.8 932
74.9 920
75 918
75.1 909
75.2 910
75.3 902
75.4 882
75.5 857
75.6 851
75.7 830
75.8 818
75.9 809
76 808
76.1 774
76.2 730
76.3 679
76.4 662
76.5 638
76.6 643
76.7 641
76.8 647
76.9 663
77 652
77.1 635
77.2 633
77.3 627
77.4 624
77.5 602
77.6 579
77.7 564
77.8 552
77.9 554
78 543
78.1 529
78.2 519
78.3 519
78.4 513
78.5 491
78.6 483
78.7 483
78.8 487
78.9 492
79 484
79.1 452
79.2 428
79.3 409
79.4 401
79.5 395
79.6 387
79.7 390
79.8 374
79.9 377
80 375
80.1 357
80.2 349
80.3 333
80.4 320
80.5 300
80.6 284
80.7 270
80.8 282
80.9 283
81 274
81.1 279
81.2 273
81.3 268
81.4 253
81.5 261
81.6 236
81.7 234
81.8 241
81.9 247
82 237
82.1 215
82.2 201
82.3 192
82.4 203
82.5 203
82.6 209
82.7 218
82.8 207
82.9 225
83 222
83.1 220
83.2 223
83.3 214
83.4 201
83.5 201
83.6 204
83.7 196
83.8 195
83.9 191
84 203
84.1 201
84.2 191
84.3 182
84.4 169
84.5 153
84.6 138
84.7 112
84.8 70
84.9 41
85 35
85.1 33
85.2 27
85.3 18
85.4 10
85.5 14
85.6 9
85.7 6
85.8 7
85.9 8
86 1
86.1 5
86.2 10
86.3 4
86.4 4
86.5 1
86.6 2
86.7 2
86.8 1
86.9 2
87 7
87.1 3
87.2 6
87.3 4
87.4 1
87.5 2
87.6 6
87.7 4
87.8 4
87.9 4
88 3
88.1 3
88.2 3
88.3 3
88.4 7
88.5 4
88.6 3
88.7 9
88.8 8
88.9 5
89 6
89.1 7
89.2 3
89.3 11
89.4 6
89.5 6
89.6 6
89.7 9
89.8 8
89.9 17
90 10
90.1 17
90.2 15
90.3 17
90.4 18
90.5 14
90.6 13
90.7 9
90.8 10
90.9 16
91 11
91.1 22
91.2 19
91.3 22
91.4 24
91.5 34
91.6 37
91.7 72
91.8 100
91.9 101
92 125
92.1 103
92.2 120
92.3 124
92.4 185
92.5 288
92.6 391
92.7 490
92.8 605
92.9 707
93 752
93.1 839
93.2 895
93.3 947
93.4 997
93.5 1067
93.6 1150
93.7 1183
93.8 1209
93.9 1227
94 1204
94.1 1192
94.2 1197
94.3 1203
94.4 1185
94.5 1175
94.6 1191
94.7 1195
94.8 1200
94.9 1200
95 1193
95.1 1203
95.2 1193
95.3 1204
95.4 1203
95.5 1188
95.6 1188
95.7 1165
95.8 1153
95.9 1156
96 1138
96.1 1125
96.2 1104
96.3 1097
96.4 1077
96.5 1051
96.6 1024
96.7 1021
96.8 1003
96.9 994
97 985
97.1 966
97.2 947
97.3 931
97.4 910
97.5 884
97.6 862
97.7 874
97.8 862
97.9 825
98 794
98.1 787
98.2 788
98.3 786
98.4 792
98.5 789
98.6 772
98.7 763
98.8 743
98.9 722
99 689
99.1 673
99.2 665
99.3 677
99.4 675
99.5 677
99.6 675
99.7 666
99.8 644
99.9 614
100 615
100.1 620
100.2 607
100.3 586
100.4 566
100.5 561
100.6 565
100.7 565
100.8 562
100.9 545
101 481
101.1 443
101.2 418
101.3 403
101.4 408
101.5 406
101.6 415
101.7 399
101.8 380
101.9 380
102 381
102.1 372
102.2 366
102.3 379
102.4 373
102.5 376
102.6 334
102.7 328
102.8 306
102.9 304
103 270
103.1 242
103.2 252
103.3 259
103.4 267
103.5 267
103.6 266
103.7 271
103.8 267
103.9 176
104 110
104.1 91
104.2 99
104.3 116
104.4 127
104.5 145
104.6 156
104.7 132
104.8 100
104.9 93
105 86
105.1 101
105.2 104
105.3 116
105.4 126
105.5 148
105.6 163
105.7 167
105.8 170
105.9 173
106 165
106.1 158
106.2 156
106.3 163
106.4 183
106.5 217
106.6 229
106.7 208
106.8 190
106.9 173
107 187
107.1 194
107.2 195
107.3 190
107.4 210
107.5 220
107.6 223
107.7 224
107.8 223
107.9 223
108 240
108.1 234
108.2 240
108.3 256
108.4 267
108.5 255
108.6 234
108.7 234
108.8 229
108.9 230
109 237
109.1 237
109.2 229
109.3 217
109.4 216
109.5 216
109.6 205
109.7 202
109.8 198
109.9 197
110 211
110.1 224
110.2 237
110.3 240
110.4 241
110.5 251
110.6 248
110.7 247
110.8 239
110.9 249
111 231
111.1 240
111.2 242
111.3 228
111.4 223
111.5 229
111.6 213
111.7 196
111.8 185
111.9 191
112 190
112.1 192
112.2 192
112.3 172
112.4 156
112.5 141
112.6 109
112.7 59
112.8 33
112.9 8
113 7
113.1 3
113.2 4
113.3 4
113.4 1
113.5 5
113.6 4
113.7 1
113.8 2
113.9 1
114 4
114.1 2
114.2 2
114.3 4
114.4 1
114.5 3
114.6 3
114.7 3
114.8 2
114.9 2
115 8
115.1 2
115.2 10
115.3 4
115.4 4
115.5 6
115.6 4
115.7 3
115.8 4
115.9 2
116 4
116.1 2
116.2 9
116.3 6
116.4 5
116.5 3
116.6 4
116.7 4
116.8 6
116.9 5
117 9
117.1 10
117.2 9
117.3 5
117.4 7
117.5 14
117.6 10
117.7 10
117.8 13
117.9 9
118 15
118.1 16
118.2 19
118.3 21
118.4 14
118.5 19
118.6 19
118.7 16
118.8 23
118.9 27
119 50
119.1 49
119.2 84
119.3 59
119.4 65
119.5 80
119.6 141
119.7 236
119.8 345
119.9 432
120 517
120.1 573
120.2 510
120.3 500
120.4 548
120.5 622
120.6 714
120.7 801
120.8 861
120.9 876
121 852
121.1 895
121.2 955
121.3 1013
121.4 1038
121.5 1059
121.6 1068
121.7 1092
121.8 1096
121.9 1138
122 1152
122.1 1143
122.2 1142
122.3 1153
122.4 1053
122.5 1008
122.6 996
122.7 987
122.8 1000
122.9 1017
123 1023
123.1 1028
123.2 1035
123.3 1038
123.4 1049
123.5 1009
123.6 1005
123.7 1001
123.8 1001
123.9 1006
124 999
124.1 978
124.2 943
124.3 869
124.4 807
124.5 778
124.6 800
124.7 812
124.8 803
124.9 809
125 827
125.1 833
125.2 842
125.3 836
125.4 832
125.5 837
125.6 833
125.7 814
125.8 790
125.9 790
126 780
126.1 759
126.2 750
126.3 746
126.4 744
126.5 730
126.6 724
126.7 680
126.8 640
126.9 617
127 599
127.1 585
127.2 598
127.3 604
127.4 584
127.5 566
127.6 545
127.7 530
127.8 523
127.9 517
128 507
128.1 501
128.2 485
128.3 462
128.4 448
128.5 449
128.6 453
128.7 444
128.8 437
128.9 442
129 420
129.1 406
129.2 390
129.3 377
129.4 346
129.5 320
129.6 305
129.7 305
129.8 282
129.9 274
130 266
130.1 273
130.2 270
130.3 285
130.4 288
130.5 278
130.6 277
130.7 274
130.8 280
130.9 268
131 273
131.1 279
131.2 283
131.3 272
131.4 283
131.5 301
131.6 300
131.7 312
131.8 301
131.9 309
132 317
132.1 317
132.2 310
132.3 318
132.4 311
132.5 309
132.6 310
132.7 308
132.8 299
132.9 291
133 290
133.1 265
133.2 258
133.3 257
133.4 253
133.5 244
133.6 261
133.7 274
133.8 280
133.9 252
134 226
134.1 221
134.2 210
134.3 186
134.4 165
134.5 155
134.6 164
134.7 166
134.8 159
134.9 154
135 149
135.1 165
135.2 173
135.3 184
135.4 178
135.5 161
135.6 123
135.7 107
135.8 79
135.9 77
136 82
136.1 93
136.2 121
136.3 121
136.4 123
136.5 106
136.6 109
136.7 124
136.8 130
136.9 128
137 118
137.1 113
137.2 102
137.3 92
137.4 109
137.5 105
137.6 112
137.7 114
137.8 96
137.9 92
138 87
138.1 89
138.2 100
138.3 85
138.4 45
138.5 38
138.6 47
138.7 52
138.8 29
138.9 24
139 15
139.1 11
139.2 12
139.3 9
139.4 7
139.5 6
139.6 7
139.7 4
139.8 3
139.9 1
140 4
140.1 7
140.2 8
140.3 10
140.4 3
140.5 5
140.6 6
140.7 7
140.8 3
140.9 7
141 6
141.1 4
141.2 7
141.3 4
141.4 4
141.5 4
141.6 4
141.7 2
141.8 5
141.9 4
142 3
142.1 5
142.2 4
142.3 6
142.4 4
142.5 6
142.6 5
142.7 10
142.8 8
142.9 5
143 7
143.1 11
143.2 9
143.3 14
143.4 12
143.5 11
143.6 11
143.7 10
143.8 21
143.9 19
144 17
144.1 22
144.2 17
144.3 16
144.4 23
144.5 23
144.6 22
144.7 32
144.8 28
144.9 28
145 26
145.1 47
145.2 48
145.3 70
145.4 115
145.5 172
145.6 204
145.7 237
145.8 322
145.9 360
146 445
146.1 566
146.2 660
146.3 762
146.4 850
146.5 930
146.6 1014
146.7 1075
146.8 1148
146.9 1190
147 1193
147.1 1179
147.2 1193
147.3 1232
147.4 1268
147.5 1288
147.6 1328
147.7 1350
147.8 1369
147.9 1372
148 1376
148.1 1351
148.2 1326
148.3 1311
148.4 1320
148.5 1307
148.6 1324
148.7 1319
148.8 1318
148.9 1326
149 1311
149.1 1311
149.2 1315
149.3 1278
149.4 1238
149.5 1225
149.6 1195
149.7 1193
149.8 1187
149.9 1183
150 1185
150.1 1167
150.2 1150
150.3 1141
150.4 1126
150.5 1133
150.6 1127
150.7 1113
150.8 1120
150.9 1103
151 1086
151.1 1042
151.2 1028
151.3 994
151.4 968
151.5 936
151.6 924
151.7 911
151.8 886
151.9 859
152 846
152.1 834
152.2 800
152.3 765
152.4 739
152.5 754
152.6 752
152.7 732
152.8 711
152.9 712
153 701
153.1 679
153.2 656
153.3 652
153.4 653
153.5 645
153.6 639
153.7 635
153.8 616
153.9 604
154 553
154.1 517
154.2 496
154.3 497
154.4 520
154.5 524
154.6 527
154.7 515
154.8 505
154.9 503
155 460
155.1 382
155.2 337
155.3 332
155.4 333
155.5 339
155.6 352
155.7 267
155.8 180
155.9 135
156 144
156.1 137
156.2 142
156.3 148
156.4 147
156.5 181
156.6 208
156.7 232
156.8 255
156.9 275
157 272
157.1 263
157.2 269
157.3 285
157.4 304
157.5 298
157.6 313
157.7 320
157.8 335
157.9 342
158 355
158.1 354
158.2 358
158.3 341
158.4 329
158.5 322
158.6 317
158.7 307
158.8 297
158.9 286
159 277
159.1 281
159.2 282
159.3 295
159.4 288
159.5 282
159.6 293
159.7 295
159.8 277
159.9 255
160 239
160.1 247
160.2 247
160.3 241
160.4 238
160.5 241
160.6 236
160.7 223
160.8 208
160.9 205
161 198
161.1 201
161.2 207
161.3 199
161.4 196
161.5 194
161.6 188
161.7 207
161.8 221
161.9 204
162 187
162.1 172
162.2 170
162.3 161
162.4 145
162.5 163
162.6 147
162.7 131
162.8 119
162.9 108
163 99
163.1 112
163.2 111
163.3 121
163.4 109
163.5 110
163.6 127
163.7 131
163.8 136
163.9 153
164 145
164.1 148
164.2 160
164.3 165
164.4 163
164.5 165
164.6 166
164.7 152
164.8 140
164.9 134
165 130
165.1 132
165.2 108
165.3 98
165.4 86
165.5 78
165.6 66
165.7 81
165.8 80
165.9 85
166 86
166.1 78
166.2 87
166.3 91
166.4 97
166.5 113
166.6 124
166.7 133
166.8 131
166.9 116
167 114
167.1 106
167.2 83
167.3 69
167.4 28
167.5 29
167.6 23
167.7 9
167.8 12
167.9 13
168 7
168.1 8
168.2 10
168.3 5
168.4 9
168.5 7
168.6 6
168.7 8
168.8 9
168.9 6
169 5
169.1 5
169.2 8
169.3 5
169.4 10
169.5 5
169.6 3
169.7 1
169.8 12
169.9 5
170 7
170.1 9
170.2 4
170.3 3
170.4 6
170.5 2
170.6 4
170.7 6
170.8 7
170.9 9
171 7
171.1 6
171.2 5
171.3 6
171.4 9
171.5 5
171.6 14
171.7 9
171.8 6
171.9 8
172 10
172.1 9
172.2 14
172.3 14
172.4 16
172.5 11
172.6 8
172.7 22
172.8 19
172.9 14
173 23
173.1 20
173.2 25
173.3 29
173.4 28
173.5 20
173.6 28
173.7 48
173.8 48
173.9 78
174 187
174.1 292
174.2 408
174.3 514
174.4 608
174.5 710
174.6 777
174.7 833
174.8 870
174.9 923
175 969
175.1 1013
175.2 1048
175.3 1082
175.4 1093
175.5 1122
175.6 1151
175.7 1152
175.8 1164
175.9 1177
176 1169
176.1 1175
176.2 1179
176.3 1187
176.4 1203
176.5 1214
176.6 1215
176.7 1208
176.8 1196
176.9 1186
177 1146
177.1 1122
177.2 1109
177.3 1108
177.4 1101
177.5 1089
177.6 1072
177.7 1071
177.8 1054
177.9 1027
178 1005
178.1 979
178.2 957
178.3 964
178.4 942
178.5 918
178.6 921
178.7 897
178.8 881
178.9 845
179 820
179.1 798
179.2 797
179.3 795
179.4 805
179.5 798
179.6 791
179.7 770
179.8 753
179.9 731
180 709
180.1 686
180.2 669
180.3 635
180.4 601
180.5 585
180.6 585
180.7 601
180.8 571
180.9 555
181 550
181.1 551
181.2 540
181.3 553
181.4 538
181.5 534
181.6 535
181.7 513
181.8 451
181.9 396
182 383
182.1 381
182.2 348
182.3 313
182.4 314
182.5 300
182.6 257
182.7 171
182.8 159
182.9 139
183 113
183.1 141
183.2 157
183.3 191
183.4 205
183.5 230
183.6 242
183.7 278
183.8 300
183.9 305
184 298
184.1 308
184.2 264
184.3 243
184.4 237
184.5 244
184.6 252
184.7 262
184.8 283
184.9 290
185 289
185.1 280
185.2 270
185.3 269
185.4 272
185.5 275
185.6 293
185.7 317
185.8 319
185.9 311
186 310
186.1 317
186.2 316
186.3 325
186.4 334
186.5 328
186.6 321
186.7 314
186.8 303
186.9 276
187 251
187.1 218
187.2 196
187.3 185
187.4 185
187.5 192
187.6 161
187.7 146
187.8 127
187.9 129
188 129
188.1 145
188.2 157
188.3 160
188.4 130
188.5 109
188.6 103
188.7 79
188.8 73
188.9 68
189 78
189.1 37
189.2 22
189.3 9
189.4 9
189.5 9
189.6 5
189.7 5
189.8 1
189.9 7
190 2
190.1 4
190.2 3
190.3 8
190.4 4
190.5 5
190.6 2
190.7 1
190.8 3
190.9 6
191 4
191.1 6
191.2 2
191.3 2
191.4 3
191.5 1
191.6 6
191.7 6
191.8 11
191.9 5
192 7
192.1 7
192.2 7
192.3 5
192.4 13
192.5 12
192.6 10
192.7 9
192.8 8
192.9 14
193 10
193.1 17
193.2 18
193.3 11
193.4 7
193.5 17
193.6 20
193.7 17
193.8 14
193.9 25
194 29
194.1 36
194.2 28
194.3 50
194.4 56
194.5 86
194.6 116
194.7 155
194.8 258
194.9 385
195 519
195.1 601
195.2 691
195.3 790
195.4 863
195.5 924
195.6 1008
195.7 1063
195.8 1121
195.9 1182
196 1194
196.1 1213
196.2 1242
196.3 1252
196.4 1273
196.5 1281
196.6 1297
196.7 1289
196.8 1271
196.9 1264
197 1244
197.1 1242
197.2 1232
197.3 1217
197.4 1167
197.5 1124
197.6 1114
197.7 1112
197.8 1116
197.9 1120
198 1124
198.1 1120
198.2 1127
198.3 1123
198.4 1089
198.5 1062
198.6 1049
198.7 1045
198.8 1015
198.9 984
199 950
199.1 924
199.2 896
199.3 828
199.4 686
199.5 620
199.6 624
199.7 628
199.8 630
199.9 622
200 603
