0 0
0.1 17
0.2 50
0.3 98
0.4 136
0.5 180
0.6 288
0.7 396
0.8 559
0.9 674
1 790
1.1 944
1.2 1058
1.3 1128
1.4 1195
1.5 1262
1.6 1351
1.7 1400
1.8 1438
1.9 1490
2 1505
2.1 1525
2.2 1514
2.3 1539
2.4 1493
2.5 1522
2.6 1539
2.7 1533
2.8 1529
2.9 1524
3 1491
3.1 1423
3.2 1393
3.3 1345
3.4 1328
3.5 1414
3.6 1377
3.7 1419
3.8 1442
3.9 1386
4 1330
4.1 1247
4.2 1198
4.3 1184
4.4 1203
4.5 1217
4.6 1156
4.7 1084
4.8 1053
4.9 1015
5 976
5.1 925
5.2 862
5.3 800
5.4 732
5.5 660
5.6 613
5.7 587
5.8 489
5.9 367
6 310
6.1 272
6.2 242
6.3 179
6.4 96
6.5 38
6.6 16
6.7 4
6.8 3
6.9 1
7 2
7.1 3
7.2 0
7.3 2
7.4 0
7.5 1
7.6 2
7.7 1
7.8 3
7.9 2
8 1
8.1 3
8.2 0
8.3 0
8.4 1
8.5 0
8.6 2
8.7 0
8.8 2
8.9 0
9 0
9.1 1
9.2 2
9.3 4
9.4 3
9.5 1
9.6 1
9.7 4
9.8 2
9.9 2
10 3
10.1 3
10.2 1
10.3 0
10.4 0
10.5 2
10.6 2
10.7 2
10.8 2
10.9 4
11 6
11.1 1
11.2 2
11.3 1
11.4 2
11.5 0
11.6 2
11.7 2
11.8 7
11.9 2
12 2
12.1 3
12.2 1
12.3 3
12.4 2
12.5 4
12.6 5
12.7 1
12.8 5
12.9 1
13 0
13.1 7
13.2 7
13.3 2
13.4 3
13.5 4
13.6 3
13.7 7
13.8 4
13.9 5
14 3
14.1 3
14.2 2
14.3 5
14.4 16
14.5 19
14.6 17
14.7 6
14.8 4
14.9 0
15 1
15.1 5
15.2 2
15.3 5
15.4 4
15.5 3
15.6 3
15.7 3
15.8 5
15.9 3
16 5
16.1 2
16.2 5
16.3 4
16.4 2
16.5 6
16.6 3
16.7 6
16.8 3
16.9 3
17 5
17.1 1
17.2 7
17.3 4
17.4 5
17.5 2
17.6 5
17.7 2
17.8 5
17.9 7
18 8
18.1 7
18.2 5
18.3 6
18.4 10
18.5 8
18.6 6
18.7 7
18.8 10
18.9 9
19 6
19.1 10
19.2 12
19.3 3
19.4 6
19.5 8
19.6 5
19.7 7
19.8 7
19.9 10
20 3
20.1 8
20.2 8
20.3 10
20.4 11
20.5 27
20.6 29
20.7 34
20.8 55
20.9 68
21 99
21.1 140
21.2 151
21.3 226
21.4 293
21.5 373
21.6 452
21.7 584
21.8 719
21.9 855
22 921
22.1 1029
22.2 1124
22.3 1167
22.4 1202
22.5 1222
22.6 1213
22.7 1239
22.8 1294
22.9 1259
23 1257
23.1 1233
23.2 1245
23.3 1239
23.4 1280
23.5 1278
23.6 1238
23.7 1250
23.8 1263
23.9 1248
24 1180
24.1 1150
24.2 1109
24.3 1060
24.4 1047
24.5 1037
24.6 957
24.7 862
24.8 851
24.9 825
25 819
25.1 807
25.2 795
25.3 758
25.4 693
25.5 704
25.6 706
25.7 662
25.8 598
25.9 554
26 487
26.1 462
26.2 363
26.3 233
26.4 137
26.5 111
26.6 95
26.7 64
26.8 46
26.9 22
27 3
27.1 2
27.2 4
27.3 5
27.4 2
27.5 1
27.6 1
27.7 3
27.8 0
27.9 4
28 4
28.1 1
28.2 0
28.3 2
28.4 2
28.5 0
28.6 2
28.7 0
28.8 0
28.9 0
29 0
29.1 1
29.2 1
29.3 1
29.4 1
29.5 1
29.6 1
29.7 0
29.8 0
29.9 2
30 3
30.1 0
30.2 1
30.3 0
30.4 2
30.5 2
30.6 2
30.7 2
30.8 1
30.9 2
31 3
31.1 2
31.2 1
31.3 3
31.4 1
31.5 0
31.6 0
31.7 0
31.8 1
31.9 1
32 3
32.1 1
32.2 2
32.3 6
32.4 1
32.5 0
32.6 1
32.7 1
32.8 4
32.9 0
33 2
33.1 2
33.2 2
33.3 1
33.4 0
33.5 3
33.6 4
33.7 2
33.8 5
33.9 6
34 9
34.1 5
34.2 1
34.3 2
34.4 3
34.5 5
34.6 7
34.7 6
34.8 6
34.9 8
35 6
35.1 3
35.2 12
35.3 2
35.4 9
35.5 4
35.6 4
35.7 2
35.8 4
35.9 5
36 6
36.1 5
36.2 7
36.3 2
36.4 2
36.5 7
36.6 23
36.7 6
36.8 5
36.9 17
37 23
37.1 10
37.2 21
37.3 19
37.4 41
37.5 38
37.6 25
37.7 16
37.8 5
37.9 5
38 22
38.1 14
38.2 29
38.3 16
38.4 15
38.5 9
38.6 7
38.7 17
38.8 16
38.9 9
39 34
39.1 92
39.2 119
39.3 132
39.4 173
39.5 190
39.6 284
39.7 370
39.8 411
39.9 491
40 542
40.1 581
40.2 668
40.3 752
40.4 744
40.5 751
40.6 811
40.7 878
40.8 941
40.9 929
41 980
41.1 1062
41.2 1084
41.3 1098
41.4 1064
41.5 1106
41.6 1121
41.7 1117
41.8 1144
41.9 1120
42 1089
42.1 1029
42.2 1003
42.3 946
42.4 933
42.5 919
42.6 877
42.7 840
42.8 810
42.9 710
43 692
43.1 629
43.2 533
43.3 572
43.4 568
43.5 598
43.6 587
43.7 590
43.8 599
43.9 531
44 461
44.1 417
44.2 349
44.3 241
44.4 155
44.5 71
44.6 12
44.7 4
44.8 0
44.9 7
45 3
45.1 1
45.2 2
45.3 0
45.4 2
45.5 3
45.6 2
45.7 0
45.8 2
45.9 12
46 5
46.1 4
46.2 8
46.3 4
46.4 1
46.5 1
46.6 1
46.7 0
46.8 0
46.9 0
47 0
47.1 0
47.2 0
47.3 0
47.4 1
47.5 0
47.6 0
47.7 2
47.8 1
47.9 1
48 1
48.1 0
48.2 3
48.3 1
48.4 2
48.5 0
48.6 0
48.7 1
48.8 3
48.9 1
49 4
49.1 1
49.2 1
49.3 2
49.4 1
49.5 2
49.6 4
49.7 2
49.8 4
49.9 3
50 2
50.1 10
50.2 8
50.3 0
50.4 4
50.5 2
50.6 3
50.7 2
50.8 6
50.9 2
51 0
51.1 5
51.2 4
51.3 2
51.4 3
51.5 1
51.6 2
51.7 5
51.8 3
51.9 2
52 3
52.1 2
52.2 4
52.3 2
52.4 4
52.5 4
52.6 3
52.7 3
52.8 4
52.9 1
53 3
53.1 2
53.2 2
53.3 1
53.4 2
53.5 1
53.6 1
53.7 2
53.8 4
53.9 1
54 1
54.1 0
54.2 2
54.3 6
54.4 3
54.5 1
54.6 1
54.7 2
54.8 0
54.9 1
55 6
55.1 5
55.2 5
55.3 4
55.4 3
55.5 0
55.6 0
55.7 4
55.8 3
55.9 5
56 3
56.1 3
56.2 4
56.3 8
56.4 13
56.5 15
56.6 9
56.7 14
56.8 33
56.9 25
57 16
57.1 32
57.2 87
57.3 168
57.4 257
57.5 340
57.6 426
57.7 469
57.8 508
57.9 562
58 567
58.1 586
58.2 628
58.3 697
58.4 758
58.5 760
58.6 728
58.7 767
58.8 821
58.9 879
59 963
59.1 971
59.2 969
59.3 983
59.4 961
59.5 924
59.6 839
59.7 838
59.8 830
59.9 797
60 805
60.1 806
60.2 829
60.3 891
60.4 914
60.5 923
60.6 942
60.7 916
60.8 927
60.9 930
61 985
61.1 1015
61.2 931
61.3 879
61.4 893
61.5 864
61.6 883
61.7 864
61.8 840
61.9 789
62 698
62.1 688
62.2 691
62.3 695
62.4 721
62.5 673
62.6 658
62.7 749
62.8 761
62.9 683
63 646
63.1 601
63.2 531
63.3 487
63.4 517
63.5 447
63.6 429
63.7 405
63.8 381
63.9 357
64 292
64.1 217
64.2 251
64.3 171
64.4 118
64.5 59
64.6 10
64.7 1
64.8 0
64.9 4
65 1
65.1 3
65.2 2
65.3 2
65.4 4
65.5 1
65.6 1
65.7 0
65.8 1
65.9 2
66 1
66.1 3
66.2 1
66.3 0
66.4 0
66.5 2
66.6 2
66.7 3
66.8 1
66.9 1
67 0
67.1 0
67.2 3
67.3 1
67.4 2
67.5 3
67.6 1
67.7 1
67.8 2
67.9 1
68 2
68.1 1
68.2 1
68.3 1
68.4 1
68.5 3
68.6 3
68.7 0
68.8 1
68.9 1
69 0
69.1 2
69.2 0
69.3 0
69.4 0
69.5 0
69.6 0
69.7 0
69.8 0
69.9 1
70 0
70.1 0
70.2 1
70.3 1
70.4 3
70.5 4
70.6 1
70.7 3
70.8 1
70.9 3
71 1
71.1 3
71.2 3
71.3 7
71.4 2
71.5 1
71.6 5
71.7 1
71.8 5
71.9 3
72 8
72.1 3
72.2 23
72.3 14
72.4 2
72.5 3
72.6 1
72.7 2
72.8 2
72.9 0
73 2
73.1 2
73.2 0
73.3 2
73.4 8
73.5 2
73.6 6
73.7 4
73.8 1
73.9 3
74 4
74.1 1
74.2 0
74.3 0
74.4 2
74.5 0
74.6 0
74.7 1
74.8 2
74.9 6
75 5
75.1 2
75.2 0
75.3 2
75.4 2
75.5 1
75.6 3
75.7 5
75.8 4
75.9 10
76 7
76.1 3
76.2 7
76.3 1
76.4 9
76.5 5
76.6 3
76.7 3
76.8 6
76.9 3
77 3
77.1 1
77.2 1
77.3 2
77.4 2
77.5 10
77.6 9
77.7 4
77.8 9
77.9 11
78 8
78.1 10
78.2 8
78.3 6
78.4 8
78.5 4
78.6 10
78.7 7
78.8 9
78.9 11
79 7
79.1 10
79.2 3
79.3 5
79.4 3
79.5 3
79.6 17
79.7 12
79.8 21
79.9 16
80 15
80.1 25
80.2 23
80.3 72
80.4 98
80.5 126
80.6 114
80.7 160
80.8 189
80.9 198
81 178
81.1 201
81.2 207
81.3 212
81.4 248
81.5 351
81.6 440
81.7 523
81.8 584
81.9 663
82 757
82.1 792
82.2 871
82.3 928
82.4 929
82.5 923
82.6 891
82.7 837
82.8 828
82.9 840
83 877
83.1 841
83.2 889
83.3 965
83.4 1022
83.5 1079
83.6 1146
83.7 1208
83.8 1278
83.9 1266
84 1245
84.1 1275
84.2 1247
84.3 1287
84.4 1301
84.5 1308
84.6 1227
84.7 1166
84.8 1080
84.9 1067
85 1075
85.1 1073
85.2 1089
85.3 1036
85.4 986
85.5 984
85.6 940
85.7 901
85.8 872
85.9 790
86 707
86.1 680
86.2 664
86.3 675
86.4 685
86.5 715
86.6 723
86.7 684
86.8 659
86.9 703
87 658
87.1 602
87.2 527
87.3 491
87.4 428
87.5 324
87.6 271
87.7 218
87.8 192
87.9 126
88 69
88.1 30
88.2 2
88.3 2
88.4 4
88.5 3
88.6 0
88.7 3
88.8 1
88.9 0
89 2
89.1 1
89.2 0
89.3 0
89.4 0
89.5 0
89.6 0
89.7 0
89.8 0
89.9 1
90 0
90.1 1
90.2 1
90.3 1
90.4 0
90.5 1
90.6 0
90.7 1
90.8 4
90.9 1
91 0
91.1 3
91.2 1
91.3 1
91.4 5
91.5 2
91.6 3
91.7 1
91.8 1
91.9 0
92 2
92.1 0
92.2 2
92.3 1
92.4 1
92.5 0
92.6 0
92.7 1
92.8 0
92.9 1
93 0
93.1 0
93.2 3
93.3 3
93.4 0
93.5 1
93.6 3
93.7 1
93.8 2
93.9 0
94 0
94.1 1
94.2 0
94.3 1
94.4 1
94.5 2
94.6 2
94.7 0
94.8 0
94.9 0
95 7
95.1 13
95.2 3
95.3 1
95.4 1
95.5 0
95.6 5
95.7 4
95.8 2
95.9 9
96 7
96.1 1
96.2 0
96.3 3
96.4 0
96.5 1
96.6 0
96.7 1
96.8 4
96.9 4
97 4
97.1 3
97.2 0
97.3 4
97.4 3
97.5 2
97.6 4
97.7 0
97.8 3
97.9 4
98 5
98.1 7
98.2 1
98.3 2
98.4 3
98.5 3
98.6 9
98.7 7
98.8 4
98.9 6
99 7
99.1 8
99.2 5
99.3 4
99.4 5
99.5 7
99.6 7
99.7 9
99.8 7
99.9 6
100 7
100.1 6
100.2 4
100.3 7
100.4 5
100.5 10
100.6 8
100.7 5
100.8 7
100.9 10
101 35
101.1 34
101.2 29
101.3 42
101.4 21
101.5 55
101.6 42
101.7 30
101.8 24
101.9 11
102 10
102.1 7
102.2 6
102.3 9
102.4 9
102.5 10
102.6 11
102.7 11
102.8 10
102.9 12
103 7
103.1 17
103.2 16
103.3 9
103.4 9
103.5 6
103.6 13
103.7 5
103.8 4
103.9 1
104 3
104.1 7
104.2 7
104.3 6
104.4 16
104.5 7
104.6 5
104.7 4
104.8 7
104.9 4
105 7
105.1 13
105.2 20
105.3 29
105.4 24
105.5 40
105.6 84
105.7 154
105.8 227
105.9 244
106 311
106.1 377
106.2 453
106.3 474
106.4 536
106.5 508
106.6 549
106.7 648
106.8 750
106.9 816
107 863
107.1 914
107.2 930
107.3 920
107.4 983
107.5 972
107.6 973
107.7 950
107.8 995
107.9 983
108 931
108.1 965
108.2 948
108.3 931
108.4 966
108.5 1042
108.6 1079
108.7 1002
108.8 980
108.9 969
109 1006
109.1 930
109.2 871
109.3 847
109.4 801
109.5 819
109.6 800
109.7 757
109.8 713
109.9 628
110 543
110.1 545
110.2 501
110.3 449
110.4 363
110.5 308
110.6 266
110.7 201
110.8 210
110.9 190
111 154
111.1 135
111.2 104
111.3 69
111.4 36
111.5 16
111.6 5
111.7 1
111.8 2
111.9 2
112 2
112.1 0
112.2 1
112.3 9
112.4 8
112.5 2
112.6 4
112.7 2
112.8 1
112.9 3
113 3
113.1 0
113.2 1
113.3 0
113.4 2
113.5 0
113.6 0
113.7 2
113.8 1
113.9 3
114 2
114.1 3
114.2 0
114.3 0
114.4 0
114.5 0
114.6 0
114.7 0
114.8 0
114.9 3
115 1
115.1 0
115.2 1
115.3 0
115.4 1
115.5 0
115.6 2
115.7 0
115.8 2
115.9 3
116 4
116.1 0
116.2 1
116.3 1
116.4 2
116.5 3
116.6 0
116.7 2
116.8 1
116.9 1
117 0
117.1 3
117.2 1
117.3 1
117.4 6
117.5 1
117.6 5
117.7 1
117.8 3
117.9 3
118 0
118.1 3
118.2 1
118.3 1
118.4 0
118.5 0
118.6 4
118.7 0
118.8 4
118.9 2
119 4
119.1 3
119.2 7
119.3 1
119.4 7
119.5 19
119.6 34
119.7 32
119.8 22
119.9 12
120 17
120.1 18
120.2 15
120.3 16
120.4 14
120.5 8
120.6 10
120.7 9
120.8 2
120.9 6
121 5
121.1 10
121.2 11
121.3 3
121.4 8
121.5 8
121.6 7
121.7 2
121.8 5
121.9 5
122 5
122.1 17
122.2 11
122.3 9
122.4 12
122.5 9
122.6 6
122.7 4
122.8 7
122.9 10
123 3
123.1 2
123.2 3
123.3 6
123.4 1
123.5 5
123.6 9
123.7 3
123.8 1
123.9 1
124 2
124.1 26
124.2 16
124.3 9
124.4 9
124.5 27
124.6 29
124.7 18
124.8 25
124.9 59
125 50
125.1 37
125.2 50
125.3 62
125.4 56
125.5 131
125.6 209
125.7 332
125.8 427
125.9 486
126 546
126.1 658
126.2 771
126.3 866
126.4 915
126.5 971
126.6 1040
126.7 1108
126.8 1151
126.9 1162
127 1215
127.1 1323
127.2 1405
127.3 1388
127.4 1354
127.5 1396
127.6 1460
127.7 1440
127.8 1412
127.9 1408
128 1393
128.1 1431
128.2 1348
128.3 1359
128.4 1364
128.5 1308
128.6 1258
128.7 1224
128.8 1219
128.9 1210
129 1182
129.1 1124
129.2 1126
129.3 1101
129.4 1106
129.5 1082
129.6 1025
129.7 943
129.8 875
129.9 806
130 755
130.1 760
130.2 782
130.3 770
130.4 723
130.5 690
130.6 612
130.7 547
130.8 496
130.9 483
131 453
131.1 415
131.2 321
131.3 265
131.4 201
131.5 159
131.6 118
131.7 87
131.8 55
131.9 18
132 8
132.1 4
132.2 2
132.3 0
132.4 0
132.5 5
132.6 3
132.7 2
132.8 0
132.9 1
133 1
133.1 1
133.2 0
133.3 0
133.4 2
133.5 2
133.6 0
133.7 1
133.8 1
133.9 1
134 0
134.1 0
134.2 0
134.3 0
134.4 1
134.5 2
134.6 2
134.7 2
134.8 5
134.9 0
135 1
135.1 0
135.2 0
135.3 1
135.4 2
135.5 1
135.6 0
135.7 0
135.8 4
135.9 2
136 4
136.1 5
136.2 2
136.3 1
136.4 0
136.5 1
136.6 5
136.7 2
136.8 2
136.9 3
137 3
137.1 4
137.2 3
137.3 4
137.4 1
137.5 3
137.6 4
137.7 3
137.8 4
137.9 3
138 4
138.1 0
138.2 0
138.3 1
138.4 1
138.5 0
138.6 3
138.7 4
138.8 4
138.9 1
139 0
139.1 4
139.2 4
139.3 5
139.4 1
139.5 1
139.6 1
139.7 6
139.8 2
139.9 1
140 1
140.1 2
140.2 0
140.3 1
140.4 6
140.5 1
140.6 2
140.7 2
140.8 7
140.9 8
141 5
141.1 14
141.2 42
141.3 17
141.4 15
141.5 14
141.6 16
141.7 17
141.8 18
141.9 32
142 22
142.1 17
142.2 15
142.3 3
142.4 7
142.5 4
142.6 3
142.7 5
142.8 8
142.9 3
143 10
143.1 10
143.2 8
143.3 2
143.4 5
143.5 6
143.6 8
143.7 5
143.8 3
143.9 3
144 2
144.1 2
144.2 5
144.3 7
144.4 4
144.5 7
144.6 7
144.7 1
144.8 4
144.9 8
145 2
145.1 7
145.2 2
145.3 14
145.4 8
145.5 8
145.6 5
145.7 16
145.8 13
145.9 7
146 2
146.1 9
146.2 18
146.3 12
146.4 16
146.5 8
146.6 1
146.7 8
146.8 6
146.9 6
147 13
147.1 7
147.2 31
147.3 83
147.4 130
147.5 158
147.6 229
147.7 255
147.8 270
147.9 282
148 291
148.1 325
148.2 362
148.3 376
148.4 405
148.5 530
148.6 545
148.7 611
148.8 629
148.9 648
149 658
149.1 667
149.2 720
149.3 769
149.4 855
149.5 901
149.6 894
149.7 915
149.8 939
149.9 971
150 1021
150.1 1084
150.2 1146
150.3 1146
150.4 1161
150.5 1117
150.6 1082
150.7 1048
150.8 1015
150.9 959
151 993
151.1 965
151.2 1010
151.3 1007
151.4 1013
151.5 1024
151.6 979
151.7 889
151.8 879
151.9 815
152 749
152.1 681
152.2 602
152.3 544
152.4 494
152.5 494
152.6 495
152.7 462
152.8 480
152.9 421
153 327
153.1 268
153.2 209
153.3 176
153.4 146
153.5 96
153.6 59
153.7 19
153.8 3
153.9 6
154 2
154.1 2
154.2 1
154.3 1
154.4 1
154.5 4
154.6 4
154.7 1
154.8 5
154.9 1
155 0
155.1 6
155.2 0
155.3 0
155.4 2
155.5 1
155.6 1
155.7 2
155.8 0
155.9 2
156 5
156.1 1
156.2 3
156.3 2
156.4 3
156.5 1
156.6 1
156.7 3
156.8 1
156.9 2
157 5
157.1 0
157.2 1
157.3 0
157.4 1
157.5 1
157.6 1
157.7 1
157.8 5
157.9 2
158 0
158.1 1
158.2 7
158.3 2
158.4 0
158.5 0
158.6 3
158.7 2
158.8 4
158.9 0
159 2
159.1 2
159.2 1
159.3 1
159.4 2
159.5 2
159.6 4
159.7 2
159.8 1
159.9 0
160 2
160.1 1
160.2 5
160.3 1
160.4 2
160.5 2
160.6 1
160.7 1
160.8 1
160.9 2
161 2
161.1 1
161.2 3
161.3 0
161.4 3
161.5 7
161.6 9
161.7 1
161.8 5
161.9 2
162 4
162.1 0
162.2 1
162.3 4
162.4 2
162.5 17
162.6 12
162.7 12
162.8 17
162.9 2
163 5
163.1 1
163.2 5
163.3 6
163.4 14
163.5 10
163.6 8
163.7 9
163.8 3
163.9 5
164 10
164.1 1
164.2 4
164.3 9
164.4 5
164.5 1
164.6 2
164.7 1
164.8 9
164.9 13
165 5
165.1 13
165.2 15
165.3 10
165.4 9
165.5 7
165.6 8
165.7 11
165.8 3
165.9 4
166 3
166.1 6
166.2 8
166.3 5
166.4 4
166.5 7
166.6 0
166.7 4
166.8 8
166.9 4
167 9
167.1 12
167.2 19
167.3 5
167.4 22
167.5 36
167.6 43
167.7 57
167.8 77
167.9 116
168 142
168.1 161
168.2 173
168.3 204
168.4 234
168.5 302
168.6 371
168.7 512
168.8 655
168.9 803
169 914
169.1 963
169.2 1008
169.3 1032
169.4 1094
169.5 1091
169.6 1133
169.7 1174
169.8 1178
169.9 1231
170 1192
170.1 1189
170.2 1177
170.3 1226
170.4 1234
170.5 1246
170.6 1248
170.7 1292
170.8 1325
170.9 1284
171 1230
171.1 1207
171.2 1148
171.3 1114
171.4 1114
171.5 1084
171.6 1090
171.7 1136
171.8 1138
171.9 1094
172 1095
172.1 1078
172.2 1090
172.3 1118
172.4 1060
172.5 1069
172.6 1062
172.7 1060
172.8 1039
172.9 955
173 880
173.1 836
173.2 807
173.3 777
173.4 675
173.5 579
173.6 542
173.7 437
173.8 354
173.9 320
174 223
174.1 146
174.2 98
174.3 46
174.4 14
174.5 7
174.6 3
174.7 15
174.8 7
174.9 2
175 0
175.1 2
175.2 1
175.3 1
175.4 5
175.5 1
175.6 1
175.7 4
175.8 3
175.9 0
176 0
176.1 2
176.2 1
176.3 2
176.4 1
176.5 2
176.6 1
176.7 0
176.8 2
176.9 4
177 6
177.1 2
177.2 0
177.3 4
177.4 0
177.5 1
177.6 0
177.7 0
177.8 0
177.9 0
178 2
178.1 2
178.2 0
178.3 1
178.4 2
178.5 2
178.6 1
178.7 1
178.8 0
178.9 1
179 2
179.1 1
179.2 2
179.3 2
179.4 0
179.5 2
179.6 3
179.7 1
179.8 0
179.9 1
180 0
180.1 0
180.2 1
180.3 0
180.4 0
180.5 3
180.6 3
180.7 1
180.8 1
180.9 1
181 3
181.1 2
181.2 2
181.3 0
181.4 2
181.5 2
181.6 1
181.7 2
181.8 8
181.9 6
182 3
182.1 5
182.2 5
182.3 5
182.4 5
182.5 1
182.6 5
182.7 2
182.8 0
182.9 3
183 3
183.1 2
183.2 3
183.3 1
183.4 3
183.5 3
183.6 4
183.7 5
183.8 1
183.9 3
184 8
184.1 2
184.2 7
184.3 3
184.4 2
184.5 2
184.6 1
184.7 8
184.8 9
184.9 6
185 8
185.1 27
185.2 41
185.3 32
185.4 31
185.5 18
185.6 16
185.7 12
185.8 28
185.9 8
186 2
186.1 13
186.2 49
186.3 70
186.4 121
186.5 165
186.6 212
186.7 224
186.8 281
186.9 318
187 309
187.1 326
187.2 295
187.3 323
187.4 349
187.5 407
187.6 422
187.7 410
187.8 427
187.9 477
188 499
188.1 496
188.2 594
188.3 654
188.4 659
188.5 703
188.6 736
188.7 809
188.8 901
188.9 937
189 992
189.1 1008
189.2 987
189.3 961
189.4 1020
189.5 1002
189.6 919
189.7 869
189.8 787
189.9 773
190 749
190.1 777
190.2 698
190.3 638
190.4 623
190.5 623
190.6 657
190.7 616
190.8 576
190.9 501
191 435
191.1 368
191.2 322
191.3 247
191.4 264
191.5 244
191.6 228
191.7 195
191.8 137
191.9 124
192 80
192.1 31
192.2 19
192.3 12
192.4 7
192.5 9
192.6 2
192.7 5
192.8 1
192.9 5
193 2
193.1 1
193.2 2
193.3 1
193.4 0
193.5 0
193.6 1
193.7 0
193.8 0
193.9 3
194 2
194.1 1
194.2 0
194.3 1
194.4 1
194.5 0
194.6 3
194.7 3
194.8 2
194.9 1
195 1
195.1 0
195.2 2
195.3 1
195.4 3
195.5 1
195.6 0
195.7 2
195.8 0
195.9 0
196 1
196.1 0
196.2 0
196.3 1
196.4 3
196.5 0
196.6 1
196.7 1
196.8 5
196.9 3
197 0
197.1 4
197.2 1
197.3 3
197.4 0
197.5 2
197.6 7
197.7 5
197.8 4
197.9 1
198 3
198.1 5
198.2 3
198.3 1
198.4 2
198.5 2
198.6 3
198.7 1
198.8 3
198.9 3
199 3
199.1 6
199.2 1
199.3 4
199.4 0
199.5 6
199.6 2
199.7 3
199.8 4
199.9 9
200 4
