0 0
0.1 0
0.2 0
0.3 2
0.4 1
0.5 2
0.6 1
0.7 0
0.8 0
0.9 0
1 0
1.1 1
1.2 0
1.3 0
1.4 0
1.5 1
1.6 1
1.7 2
1.8 2
1.9 1
2 2
2.1 2
2.2 0
2.3 0
2.4 3
2.5 2
2.6 1
2.7 1
2.8 4
2.9 3
3 4
3.1 3
3.2 4
3.3 8
3.4 4
3.5 4
3.6 8
3.7 5
3.8 3
3.9 4
4 6
4.1 4
4.2 8
4.3 7
4.4 6
4.5 6
4.6 8
4.7 9
4.8 4
4.9 14
5 8
5.1 12
5.2 11
5.3 17
5.4 24
5.5 14
5.6 14
5.7 22
5.8 19
5.9 22
6 22
6.1 40
6.2 47
6.3 62
6.4 82
6.5 161
6.6 261
6.7 377
6.8 488
6.9 569
7 671
7.1 729
7.2 790
7.3 860
7.4 932
7.5 998
7.6 1062
7.7 1107
7.8 1139
7.9 1159
8 1176
8.1 1200
8.2 1208
8.3 1211
8.4 1210
8.5 1232
8.6 1224
8.7 1214
8.8 1233
8.9 1236
9 1236
9.1 1230
9.2 1242
9.3 1238
9.4 1222
9.5 1212
9.6 1193
9.7 1186
9.8 1173
9.9 1163
10 1143
10.1 1129
10.2 1087
10.3 1079
10.4 1074
10.5 1052
10.6 1033
10.7 1008
10.8 1001
10.9 965
11 926
11.1 900
11.2 886
11.3 895
11.4 878
11.5 891
11.6 875
11.7 862
11.8 858
11.9 827
12 837
12.1 813
12.2 788
12.3 779
12.4 745
12.5 730
12.6 716
12.7 701
12.8 689
12.9 665
13 663
13.1 668
13.2 652
13.3 643
13.4 624
13.5 610
13.6 583
13.7 557
13.8 552
13.9 548
14 525
14.1 513
14.2 520
14.3 514
14.4 455
14.5 412
14.6 367
14.7 352
14.8 363
14.9 391
15 399
15.1 398
15.2 381
15.3 387
15.4 394
15.5 387
15.6 379
15.7 399
15.8 390
15.9 386
16 390
16.1 391
16.2 390
16.3 398
16.4 401
16.5 387
16.6 392
16.7 390
16.8 384
16.9 385
17 378
17.1 360
17.2 358
17.3 352
17.4 351
17.5 356
17.6 348
17.7 325
17.8 331
17.9 317
18 314
18.1 302
18.2 282
18.3 282
18.4 284
18.5 271
18.6 263
18.7 238
18.8 221
18.9 223
19 230
19.1 236
19.2 212
19.3 219
19.4 225
19.5 213
19.6 216
19.7 216
19.8 228
19.9 235
20 224
20.1 235
20.2 218
20.3 199
20.4 183
20.5 160
20.6 126
20.7 103
20.8 75
20.9 61
21 33
21.1 22
21.2 27
21.3 15
21.4 14
21.5 9
21.6 2
21.7 6
21.8 2
21.9 8
22 4
22.1 5
22.2 1
22.3 2
22.4 4
22.5 7
22.6 4
22.7 4
22.8 1
22.9 4
23 5
23.1 4
23.2 2
23.3 10
23.4 7
23.5 5
23.6 7
23.7 3
23.8 6
23.9 4
24 6
24.1 3
24.2 7
24.3 8
24.4 10
24.5 2
24.6 13
24.7 6
24.8 12
24.9 15
25 11
25.1 11
25.2 7
25.3 9
25.4 16
25.5 17
25.6 18
25.7 15
25.8 22
25.9 19
26 16
26.1 22
26.2 20
26.3 42
26.4 75
26.5 100
26.6 93
26.7 121
26.8 190
26.9 256
27 364
27.1 479
27.2 597
27.3 680
27.4 735
27.5 812
27.6 858
27.7 933
27.8 974
27.9 1035
28 1072
28.1 1086
28.2 1093
28.3 1095
28.4 1106
28.5 1124
28.6 1148
28.7 1168
28.8 1193
28.9 1210
29 1205
29.1 1229
29.2 1227
29.3 1217
29.4 1199
29.5 1208
29.6 1214
29.7 1206
29.8 1202
29.9 1181
30 1167
30.1 1147
30.2 1157
30.3 1142
30.4 1131
30.5 1113
30.6 1113
30.7 1099
30.8 1073
30.9 1050
31 1029
31.1 1015
31.2 992
31.3 972
31.4 960
31.5 960
31.6 963
31.7 971
31.8 982
31.9 984
32 982
32.1 961
32.2 919
32.3 893
32.4 877
32.5 867
32.6 851
32.7 847
32.8 818
32.9 807
33 813
33.1 807
33.2 800
33.3 785
33.4 775
33.5 748
33.6 726
33.7 704
33.8 681
33.9 653
34 567
34.1 493
34.2 463
34.3 474
34.4 477
34.5 466
34.6 449
34.7 439
34.8 429
34.9 404
35 397
35.1 402
35.2 399
35.3 402
35.4 393
35.5 389
35.6 399
35.7 419
35.8 442
35.9 447
36 456
36.1 439
36.2 409
36.3 419
36.4 416
36.5 423
36.6 371
36.7 332
36.8 322
36.9 321
37 277
37.1 253
37.2 227
37.3 190
37.4 182
37.5 130
37.6 107
37.7 109
37.8 134
37.9 152
38 156
38.1 159
38.2 150
38.3 146
38.4 156
38.5 176
38.6 195
38.7 205
38.8 190
38.9 201
39 165
39.1 76
39.2 39
39.3 31
39.4 28
39.5 21
39.6 14
39.7 7
39.8 5
39.9 10
40 7
40.1 10
40.2 5
40.3 9
40.4 8
40.5 5
40.6 6
40.7 4
40.8 5
40.9 5
41 10
41.1 8
41.2 5
41.3 6
41.4 6
41.5 5
41.6 4
41.7 6
41.8 6
41.9 10
42 3
42.1 3
42.2 4
42.3 11
42.4 10
42.5 4
42.6 8
42.7 10
42.8 11
42.9 7
43 15
43.1 20
43.2 16
43.3 15
43.4 12
43.5 8
43.6 21
43.7 16
43.8 21
43.9 15
44 23
44.1 27
44.2 23
44.3 35
44.4 72
44.5 106
44.6 194
44.7 327
44.8 468
44.9 597
45 689
45.1 774
45.2 837
45.3 908
45.4 984
45.5 1025
45.6 1092
45.7 1146
45.8 1164
45.9 1109
46 1000
46.1 988
46.2 936
46.3 916
46.4 951
46.5 1007
46.6 1057
46.7 1089
46.8 1109
46.9 1148
47 1151
47.1 1175
47.2 1202
47.3 1216
47.4 1213
47.5 1206
47.6 1206
47.7 1178
47.8 1166
47.9 1146
48 1141
48.1 1122
48.2 1120
48.3 1126
48.4 1114
48.5 1096
48.6 1073
48.7 1047
48.8 1027
48.9 1014
49 1018
49.1 989
49.2 985
49.3 970
49.4 972
49.5 958
49.6 944
49.7 926
49.8 915
49.9 869
50 854
50.1 831
50.2 667
50.3 648
50.4 624
50.5 594
50.6 587
50.7 609
50.8 608
50.9 607
51 614
51.1 621
51.2 618
51.3 603
51.4 599
51.5 607
51.6 623
51.7 609
51.8 604
51.9 612
52 605
52.1 592
52.2 579
52.3 574
52.4 572
52.5 550
52.6 520
52.7 520
52.8 515
52.9 514
53 507
53.1 496
53.2 484
53.3 483
53.4 486
53.5 494
53.6 500
53.7 503
53.8 492
53.9 493
54 498
54.1 503
54.2 497
54.3 488
54.4 478
54.5 478
54.6 473
54.7 466
54.8 453
54.9 450
55 440
55.1 422
55.2 411
55.3 393
55.4 391
55.5 386
55.6 382
55.7 384
55.8 377
55.9 368
56 357
56.1 350
56.2 335
56.3 314
56.4 287
56.5 228
56.6 210
56.7 185
56.8 170
56.9 119
57 108
57.1 97
57.2 54
57.3 24
57.4 13
57.5 9
57.6 10
57.7 11
57.8 5
57.9 6
58 7
58.1 9
58.2 3
58.3 3
58.4 4
58.5 7
58.6 8
58.7 7
58.8 5
58.9 5
59 1
59.1 4
59.2 3
59.3 3
59.4 7
59.5 6
59.6 10
59.7 10
59.8 4
59.9 7
60 10
60.1 6
60.2 11
60.3 8
60.4 9
60.5 7
60.6 13
60.7 7
60.8 9
60.9 4
61 11
61.1 7
61.2 10
61.3 11
61.4 15
61.5 8
61.6 7
61.7 9
61.8 13
61.9 15
62 10
62.1 12
62.2 9
62.3 18
62.4 16
62.5 8
62.6 15
62.7 19
62.8 16
62.9 10
63 9
63.1 21
63.2 21
63.3 14
63.4 23
63.5 28
63.6 31
63.7 31
63.8 21
63.9 30
64 55
64.1 57
64.2 42
64.3 63
64.4 83
64.5 149
64.6 256
64.7 426
64.8 575
64.9 681
65 790
65.1 883
65.2 967
65.3 1033
65.4 1088
65.5 1126
65.6 1200
65.7 1265
65.8 1325
65.9 1350
66 1331
66.1 1351
66.2 1369
66.3 1396
66.4 1414
66.5 1426
66.6 1420
66.7 1422
66.8 1431
66.9 1415
67 1410
67.1 1416
67.2 1405
67.3 1382
67.4 1380
67.5 1355
67.6 1345
67.7 1306
67.8 1281
67.9 1271
68 1258
68.1 1238
68.2 1223
68.3 1205
68.4 1208
68.5 1192
68.6 1175
68.7 1153
68.8 1127
68.9 1111
69 1112
69.1 1087
69.2 1073
69.3 1066
69.4 1060
69.5 1052
69.6 1042
69.7 1025
69.8 1033
69.9 1029
70 1015
70.1 993
70.2 969
70.3 945
70.4 929
70.5 894
70.6 869
70.7 841
70.8 824
70.9 801
71 777
71.1 757
71.2 727
71.3 712
71.4 683
71.5 670
71.6 658
71.7 640
71.8 636
71.9 638
72 631
72.1 629
72.2 529
72.3 439
72.4 407
72.5 407
72.6 419
72.7 439
72.8 439
72.9 473
73 493
73.1 508
73.2 506
73.3 518
73.4 499
73.5 487
73.6 478
73.7 480
73.8 478
73.9 468
74 465
74.1 465
74.2 482
74.3 492
74.4 497
74.5 495
74.6 497
74.7 495
74.8 483
74.9 466
75 464
75.1 466
75.2 472
75.3 478
75.4 462
75.5 436
75.6 422
75.7 420
75.8 378
75.9 366
76 351
76.1 340
76.2 341
76.3 340
76.4 340
76.5 327
76.6 311
76.7 310
76.8 296
76.9 296
77 299
77.1 294
77.2 289
77.3 298
77.4 302
77.5 296
77.6 270
77.7 272
77.8 265
77.9 249
78 245
78.1 228
78.2 209
78.3 219
78.4 220
78.5 232
78.6 222
78.7 221
78.8 212
78.9 211
79 193
79.1 190
79.2 199
79.3 207
79.4 215
79.5 218
79.6 205
79.7 176
79.8 163
79.9 141
80 138
80.1 115
80.2 96
80.3 81
80.4 42
80.5 25
80.6 24
80.7 14
80.8 9
80.9 16
81 12
81.1 10
81.2 18
81.3 16
81.4 18
81.5 8
81.6 8
81.7 8
81.8 8
81.9 7
82 6
82.1 1
82.2 4
82.3 6
82.4 3
82.5 4
82.6 6
82.7 6
82.8 7
82.9 5
83 9
83.1 5
83.2 5
83.3 6
83.4 3
83.5 3
83.6 8
83.7 2
83.8 5
83.9 4
84 6
84.1 7
84.2 6
84.3 8
84.4 5
84.5 6
84.6 5
84.7 2
84.8 4
84.9 6
85 12
85.1 7
85.2 10
85.3 10
85.4 10
85.5 15
85.6 13
85.7 12
85.8 9
85.9 16
86 15
86.1 16
86.2 14
86.3 16
86.4 22
86.5 16
86.6 19
86.7 21
86.8 23
86.9 20
87 18
87.1 12
87.2 24
87.3 27
87.4 27
87.5 38
87.6 61
87.7 52
87.8 77
87.9 104
88 153
88.1 245
88.2 361
88.3 530
88.4 652
88.5 772
88.6 891
88.7 1012
88.8 1077
88.9 1147
89 1200
89.1 1248
89.2 1309
89.3 1359
89.4 1400
89.5 1438
89.6 1460
89.7 1473
89.8 1516
89.9 1535
90 1553
90.1 1548
90.2 1555
90.3 1552
90.4 1562
90.5 1555
90.6 1544
90.7 1538
90.8 1510
90.9 1470
91 1455
91.1 1422
91.2 1414
91.3 1379
91.4 1285
91.5 1218
91.6 1196
91.7 1181
91.8 1189
91.9 1204
92 1203
92.1 1203
92.2 1201
92.3 1192
92.4 1173
92.5 1153
92.6 1152
92.7 1149
92.8 1129
92.9 1128
93 1112
93.1 1080
93.2 1064
93.3 1039
93.4 1011
93.5 997
93.6 979
93.7 962
93.8 929
93.9 935
94 935
94.1 940
94.2 920
94.3 895
94.4 868
94.5 840
94.6 797
94.7 797
94.8 797
94.9 795
95 774
95.1 655
95.2 601
95.3 598
95.4 611
95.5 599
95.6 597
95.7 580
95.8 574
95.9 564
96 526
96.1 514
96.2 530
96.3 544
96.4 554
96.5 558
96.6 567
96.7 558
96.8 538
96.9 530
97 526
97.1 517
97.2 500
97.3 507
97.4 496
97.5 485
97.6 481
97.7 477
97.8 480
97.9 474
98 447
98.1 428
98.2 429
98.3 425
98.4 426
98.5 417
98.6 414
98.7 403
98.8 392
98.9 377
99 370
99.1 353
99.2 337
99.3 334
99.4 345
99.5 318
99.6 304
99.7 309
99.8 292
99.9 282
100 268
100.1 278
100.2 281
100.3 273
100.4 270
100.5 264
100.6 255
100.7 245
100.8 248
100.9 230
101 186
101.1 134
101.2 110
101.3 95
101.4 100
101.5 86
101.6 74
101.7 81
101.8 91
101.9 97
102 115
102.1 137
102.2 141
102.3 154
102.4 158
102.5 167
102.6 166
102.7 168
102.8 172
102.9 171
103 183
103.1 171
103.2 155
103.3 156
103.4 157
103.5 171
103.6 159
103.7 157
103.8 158
103.9 169
104 190
104.1 200
104.2 185
104.3 191
104.4 186
104.5 169
104.6 169
104.7 173
104.8 180
104.9 178
105 171
105.1 160
105.2 139
105.3 131
105.4 106
105.5 92
105.6 42
105.7 19
105.8 6
105.9 11
106 6
106.1 5
106.2 4
106.3 5
106.4 4
106.5 6
106.6 8
106.7 5
106.8 4
106.9 8
107 1
107.1 2
107.2 8
107.3 3
107.4 7
107.5 2
107.6 6
107.7 5
107.8 3
107.9 7
108 5
108.1 6
108.2 5
108.3 7
108.4 2
108.5 13
108.6 6
108.7 10
108.8 10
108.9 4
109 4
109.1 6
109.2 11
109.3 8
109.4 6
109.5 11
109.6 16
109.7 16
109.8 18
109.9 16
110 22
110.1 13
110.2 34
110.3 26
110.4 22
110.5 44
110.6 48
110.7 39
110.8 42
110.9 56
111 69
111.1 79
111.2 98
111.3 117
111.4 198
111.5 298
111.6 415
111.7 552
111.8 664
111.9 756
112 838
112.1 918
112.2 988
112.3 949
112.4 828
112.5 799
112.6 846
112.7 884
112.8 923
112.9 995
113 1038
113.1 1068
113.2 1108
113.3 1141
113.4 1157
113.5 1171
113.6 1190
113.7 1201
113.8 1202
113.9 1200
114 1209
114.1 1221
114.2 1233
114.3 1253
114.4 1247
114.5 1227
114.6 1208
114.7 1221
114.8 1213
114.9 1204
115 1172
115.1 1171
115.2 1166
115.3 1147
115.4 1142
115.5 1149
115.6 1134
115.7 1143
115.8 1139
115.9 1092
116 1058
116.1 1032
116.2 1025
116.3 1019
116.4 1001
116.5 955
116.6 943
116.7 927
116.8 914
116.9 886
117 865
117.1 867
117.2 853
117.3 843
117.4 822
117.5 791
117.6 780
117.7 744
117.8 733
117.9 718
118 716
118.1 721
118.2 720
118.3 723
118.4 727
118.5 717
118.6 709
118.7 694
118.8 687
118.9 656
119 634
119.1 617
119.2 609
119.3 602
119.4 591
119.5 480
119.6 311
119.7 238
119.8 220
119.9 210
120 227
120.1 229
120.2 221
120.3 237
120.4 249
120.5 261
120.6 269
120.7 277
120.8 311
120.9 321
121 347
121.1 351
121.2 336
121.3 341
121.4 336
121.5 339
121.6 338
121.7 354
121.8 367
121.9 365
122 362
122.1 312
122.2 265
122.3 249
122.4 237
122.5 233
122.6 243
122.7 253
122.8 269
122.9 278
123 284
123.1 305
123.2 307
123.3 306
123.4 317
123.5 322
123.6 321
123.7 326
123.8 336
123.9 347
124 344
124.1 288
124.2 241
124.3 217
124.4 227
124.5 201
124.6 143
124.7 123
124.8 114
124.9 82
125 55
125.1 65
125.2 55
125.3 63
125.4 46
125.5 38
125.6 22
125.7 14
125.8 8
125.9 5
126 6
126.1 5
126.2 3
126.3 7
126.4 3
126.5 4
126.6 4
126.7 7
126.8 2
126.9 7
127 2
127.1 5
127.2 2
127.3 3
127.4 5
127.5 3
127.6 2
127.7 4
127.8 6
127.9 5
128 4
128.1 6
128.2 8
128.3 3
128.4 6
128.5 11
128.6 3
128.7 6
128.8 5
128.9 11
129 9
129.1 5
129.2 10
129.3 5
129.4 11
129.5 11
129.6 5
129.7 13
129.8 11
129.9 10
130 8
130.1 16
130.2 13
130.3 9
130.4 10
130.5 18
130.6 18
130.7 16
130.8 29
130.9 25
131 26
131.1 28
131.2 32
131.3 42
131.4 52
131.5 68
131.6 84
131.7 110
131.8 154
131.9 251
132 356
132.1 483
132.2 584
132.3 679
132.4 778
132.5 849
132.6 921
132.7 995
132.8 1044
132.9 1091
133 1145
133.1 1196
133.2 1239
133.3 1246
133.4 1273
133.5 1274
133.6 1302
133.7 1311
133.8 1302
133.9 1299
134 1279
134.1 1286
134.2 1289
134.3 1291
134.4 1290
134.5 1278
134.6 1246
134.7 1243
134.8 1233
134.9 1220
135 1226
135.1 1216
135.2 1198
135.3 1174
135.4 1157
135.5 1153
135.6 1126
135.7 1123
135.8 1101
135.9 1089
136 1062
136.1 1030
136.2 987
136.3 970
136.4 955
136.5 946
136.6 914
136.7 897
136.8 893
136.9 871
137 881
137.1 884
137.2 872
137.3 855
137.4 820
137.5 797
137.6 786
137.7 778
137.8 764
137.9 764
138 743
138.1 732
138.2 750
138.3 749
138.4 749
138.5 743
138.6 733
138.7 700
138.8 664
138.9 648
139 634
139.1 634
139.2 608
139.3 599
139.4 602
139.5 613
139.6 600
139.7 585
139.8 559
139.9 532
140 521
140.1 532
140.2 538
140.3 516
140.4 494
140.5 494
140.6 490
140.7 476
140.8 475
140.9 435
141 419
141.1 373
141.2 270
141.3 195
141.4 200
141.5 187
141.6 196
141.7 199
141.8 190
141.9 137
142 134
142.1 141
142.2 156
142.3 169
142.4 200
142.5 219
142.6 236
142.7 232
142.8 231
142.9 250
143 242
143.1 258
143.2 253
143.3 256
143.4 264
143.5 249
143.6 260
143.7 258
143.8 256
143.9 284
144 284
144.1 298
144.2 292
144.3 277
144.4 279
144.5 274
144.6 259
144.7 256
144.8 274
144.9 256
145 249
145.1 252
145.2 245
145.3 237
145.4 226
145.5 217
145.6 232
145.7 219
145.8 186
145.9 186
146 186
146.1 187
146.2 168
146.3 142
146.4 126
146.5 129
146.6 148
146.7 165
146.8 172
146.9 180
147 174
147.1 167
147.2 156
147.3 70
147.4 27
147.5 19
147.6 11
147.7 11
147.8 13
147.9 17
148 4
148.1 12
148.2 9
148.3 9
148.4 7
148.5 6
148.6 7
148.7 5
148.8 8
148.9 4
149 6
149.1 9
149.2 3
149.3 5
149.4 3
149.5 6
149.6 7
149.7 4
149.8 4
149.9 2
150 1
150.1 5
150.2 8
150.3 3
150.4 4
150.5 5
150.6 5
150.7 2
150.8 8
150.9 8
151 8
151.1 4
151.2 6
151.3 9
151.4 7
151.5 10
151.6 9
151.7 13
151.8 9
151.9 12
152 13
152.1 16
152.2 16
152.3 9
152.4 20
152.5 23
152.6 17
152.7 24
152.8 14
152.9 27
153 29
153.1 55
153.2 47
153.3 43
153.4 74
153.5 92
153.6 137
153.7 215
153.8 328
153.9 451
154 568
154.1 651
154.2 752
154.3 809
154.4 869
154.5 931
154.6 985
154.7 1011
154.8 1012
154.9 1030
155 1056
155.1 1055
155.2 1078
155.3 1097
155.4 1125
155.5 1147
155.6 1146
155.7 1140
155.8 1138
155.9 1160
156 1153
156.1 1161
156.2 1161
156.3 1121
156.4 1105
156.5 1089
156.6 1078
156.7 1047
156.8 1005
156.9 1001
157 974
157.1 965
157.2 967
157.3 963
157.4 967
157.5 970
157.6 978
157.7 973
157.8 958
157.9 958
158 952
158.1 947
158.2 900
158.3 871
158.4 873
158.5 885
158.6 879
158.7 849
158.8 833
158.9 814
159 816
159.1 810
159.2 797
159.3 794
159.4 791
159.5 752
159.6 747
159.7 725
159.8 707
159.9 697
160 686
160.1 693
160.2 684
160.3 661
160.4 646
160.5 636
160.6 626
160.7 614
160.8 601
160.9 596
161 606
161.1 600
161.2 591
161.3 589
161.4 571
161.5 553
161.6 507
161.7 496
161.8 495
161.9 507
162 500
162.1 485
162.2 481
162.3 459
162.4 455
162.5 420
162.6 370
162.7 337
162.8 320
162.9 302
163 319
163.1 343
163.2 359
163.3 355
163.4 323
163.5 295
163.6 290
163.7 273
163.8 293
163.9 303
164 299
164.1 301
164.2 317
164.3 302
164.4 294
164.5 298
164.6 316
164.7 327
164.8 344
164.9 338
165 305
165.1 298
165.2 253
165.3 240
165.4 237
165.5 218
165.6 223
165.7 216
165.8 226
165.9 239
166 255
166.1 251
166.2 252
166.3 250
166.4 250
166.5 249
166.6 232
166.7 230
166.8 224
166.9 218
167 219
167.1 213
167.2 199
167.3 183
167.4 199
167.5 140
167.6 109
167.7 58
167.8 50
167.9 31
168 26
168.1 26
168.2 15
168.3 19
168.4 13
168.5 7
168.6 7
168.7 1
168.8 5
168.9 8
169 6
169.1 1
169.2 5
169.3 6
169.4 5
169.5 3
169.6 3
169.7 6
169.8 1
169.9 5
170 6
170.1 2
170.2 6
170.3 3
170.4 8
170.5 4
170.6 4
170.7 8
170.8 5
170.9 5
171 9
171.1 10
171.2 5
171.3 4
171.4 7
171.5 3
171.6 7
171.7 6
171.8 4
171.9 12
172 8
172.1 10
172.2 4
172.3 8
172.4 13
172.5 7
172.6 4
172.7 8
172.8 7
172.9 9
173 12
173.1 14
173.2 17
173.3 11
173.4 17
173.5 26
173.6 16
173.7 18
173.8 41
173.9 37
174 44
174.1 66
174.2 96
174.3 154
174.4 262
174.5 364
174.6 492
174.7 526
174.8 582
174.9 668
175 759
175.1 832
175.2 882
175.3 925
175.4 952
175.5 992
175.6 1019
175.7 1049
175.8 1106
175.9 1140
176 1202
176.1 1220
176.2 1233
176.3 1223
176.4 1241
176.5 1251
176.6 1232
176.7 1244
176.8 1238
176.9 1232
177 1230
177.1 1217
177.2 1219
177.3 1218
177.4 1198
177.5 1198
177.6 1213
177.7 1203
177.8 1211
177.9 1211
178 1194
178.1 1148
178.2 1117
178.3 1098
178.4 1070
178.5 1046
178.6 1018
178.7 985
178.8 987
178.9 974
179 955
179.1 953
179.2 949
179.3 937
179.4 916
179.5 904
179.6 898
179.7 875
179.8 875
179.9 880
180 866
180.1 857
180.2 831
180.3 845
180.4 824
180.5 805
180.6 797
180.7 772
180.8 760
180.9 731
181 713
181.1 689
181.2 678
181.3 670
181.4 661
181.5 645
181.6 636
181.7 626
181.8 600
181.9 550
182 524
182.1 512
182.2 506
182.3 510
182.4 502
182.5 488
182.6 488
182.7 490
182.8 501
182.9 503
183 501
183.1 520
183.2 514
183.3 504
183.4 484
183.5 475
183.6 450
183.7 412
183.8 415
183.9 420
184 410
184.1 399
184.2 396
184.3 392
184.4 392
184.5 385
184.6 370
184.7 363
184.8 326
184.9 311
185 307
185.1 265
185.2 167
185.3 105
185.4 96
185.5 104
185.6 140
185.7 138
185.8 133
185.9 131
186 156
186.1 178
186.2 158
186.3 84
186.4 42
186.5 35
186.6 13
186.7 25
186.8 27
186.9 16
187 18
187.1 15
187.2 9
187.3 11
187.4 8
187.5 10
187.6 7
187.7 12
187.8 14
187.9 5
188 11
188.1 13
188.2 12
188.3 10
188.4 21
188.5 9
188.6 8
188.7 6
188.8 5
188.9 9
189 6
189.1 8
189.2 7
189.3 9
189.4 10
189.5 7
189.6 11
189.7 9
189.8 9
189.9 9
190 9
190.1 13
190.2 14
190.3 15
190.4 15
190.5 16
190.6 16
190.7 18
190.8 15
190.9 17
191 27
191.1 21
191.2 37
191.3 43
191.4 35
191.5 47
191.6 55
191.7 60
191.8 77
191.9 105
192 121
192.1 190
192.2 312
192.3 431
192.4 509
192.5 579
192.6 668
192.7 765
192.8 845
192.9 909
193 948
193.1 986
193.2 1029
193.3 1078
193.4 1119
193.5 1142
193.6 1166
193.7 1179
193.8 1193
193.9 1173
194 1166
194.1 1166
194.2 1199
194.3 1210
194.4 1215
194.5 1226
194.6 1216
194.7 1175
194.8 1160
194.9 1148
195 1138
195.1 1151
195.2 1141
195.3 1119
195.4 1111
195.5 1100
195.6 1096
195.7 1089
195.8 1073
195.9 1064
196 1042
196.1 1007
196.2 1009
196.3 979
196.4 950
196.5 928
196.6 906
196.7 886
196.8 874
196.9 847
197 815
197.1 805
197.2 791
197.3 788
197.4 780
197.5 761
197.6 746
197.7 704
197.8 681
197.9 647
198 629
198.1 619
198.2 603
198.3 597
198.4 595
198.5 579
198.6 571
198.7 565
198.8 569
198.9 564
199 555
199.1 546
199.2 545
199.3 542
199.4 551
199.5 551
199.6 534
199.7 525
199.8 520
199.9 508
200 470
