0 0
0.1 4
0.2 27
0.3 40
0.4 62
0.5 85
0.6 109
0.7 184
0.8 293
0.9 391
1 449
1.1 549
1.2 681
1.3 773
1.4 870
1.5 941
1.6 976
1.7 1002
1.8 1076
1.9 1119
2 1128
2.1 1197
2.2 1226
2.3 1259
2.4 1269
2.5 1325
2.6 1357
2.7 1362
2.8 1316
2.9 1327
3 1310
3.1 1340
3.2 1395
3.3 1448
3.4 1482
3.5 1545
3.6 1599
3.7 1625
3.8 1631
3.9 1573
4 1542
4.1 1540
4.2 1501
4.3 1492
4.4 1424
4.5 1343
4.6 1282
4.7 1285
4.8 1285
4.9 1285
5 1233
5.1 1250
5.2 1230
5.3 1248
5.4 1219
5.5 1285
5.6 1283
5.7 1325
5.8 1307
5.9 1277
6 1237
6.1 1144
6.2 1113
6.3 1028
6.4 946
6.5 873
6.6 789
6.7 685
6.8 655
6.9 594
7 543
7.1 541
7.2 523
7.3 498
7.4 402
7.5 350
7.6 281
7.7 220
7.8 129
7.9 90
8 41
8.1 19
8.2 2
8.3 0
8.4 3
8.5 1
8.6 2
8.7 1
8.8 7
8.9 1
9 2
9.1 2
9.2 3
9.3 0
9.4 1
9.5 1
9.6 1
9.7 0
9.8 0
9.9 0
10 0
10.1 0
10.2 3
10.3 9
10.4 1
10.5 2
10.6 2
10.7 0
10.8 0
10.9 1
11 1
11.1 0
11.2 2
11.3 1
11.4 0
11.5 1
11.6 1
11.7 2
11.8 1
11.9 0
12 0
12.1 1
12.2 1
12.3 2
12.4 1
12.5 1
12.6 1
12.7 5
12.8 3
12.9 1
13 2
13.1 0
13.2 4
13.3 3
13.4 3
13.5 4
13.6 5
13.7 2
13.8 4
13.9 4
14 1
14.1 3
14.2 2
14.3 0
14.4 1
14.5 0
14.6 1
14.7 0
14.8 2
14.9 1
15 2
15.1 3
15.2 2
15.3 1
15.4 1
15.5 2
15.6 0
15.7 1
15.8 2
15.9 2
16 2
16.1 0
16.2 0
16.3 6
16.4 0
16.5 3
16.6 5
16.7 0
16.8 1
16.9 1
17 1
17.1 0
17.2 5
17.3 2
17.4 2
17.5 2
17.6 5
17.7 5
17.8 14
17.9 6
18 7
18.1 9
18.2 8
18.3 3
18.4 2
18.5 6
18.6 12
18.7 9
18.8 12
18.9 18
19 10
19.1 11
19.2 4
19.3 2
19.4 6
19.5 3
19.6 7
19.7 14
19.8 6
19.9 7
20 7
20.1 9
20.2 3
20.3 2
20.4 4
20.5 3
20.6 10
20.7 4
20.8 5
20.9 0
21 1
21.1 4
21.2 4
21.3 5
21.4 7
21.5 10
21.6 7
21.7 5
21.8 2
21.9 4
22 2
22.1 6
22.2 10
22.3 12
22.4 6
22.5 1
22.6 7
22.7 2
22.8 5
22.9 1
23 5
23.1 7
23.2 5
23.3 10
23.4 6
23.5 6
23.6 9
23.7 14
23.8 8
23.9 12
24 11
24.1 7
24.2 11
24.3 22
24.4 12
24.5 17
24.6 20
24.7 12
24.8 43
24.9 90
25 151
25.1 201
25.2 214
25.3 317
25.4 369
25.5 413
25.6 470
25.7 570
25.8 670
25.9 758
26 792
26.1 840
26.2 875
26.3 923
26.4 894
26.5 900
26.6 911
26.7 976
26.8 996
26.9 1093
27 1150
27.1 1134
27.2 1183
27.3 1230
27.4 1243
27.5 1189
27.6 1115
27.7 1095
27.8 1113
27.9 1131
28 1138
28.1 1147
28.2 1179
28.3 1184
28.4 1154
28.5 1147
28.6 1166
28.7 1190
28.8 1208
28.9 1168
29 1067
29.1 1002
29.2 981
29.3 956
29.4 909
29.5 849
29.6 810
29.7 767
29.8 755
29.9 724
30 604
30.1 556
30.2 575
30.3 542
30.4 508
30.5 493
30.6 450
30.7 395
30.8 341
30.9 248
31 213
31.1 185
31.2 113
31.3 46
31.4 12
31.5 1
31.6 2
31.7 6
31.8 1
31.9 1
32 4
32.1 1
32.2 3
32.3 5
32.4 2
32.5 4
32.6 3
32.7 5
32.8 2
32.9 1
33 1
33.1 0
33.2 0
33.3 3
33.4 0
33.5 0
33.6 1
33.7 1
33.8 1
33.9 0
34 1
34.1 0
34.2 0
34.3 1
34.4 0
34.5 1
34.6 0
34.7 2
34.8 1
34.9 1
35 2
35.1 1
35.2 5
35.3 3
35.4 1
35.5 4
35.6 0
35.7 1
35.8 1
35.9 1
36 0
36.1 5
36.2 1
36.3 6
36.4 1
36.5 3
36.6 0
36.7 0
36.8 1
36.9 0
37 2
37.1 2
37.2 3
37.3 0
37.4 1
37.5 7
37.6 8
37.7 3
37.8 3
37.9 6
38 1
38.1 1
38.2 2
38.3 1
38.4 4
38.5 3
38.6 3
38.7 1
38.8 1
38.9 2
39 4
39.1 2
39.2 4
39.3 8
39.4 11
39.5 12
39.6 3
39.7 3
39.8 2
39.9 8
40 2
40.1 4
40.2 10
40.3 6
40.4 15
40.5 19
40.6 14
40.7 8
40.8 12
40.9 7
41 9
41.1 11
41.2 11
41.3 7
41.4 5
41.5 16
41.6 12
41.7 6
41.8 5
41.9 12
42 7
42.1 0
42.2 0
42.3 3
42.4 4
42.5 2
42.6 3
42.7 1
42.8 5
42.9 12
43 20
43.1 10
43.2 9
43.3 3
43.4 9
43.5 13
43.6 9
43.7 16
43.8 9
43.9 3
44 6
44.1 4
44.2 1
44.3 6
44.4 11
44.5 12
44.6 6
44.7 13
44.8 33
44.9 40
45 58
45.1 129
45.2 167
45.3 244
45.4 330
45.5 396
45.6 441
45.7 511
45.8 577
45.9 604
46 681
46.1 709
46.2 740
46.3 730
46.4 710
46.5 774
46.6 820
46.7 853
46.8 885
46.9 887
47 929
47.1 942
47.2 979
47.3 976
47.4 944
47.5 954
47.6 927
47.7 920
47.8 897
47.9 892
48 837
48.1 764
48.2 740
48.3 760
48.4 808
48.5 787
48.6 745
48.7 732
48.8 726
48.9 726
49 737
49.1 731
49.2 694
49.3 645
49.4 616
49.5 547
49.6 505
49.7 497
49.8 508
49.9 457
50 413
50.1 360
50.2 330
50.3 293
50.4 241
50.5 180
50.6 173
50.7 126
50.8 61
50.9 24
51 13
51.1 5
51.2 3
51.3 2
51.4 3
51.5 3
51.6 0
51.7 2
51.8 2
51.9 2
52 1
52.1 1
52.2 0
52.3 0
52.4 2
52.5 15
52.6 5
52.7 2
52.8 2
52.9 4
53 5
53.1 1
53.2 0
53.3 3
53.4 4
53.5 3
53.6 1
53.7 0
53.8 1
53.9 1
54 4
54.1 7
54.2 0
54.3 4
54.4 0
54.5 2
54.6 2
54.7 2
54.8 3
54.9 1
55 3
55.1 0
55.2 0
55.3 0
55.4 2
55.5 3
55.6 3
55.7 1
55.8 1
55.9 1
56 2
56.1 0
56.2 2
56.3 1
56.4 1
56.5 4
56.6 0
56.7 1
56.8 1
56.9 6
57 2
57.1 3
57.2 1
57.3 1
57.4 0
57.5 1
57.6 3
57.7 1
57.8 3
57.9 0
58 6
58.1 3
58.2 2
58.3 1
58.4 1
58.5 0
58.6 3
58.7 2
58.8 2
58.9 5
59 3
59.1 2
59.2 3
59.3 3
59.4 3
59.5 1
59.6 6
59.7 3
59.8 4
59.9 2
60 2
60.1 9
60.2 22
60.3 26
60.4 49
60.5 27
60.6 27
60.7 69
60.8 79
60.9 85
61 53
61.1 35
61.2 40
61.3 32
61.4 27
61.5 21
61.6 20
61.7 20
61.8 31
61.9 23
62 13
62.1 23
62.2 8
62.3 12
62.4 14
62.5 4
62.6 1
62.7 5
62.8 5
62.9 7
63 10
63.1 6
63.2 5
63.3 6
63.4 10
63.5 7
63.6 5
63.7 5
63.8 4
63.9 4
64 10
64.1 13
64.2 5
64.3 1
64.4 8
64.5 18
64.6 9
64.7 5
64.8 10
64.9 10
65 17
65.1 10
65.2 15
65.3 13
65.4 12
65.5 13
65.6 16
65.7 15
65.8 4
65.9 3
66 3
66.1 7
66.2 3
66.3 5
66.4 4
66.5 21
66.6 37
66.7 20
66.8 6
66.9 9
67 17
67.1 17
67.2 6
67.3 10
67.4 20
67.5 16
67.6 21
67.7 18
67.8 19
67.9 53
68 75
68.1 122
68.2 160
68.3 177
68.4 228
68.5 303
68.6 356
68.7 469
68.8 549
68.9 681
69 794
69.1 836
69.2 883
69.3 912
69.4 941
69.5 984
69.6 1000
69.7 1024
69.8 1054
69.9 1099
70 1143
70.1 1159
70.2 1163
70.3 1157
70.4 1135
70.5 1169
70.6 1118
70.7 1100
70.8 1119
70.9 1126
71 1094
71.1 1100
71.2 1095
71.3 1112
71.4 1096
71.5 1107
71.6 1070
71.7 1046
71.8 1032
71.9 1002
72 925
72.1 858
72.2 738
72.3 660
72.4 615
72.5 572
72.6 462
72.7 331
72.8 214
72.9 169
73 114
73.1 77
73.2 23
73.3 13
73.4 2
73.5 5
73.6 0
73.7 1
73.8 4
73.9 1
74 5
74.1 3
74.2 0
74.3 3
74.4 1
74.5 1
74.6 0
74.7 2
74.8 1
74.9 2
75 2
75.1 0
75.2 0
75.3 5
75.4 0
75.5 0
75.6 2
75.7 3
75.8 0
75.9 1
76 3
76.1 3
76.2 4
76.3 4
76.4 2
76.5 0
76.6 0
76.7 6
76.8 0
76.9 2
77 1
77.1 5
77.2 2
77.3 0
77.4 3
77.5 2
77.6 1
77.7 2
77.8 2
77.9 3
78 1
78.1 2
78.2 1
78.3 3
78.4 4
78.5 3
78.6 4
78.7 8
78.8 1
78.9 1
79 4
79.1 5
79.2 9
79.3 4
79.4 0
79.5 0
79.6 1
79.7 4
79.8 4
79.9 0
80 4
80.1 4
80.2 1
80.3 3
80.4 3
80.5 3
80.6 0
80.7 0
80.8 2
80.9 3
81 1
81.1 2
81.2 2
81.3 2
81.4 3
81.5 3
81.6 4
81.7 0
81.8 2
81.9 2
82 5
82.1 10
82.2 9
82.3 1
82.4 6
82.5 3
82.6 2
82.7 5
82.8 0
82.9 2
83 5
83.1 1
83.2 4
83.3 17
83.4 5
83.5 6
83.6 1
83.7 0
83.8 7
83.9 5
84 11
84.1 11
84.2 3
84.3 2
84.4 5
84.5 7
84.6 10
84.7 4
84.8 3
84.9 3
85 6
85.1 9
85.2 11
85.3 46
85.4 72
85.5 95
85.6 86
85.7 102
85.8 181
85.9 248
86 303
86.1 391
86.2 417
86.3 421
86.4 472
86.5 542
86.6 614
86.7 661
86.8 703
86.9 747
87 771
87.1 793
87.2 826
87.3 848
87.4 798
87.5 799
87.6 807
87.7 884
87.8 870
87.9 890
88 881
88.1 860
88.2 896
88.3 914
88.4 922
88.5 943
88.6 904
88.7 868
88.8 890
88.9 912
89 930
89.1 899
89.2 910
89.3 898
89.4 880
89.5 818
89.6 735
89.7 681
89.8 693
89.9 711
90 673
90.1 577
90.2 486
90.3 445
90.4 368
90.5 321
90.6 306
90.7 309
90.8 286
90.9 251
91 175
91.1 139
91.2 75
91.3 50
91.4 19
91.5 4
91.6 1
91.7 0
91.8 3
91.9 3
92 3
92.1 0
92.2 0
92.3 3
92.4 4
92.5 1
92.6 3
92.7 2
92.8 1
92.9 4
93 0
93.1 0
93.2 0
93.3 3
93.4 1
93.5 1
93.6 0
93.7 2
93.8 1
93.9 0
94 0
94.1 3
94.2 2
94.3 2
94.4 2
94.5 3
94.6 3
94.7 0
94.8 1
94.9 1
95 1
95.1 2
95.2 1
95.3 2
95.4 4
95.5 2
95.6 1
95.7 2
95.8 0
95.9 0
96 0
96.1 2
96.2 2
96.3 1
96.4 4
96.5 5
96.6 0
96.7 0
96.8 0
96.9 1
97 1
97.1 2
97.2 0
97.3 2
97.4 4
97.5 0
97.6 2
97.7 1
97.8 2
97.9 2
98 2
98.1 4
98.2 1
98.3 0
98.4 2
98.5 4
98.6 2
98.7 2
98.8 15
98.9 5
99 13
99.1 18
99.2 2
99.3 2
99.4 3
99.5 4
99.6 2
99.7 2
99.8 3
99.9 1
100 7
100.1 0
100.2 4
100.3 5
100.4 2
100.5 4
100.6 3
100.7 4
100.8 6
100.9 2
101 3
101.1 4
101.2 3
101.3 5
101.4 2
101.5 5
101.6 1
101.7 1
101.8 3
101.9 1
102 5
102.1 3
102.2 0
102.3 5
102.4 2
102.5 2
102.6 5
102.7 2
102.8 5
102.9 2
103 3
103.1 6
103.2 3
103.3 4
103.4 10
103.5 5
103.6 2
103.7 4
103.8 1
103.9 5
104 7
104.1 3
104.2 5
104.3 6
104.4 2
104.5 9
104.6 20
104.7 22
104.8 18
104.9 15
105 20
105.1 11
105.2 12
105.3 17
105.4 15
105.5 12
105.6 8
105.7 11
105.8 6
105.9 5
106 4
106.1 10
106.2 13
106.3 18
106.4 41
106.5 32
106.6 33
106.7 39
106.8 17
106.9 10
107 22
107.1 60
107.2 76
107.3 78
107.4 87
107.5 115
107.6 147
107.7 194
107.8 210
107.9 267
108 319
108.1 365
108.2 396
108.3 423
108.4 469
108.5 501
108.6 581
108.7 638
108.8 678
108.9 721
109 760
109.1 817
109.2 881
109.3 962
109.4 1005
109.5 1056
109.6 1109
109.7 1140
109.8 1139
109.9 1070
110 1046
110.1 1078
110.2 1111
110.3 1117
110.4 1115
110.5 1150
110.6 1187
110.7 1170
110.8 1079
110.9 1073
111 1064
111.1 1041
111.2 1023
111.3 999
111.4 991
111.5 970
111.6 899
111.7 905
111.8 900
111.9 889
112 872
112.1 862
112.2 843
112.3 823
112.4 793
112.5 793
112.6 728
112.7 651
112.8 644
112.9 628
113 599
113.1 589
113.2 550
113.3 584
113.4 562
113.5 536
113.6 432
113.7 372
113.8 256
113.9 197
114 136
114.1 55
114.2 60
114.3 37
114.4 7
114.5 3
114.6 1
114.7 2
114.8 3
114.9 0
115 0
115.1 1
115.2 2
115.3 5
115.4 2
115.5 1
115.6 1
115.7 1
115.8 0
115.9 1
116 4
116.1 0
116.2 2
116.3 1
116.4 1
116.5 1
116.6 1
116.7 0
116.8 1
116.9 2
117 3
117.1 1
117.2 1
117.3 0
117.4 1
117.5 4
117.6 3
117.7 0
117.8 0
117.9 0
118 1
118.1 1
118.2 0
118.3 1
118.4 1
118.5 1
118.6 1
118.7 3
118.8 0
118.9 2
119 1
119.1 0
119.2 0
119.3 2
119.4 3
119.5 2
119.6 2
119.7 1
119.8 3
119.9 6
120 3
120.1 2
120.2 1
120.3 1
120.4 2
120.5 0
120.6 0
120.7 4
120.8 5
120.9 6
121 10
121.1 13
121.2 5
121.3 0
121.4 4
121.5 3
121.6 1
121.7 2
121.8 4
121.9 2
122 2
122.1 2
122.2 6
122.3 2
122.4 1
122.5 2
122.6 8
122.7 27
122.8 32
122.9 12
123 13
123.1 8
123.2 4
123.3 10
123.4 14
123.5 1
123.6 6
123.7 5
123.8 4
123.9 8
124 11
124.1 20
124.2 9
124.3 8
124.4 10
124.5 5
124.6 7
124.7 2
124.8 4
124.9 3
125 5
125.1 2
125.2 3
125.3 3
125.4 1
125.5 0
125.6 5
125.7 31
125.8 18
125.9 15
126 7
126.1 10
126.2 14
126.3 23
126.4 11
126.5 7
126.6 3
126.7 7
126.8 9
126.9 4
127 15
127.1 12
127.2 12
127.3 8
127.4 7
127.5 8
127.6 9
127.7 24
127.8 39
127.9 72
128 43
128.1 42
128.2 40
128.3 21
128.4 7
128.5 7
128.6 4
128.7 8
128.8 14
128.9 14
129 18
129.1 41
129.2 10
129.3 14
129.4 23
129.5 14
129.6 6
129.7 8
129.8 13
129.9 10
130 7
130.1 4
130.2 9
130.3 10
130.4 3
130.5 0
130.6 5
130.7 0
130.8 7
130.9 4
131 6
131.1 12
131.2 8
131.3 4
131.4 8
131.5 12
131.6 11
131.7 4
131.8 8
131.9 10
132 14
132.1 19
132.2 14
132.3 21
132.4 28
132.5 20
132.6 17
132.7 12
132.8 4
132.9 3
133 1
133.1 7
133.2 5
133.3 6
133.4 7
133.5 9
133.6 16
133.7 9
133.8 12
133.9 12
134 39
134.1 34
134.2 33
134.3 29
134.4 35
134.5 75
134.6 103
134.7 166
134.8 194
134.9 232
135 308
135.1 458
135.2 557
135.3 628
135.4 723
135.5 765
135.6 825
135.7 923
135.8 982
135.9 1007
136 1049
136.1 1048
136.2 1084
136.3 1132
136.4 1117
136.5 1171
136.6 1183
136.7 1177
136.8 1156
136.9 1125
137 1132
137.1 1081
137.2 1109
137.3 1114
137.4 1121
137.5 1103
137.6 1066
137.7 1085
137.8 1098
137.9 1070
138 1033
138.1 1048
138.2 1038
138.3 1073
138.4 1072
138.5 1043
138.6 1062
138.7 1054
138.8 1022
138.9 957
139 886
139.1 873
139.2 829
139.3 773
139.4 675
139.5 596
139.6 571
139.7 592
139.8 623
139.9 568
140 542
140.1 594
140.2 540
140.3 524
140.4 506
140.5 495
140.6 444
140.7 437
140.8 404
140.9 377
141 329
141.1 316
141.2 255
141.3 142
141.4 81
141.5 46
141.6 29
141.7 7
141.8 9
141.9 5
142 2
142.1 1
142.2 2
142.3 0
142.4 1
142.5 2
142.6 0
142.7 0
142.8 2
142.9 1
143 2
143.1 0
143.2 1
143.3 0
143.4 0
143.5 2
143.6 2
143.7 3
143.8 0
143.9 0
144 1
144.1 0
144.2 4
144.3 0
144.4 2
144.5 0
144.6 0
144.7 2
144.8 1
144.9 1
145 1
145.1 1
145.2 1
145.3 1
145.4 1
145.5 0
145.6 1
145.7 1
145.8 0
145.9 0
146 0
146.1 3
146.2 4
146.3 1
146.4 1
146.5 1
146.6 1
146.7 0
146.8 2
146.9 1
147 0
147.1 3
147.2 0
147.3 2
147.4 1
147.5 0
147.6 2
147.7 4
147.8 2
147.9 1
148 2
148.1 0
148.2 0
148.3 1
148.4 3
148.5 1
148.6 6
148.7 4
148.8 0
148.9 6
149 2
149.1 4
149.2 5
149.3 4
149.4 9
149.5 8
149.6 6
149.7 6
149.8 7
149.9 1
150 9
150.1 6
150.2 7
150.3 8
150.4 5
150.5 5
150.6 2
150.7 4
150.8 7
150.9 7
151 4
151.1 5
151.2 4
151.3 11
151.4 19
151.5 3
151.6 8
151.7 0
151.8 4
151.9 5
152 5
152.1 5
152.2 3
152.3 3
152.4 4
152.5 3
152.6 3
152.7 6
152.8 13
152.9 7
153 4
153.1 7
153.2 4
153.3 3
153.4 1
153.5 3
153.6 4
153.7 14
153.8 35
153.9 20
154 15
154.1 8
154.2 3
154.3 11
154.4 6
154.5 8
154.6 11
154.7 13
154.8 9
154.9 7
155 11
155.1 15
155.2 4
155.3 17
155.4 35
155.5 34
155.6 39
155.7 36
155.8 32
155.9 64
156 69
156.1 101
156.2 129
156.3 134
156.4 124
156.5 139
156.6 192
156.7 273
156.8 301
156.9 413
157 489
157.1 580
157.2 631
157.3 680
157.4 807
157.5 897
157.6 938
157.7 1009
157.8 1045
157.9 1012
158 1006
158.1 993
158.2 945
158.3 956
158.4 917
158.5 925
158.6 977
158.7 1032
158.8 1139
158.9 1165
159 1079
159.1 1013
159.2 1001
159.3 1005
159.4 1029
159.5 998
159.6 1029
159.7 1004
159.8 974
159.9 976
160 939
160.1 885
160.2 848
160.3 883
160.4 861
160.5 843
160.6 831
160.7 864
160.8 834
160.9 808
161 818
161.1 772
161.2 730
161.3 687
161.4 661
161.5 666
161.6 678
161.7 654
161.8 603
161.9 562
162 514
162.1 455
162.2 362
162.3 290
162.4 242
162.5 250
162.6 225
162.7 196
162.8 174
162.9 156
163 155
163.1 112
163.2 53
163.3 36
163.4 17
163.5 2
163.6 2
163.7 1
163.8 1
163.9 0
164 2
164.1 4
164.2 0
164.3 1
164.4 2
164.5 0
164.6 0
164.7 1
164.8 1
164.9 0
165 1
165.1 1
165.2 3
165.3 1
165.4 0
165.5 0
165.6 2
165.7 0
165.8 0
165.9 0
166 1
166.1 1
166.2 1
166.3 3
166.4 4
166.5 4
166.6 4
166.7 1
166.8 3
166.9 1
167 1
167.1 3
167.2 0
167.3 0
167.4 2
167.5 2
167.6 0
167.7 0
167.8 1
167.9 2
168 4
168.1 2
168.2 3
168.3 4
168.4 2
168.5 1
168.6 2
168.7 3
168.8 1
168.9 3
169 1
169.1 1
169.2 2
169.3 3
169.4 0
169.5 1
169.6 0
169.7 1
169.8 8
169.9 0
170 4
170.1 4
170.2 2
170.3 0
170.4 0
170.5 2
170.6 2
170.7 0
170.8 1
170.9 3
171 2
171.1 1
171.2 2
171.3 2
171.4 2
171.5 2
171.6 2
171.7 10
171.8 4
171.9 5
172 10
172.1 4
172.2 5
172.3 5
172.4 7
172.5 2
172.6 2
172.7 3
172.8 2
172.9 3
173 1
173.1 3
173.2 5
173.3 3
173.4 5
173.5 0
173.6 2
173.7 10
173.8 4
173.9 2
174 3
174.1 4
174.2 4
174.3 0
174.4 2
174.5 2
174.6 7
174.7 13
174.8 4
174.9 2
175 8
175.1 11
175.2 3
175.3 11
175.4 2
175.5 4
175.6 5
175.7 8
175.8 17
175.9 19
176 17
176.1 17
176.2 18
176.3 17
176.4 8
176.5 8
176.6 11
176.7 8
176.8 74
176.9 125
177 104
177.1 103
177.2 146
177.3 139
177.4 133
177.5 128
177.6 149
177.7 166
177.8 279
177.9 364
178 435
178.1 460
178.2 557
178.3 581
178.4 606
178.5 708
178.6 802
178.7 868
178.8 917
178.9 893
179 953
179.1 1006
179.2 1042
179.3 1057
179.4 1085
179.5 1064
179.6 1087
179.7 1086
179.8 1140
179.9 1169
180 1190
180.1 1148
180.2 1159
180.3 1221
180.4 1219
180.5 1205
180.6 1155
180.7 1068
180.8 966
180.9 899
181 877
181.1 865
181.2 882
181.3 917
181.4 870
181.5 820
181.6 808
181.7 783
181.8 814
181.9 828
182 772
182.1 728
182.2 681
182.3 577
182.4 523
182.5 471
182.6 419
182.7 358
182.8 293
182.9 245
183 202
183.1 146
183.2 108
183.3 90
183.4 53
183.5 9
183.6 7
183.7 10
183.8 8
183.9 2
184 0
184.1 1
184.2 2
184.3 0
184.4 1
184.5 2
184.6 1
184.7 4
184.8 2
184.9 3
185 1
185.1 0
185.2 1
185.3 0
185.4 0
185.5 1
185.6 2
185.7 2
185.8 1
185.9 2
186 1
186.1 1
186.2 6
186.3 0
186.4 0
186.5 1
186.6 1
186.7 0
186.8 0
186.9 0
187 2
187.1 0
187.2 2
187.3 1
187.4 1
187.5 2
187.6 2
187.7 0
187.8 0
187.9 0
188 1
188.1 3
188.2 8
188.3 4
188.4 1
188.5 1
188.6 1
188.7 3
188.8 0
188.9 3
189 5
189.1 4
189.2 6
189.3 0
189.4 0
189.5 2
189.6 1
189.7 4
189.8 2
189.9 2
190 3
190.1 4
190.2 1
190.3 3
190.4 3
190.5 0
190.6 6
190.7 8
190.8 2
190.9 5
191 3
191.1 2
191.2 1
191.3 4
191.4 3
191.5 0
191.6 3
191.7 5
191.8 16
191.9 10
192 21
192.1 36
192.2 56
192.3 41
192.4 31
192.5 33
192.6 27
192.7 15
192.8 22
192.9 14
193 6
193.1 2
193.2 7
193.3 18
193.4 6
193.5 10
193.6 13
193.7 12
193.8 17
193.9 12
194 13
194.1 7
194.2 7
194.3 6
194.4 9
194.5 5
194.6 7
194.7 5
194.8 5
194.9 2
195 6
195.1 5
195.2 11
195.3 14
195.4 11
195.5 6
195.6 6
195.7 10
195.8 11
195.9 3
196 5
196.1 3
196.2 2
196.3 3
196.4 1
196.5 2
196.6 6
196.7 5
196.8 6
196.9 5
197 5
197.1 4
197.2 9
197.3 6
197.4 8
197.5 4
197.6 9
197.7 8
197.8 6
197.9 4
198 12
198.1 11
198.2 11
198.3 8
198.4 16
198.5 15
198.6 11
198.7 13
198.8 10
198.9 4
199 11
199.1 11
199.2 8
199.3 8
199.4 7
199.5 5
199.6 9
199.7 7
199.8 7
199.9 6
200 8
