0 0
0.1 4
0.2 2
0.3 5
0.4 9
0.5 9
0.6 13
0.7 34
0.8 33
0.9 27
1 26
1.1 42
1.2 42
1.3 49
1.4 41
1.5 35
1.6 37
1.7 31
1.8 38
1.9 32
2 41
2.1 45
2.2 38
2.3 40
2.4 39
2.5 45
2.6 54
2.7 28
2.8 43
2.9 32
3 29
3.1 41
3.2 50
3.3 44
3.4 60
3.5 50
3.6 45
3.7 41
3.8 39
3.9 35
4 49
4.1 41
4.2 47
4.3 50
4.4 33
4.5 46
4.6 44
4.7 48
4.8 42
4.9 45
5 50
5.1 51
5.2 59
5.3 46
5.4 52
5.5 61
5.6 56
5.7 55
5.8 53
5.9 39
6 56
6.1 45
6.2 51
6.3 35
6.4 27
6.5 38
6.6 32
6.7 33
6.8 42
6.9 33
7 36
7.1 46
7.2 45
7.3 32
7.4 23
7.5 35
7.6 26
7.7 24
7.8 27
7.9 36
8 12
8.1 10
8.2 3
8.3 3
8.4 2
8.5 4
8.6 6
8.7 2
8.8 9
8.9 5
9 6
9.1 3
9.2 3
9.3 5
9.4 6
9.5 7
9.6 3
9.7 3
9.8 4
9.9 7
10 5
10.1 13
10.2 3
10.3 9
10.4 4
10.5 5
10.6 6
10.7 7
10.8 4
10.9 4
11 6
11.1 3
11.2 5
11.3 6
11.4 6
11.5 8
11.6 4
11.7 4
11.8 4
11.9 4
12 6
12.1 6
12.2 4
12.3 6
12.4 2
12.5 8
12.6 8
12.7 7
12.8 6
12.9 5
13 3
13.1 9
13.2 9
13.3 10
13.4 8
13.5 6
13.6 8
13.7 6
13.8 8
13.9 6
14 7
14.1 9
14.2 5
14.3 4
14.4 5
14.5 4
14.6 3
14.7 2
14.8 4
14.9 3
15 7
15.1 7
15.2 5
15.3 4
15.4 3
15.5 6
15.6 4
15.7 4
15.8 4
15.9 4
16 2
16.1 0
16.2 1
16.3 4
16.4 2
16.5 7
16.6 8
16.7 2
16.8 4
16.9 3
17 4
17.1 3
17.2 7
17.3 6
17.4 3
17.5 4
17.6 4
17.7 5
17.8 15
17.9 10
18 8
18.1 6
18.2 7
18.3 8
18.4 7
18.5 4
18.6 8
18.7 5
18.8 9
18.9 7
19 5
19.1 5
19.2 2
19.3 3
19.4 6
19.5 1
19.6 6
19.7 7
19.8 2
19.9 5
20 6
20.1 5
20.2 1
20.3 1
20.4 5
20.5 5
20.6 8
20.7 7
20.8 5
20.9 2
21 2
21.1 5
21.2 3
21.3 6
21.4 7
21.5 3
21.6 5
21.7 4
21.8 2
21.9 3
22 6
22.1 4
22.2 6
22.3 6
22.4 3
22.5 5
22.6 3
22.7 2
22.8 5
22.9 4
23 4
23.1 8
23.2 3
23.3 5
23.4 4
23.5 6
23.6 7
23.7 8
23.8 5
23.9 6
24 5
24.1 3
24.2 7
24.3 7
24.4 4
24.5 7
24.6 5
24.7 5
24.8 20
24.9 24
25 26
25.1 20
25.2 14
25.3 36
25.4 22
25.5 25
25.6 29
25.7 38
25.8 51
25.9 35
26 35
26.1 36
26.2 36
26.3 35
26.4 31
26.5 28
26.6 47
26.7 47
26.8 47
26.9 50
27 41
27.1 44
27.2 43
27.3 50
27.4 40
27.5 32
27.6 25
27.7 37
27.8 38
27.9 38
28 41
28.1 45
28.2 58
28.3 41
28.4 40
28.5 42
28.6 57
28.7 58
28.8 45
28.9 33
29 27
29.1 46
29.2 42
29.3 45
29.4 38
29.5 28
29.6 41
29.7 46
29.8 47
29.9 30
30 27
30.1 51
30.2 33
30.3 37
30.4 39
30.5 42
30.6 35
30.7 29
30.8 24
30.9 32
31 28
31.1 32
31.2 10
31.3 12
31.4 8
31.5 2
31.6 7
31.7 5
31.8 5
31.9 7
32 6
32.1 5
32.2 8
32.3 7
32.4 11
32.5 6
32.6 9
32.7 4
32.8 6
32.9 8
33 7
33.1 3
33.2 4
33.3 5
33.4 3
33.5 6
33.6 7
33.7 7
33.8 3
33.9 6
34 6
34.1 4
34.2 4
34.3 5
34.4 3
34.5 6
34.6 5
34.7 4
34.8 5
34.9 3
35 6
35.1 6
35.2 12
35.3 5
35.4 4
35.5 3
35.6 3
35.7 7
35.8 3
35.9 3
36 2
36.1 7
36.2 5
36.3 10
36.4 5
36.5 4
36.6 2
36.7 4
36.8 5
36.9 5
37 7
37.1 5
37.2 4
37.3 1
37.4 4
37.5 6
37.6 11
37.7 8
37.8 3
37.9 7
38 5
38.1 6
38.2 4
38.3 2
38.4 4
38.5 4
38.6 4
38.7 2
38.8 3
38.9 3
39 7
39.1 5
39.2 12
39.3 18
39.4 13
39.5 8
39.6 6
39.7 5
39.8 3
39.9 6
40 6
40.1 6
40.2 12
40.3 7
40.4 18
40.5 13
40.6 9
40.7 9
40.8 5
40.9 6
41 8
41.1 6
41.2 6
41.3 6
41.4 4
41.5 11
41.6 7
41.7 5
41.8 7
41.9 7
42 6
42.1 2
42.2 1
42.3 3
42.4 5
42.5 3
42.6 4
42.7 4
42.8 6
42.9 7
43 13
43.1 9
43.2 8
43.3 4
43.4 4
43.5 9
43.6 5
43.7 10
43.8 7
43.9 4
44 2
44.1 8
44.2 4
44.3 7
44.4 14
44.5 10
44.6 6
44.7 7
44.8 28
44.9 10
45 33
45.1 31
45.2 31
45.3 27
45.4 42
45.5 29
45.6 28
45.7 31
45.8 28
45.9 36
46 31
46.1 29
46.2 36
46.3 28
46.4 35
46.5 36
46.6 48
46.7 30
46.8 38
46.9 42
47 41
47.1 36
47.2 35
47.3 39
47.4 38
47.5 44
47.6 39
47.7 39
47.8 36
47.9 34
48 21
48.1 26
48.2 39
48.3 40
48.4 45
48.5 31
48.6 32
48.7 35
48.8 36
48.9 45
49 38
49.1 43
49.2 23
49.3 40
49.4 28
49.5 32
49.6 42
49.7 41
49.8 40
49.9 24
50 26
50.1 33
50.2 26
50.3 34
50.4 23
50.5 34
50.6 24
50.7 19
50.8 11
50.9 8
51 5
51.1 6
51.2 5
51.3 4
51.4 7
51.5 4
51.6 2
51.7 4
51.8 2
51.9 5
52 6
52.1 5
52.2 7
52.3 5
52.4 7
52.5 30
52.6 13
52.7 12
52.8 9
52.9 11
53 10
53.1 8
53.2 1
53.3 4
53.4 7
53.5 6
53.6 3
53.7 2
53.8 1
53.9 2
54 8
54.1 8
54.2 9
54.3 9
54.4 5
54.5 5
54.6 1
54.7 5
54.8 4
54.9 5
55 4
55.1 0
55.2 2
55.3 3
55.4 2
55.5 7
55.6 3
55.7 4
55.8 4
55.9 5
56 2
56.1 2
56.2 4
56.3 4
56.4 8
56.5 9
56.6 3
56.7 6
56.8 3
56.9 8
57 6
57.1 5
57.2 3
57.3 4
57.4 0
57.5 4
57.6 7
57.7 3
57.8 6
57.9 8
58 6
58.1 5
58.2 4
58.3 2
58.4 2
58.5 2
58.6 1
58.7 2
58.8 4
58.9 3
59 6
59.1 5
59.2 5
59.3 3
59.4 6
59.5 6
59.6 6
59.7 5
59.8 4
59.9 4
60 4
60.1 15
60.2 13
60.3 20
60.4 16
60.5 10
60.6 17
60.7 28
60.8 18
60.9 7
61 6
61.1 4
61.2 9
61.3 8
61.4 7
61.5 4
61.6 3
61.7 6
61.8 13
61.9 7
62 2
62.1 6
62.2 6
62.3 8
62.4 5
62.5 3
62.6 4
62.7 6
62.8 5
62.9 6
63 5
63.1 5
63.2 3
63.3 4
63.4 6
63.5 4
63.6 5
63.7 2
63.8 2
63.9 3
64 7
64.1 10
64.2 4
64.3 2
64.4 8
64.5 7
64.6 4
64.7 4
64.8 9
64.9 6
65 6
65.1 6
65.2 7
65.3 5
65.4 6
65.5 6
65.6 7
65.7 8
65.8 4
65.9 5
66 3
66.1 3
66.2 3
66.3 5
66.4 10
66.5 16
66.6 11
66.7 6
66.8 6
66.9 5
67 7
67.1 5
67.2 3
67.3 10
67.4 8
67.5 6
67.6 8
67.7 7
67.8 8
67.9 17
68 17
68.1 19
68.2 27
68.3 10
68.4 32
68.5 25
68.6 41
68.7 44
68.8 41
68.9 51
69 39
69.1 36
69.2 43
69.3 36
69.4 37
69.5 35
69.6 44
69.7 36
69.8 43
69.9 46
70 41
70.1 42
70.2 43
70.3 33
70.4 43
70.5 42
70.6 34
70.7 38
70.8 42
70.9 54
71 43
71.1 38
71.2 38
71.3 39
71.4 58
71.5 52
71.6 45
71.7 56
71.8 48
71.9 38
72 39
72.1 30
72.2 27
72.3 33
72.4 36
72.5 30
72.6 20
72.7 15
72.8 27
72.9 22
73 30
73.1 17
73.2 9
73.3 6
73.4 3
73.5 4
73.6 4
73.7 3
73.8 5
73.9 1
74 7
74.1 6
74.2 4
74.3 3
74.4 4
74.5 4
74.6 2
74.7 8
74.8 5
74.9 4
75 8
75.1 2
75.2 4
75.3 8
75.4 4
75.5 6
75.6 6
75.7 7
75.8 6
75.9 6
76 5
76.1 9
76.2 18
76.3 13
76.4 10
76.5 10
76.6 8
76.7 9
76.8 8
76.9 6
77 7
77.1 13
77.2 11
77.3 3
77.4 7
77.5 7
77.6 5
77.7 6
77.8 6
77.9 6
78 3
78.1 3
78.2 5
78.3 6
78.4 5
78.5 9
78.6 12
78.7 7
78.8 5
78.9 7
79 10
79.1 13
79.2 14
79.3 8
79.4 4
79.5 3
79.6 4
79.7 5
79.8 6
79.9 2
80 5
80.1 6
80.2 5
80.3 5
80.4 4
80.5 6
80.6 3
80.7 2
80.8 4
80.9 7
81 2
81.1 3
81.2 4
81.3 4
81.4 5
81.5 5
81.6 6
81.7 6
81.8 5
81.9 4
82 7
82.1 22
82.2 9
82.3 8
82.4 6
82.5 8
82.6 5
82.7 5
82.8 3
82.9 1
83 4
83.1 2
83.2 5
83.3 21
83.4 8
83.5 4
83.6 3
83.7 2
83.8 8
83.9 5
84 6
84.1 9
84.2 6
84.3 3
84.4 5
84.5 8
84.6 7
84.7 2
84.8 2
84.9 3
85 6
85.1 7
85.2 19
85.3 35
85.4 30
85.5 19
85.6 8
85.7 36
85.8 35
85.9 26
86 46
86.1 27
86.2 24
86.3 27
86.4 32
86.5 42
86.6 29
86.7 35
86.8 40
86.9 43
87 37
87.1 34
87.2 38
87.3 27
87.4 35
87.5 34
87.6 47
87.7 42
87.8 35
87.9 43
88 39
88.1 40
88.2 57
88.3 42
88.4 46
88.5 47
88.6 30
88.7 35
88.8 48
88.9 48
89 43
89.1 38
89.2 42
89.3 50
89.4 45
89.5 37
89.6 35
89.7 43
89.8 59
89.9 51
90 29
90.1 23
90.2 33
90.3 39
90.4 32
90.5 36
90.6 42
90.7 39
90.8 42
90.9 29
91 22
91.1 29
91.2 28
91.3 20
91.4 11
91.5 2
91.6 2
91.7 2
91.8 6
91.9 4
92 6
92.1 2
92.2 3
92.3 4
92.4 7
92.5 7
92.6 7
92.7 2
92.8 3
92.9 7
93 5
93.1 3
93.2 5
93.3 4
93.4 5
93.5 3
93.6 1
93.7 4
93.8 5
93.9 4
94 5
94.1 6
94.2 7
94.3 4
94.4 5
94.5 10
94.6 10
94.7 1
94.8 3
94.9 4
95 6
95.1 8
95.2 9
95.3 6
95.4 8
95.5 8
95.6 11
95.7 6
95.8 5
95.9 3
96 4
96.1 4
96.2 6
96.3 3
96.4 9
96.5 6
96.6 1
96.7 2
96.8 1
96.9 4
97 3
97.1 5
97.2 4
97.3 2
97.4 3
97.5 1
97.6 4
97.7 4
97.8 6
97.9 3
98 5
98.1 5
98.2 3
98.3 3
98.4 5
98.5 8
98.6 9
98.7 7
98.8 24
98.9 15
99 16
99.1 18
99.2 4
99.3 7
99.4 6
99.5 6
99.6 5
99.7 7
99.8 6
99.9 8
100 8
100.1 5
100.2 4
100.3 7
100.4 6
100.5 7
100.6 8
100.7 11
100.8 6
100.9 5
101 5
101.1 4
101.2 5
101.3 4
101.4 14
101.5 11
101.6 2
101.7 2
101.8 4
101.9 3
102 6
102.1 4
102.2 3
102.3 5
102.4 4
102.5 3
102.6 4
102.7 5
102.8 6
102.9 4
103 8
103.1 4
103.2 4
103.3 4
103.4 12
103.5 3
103.6 5
103.7 5
103.8 2
103.9 5
104 4
104.1 3
104.2 4
104.3 4
104.4 4
104.5 5
104.6 11
104.7 10
104.8 10
104.9 7
105 9
105.1 5
105.2 5
105.3 9
105.4 5
105.5 4
105.6 4
105.7 6
105.8 6
105.9 5
106 2
106.1 8
106.2 8
106.3 22
106.4 15
106.5 9
106.6 11
106.7 9
106.8 3
106.9 3
107 17
107.1 21
107.2 14
107.3 11
107.4 16
107.5 19
107.6 19
107.7 28
107.8 19
107.9 21
108 25
108.1 29
108.2 25
108.3 28
108.4 26
108.5 30
108.6 37
108.7 41
108.8 29
108.9 40
109 36
109.1 40
109.2 45
109.3 42
109.4 45
109.5 48
109.6 54
109.7 39
109.8 29
109.9 27
110 42
110.1 49
110.2 44
110.3 44
110.4 48
110.5 58
110.6 46
110.7 39
110.8 38
110.9 43
111 36
111.1 43
111.2 38
111.3 52
111.4 48
111.5 41
111.6 33
111.7 45
111.8 40
111.9 44
112 42
112.1 45
112.2 30
112.3 51
112.4 42
112.5 42
112.6 39
112.7 32
112.8 43
112.9 49
113 38
113.1 46
113.2 51
113.3 47
113.4 47
113.5 42
113.6 28
113.7 21
113.8 21
113.9 29
114 29
114.1 14
114.2 38
114.3 18
114.4 9
114.5 5
114.6 5
114.7 6
114.8 1
114.9 1
115 1
115.1 4
115.2 8
115.3 7
115.4 6
115.5 2
115.6 2
115.7 6
115.8 9
115.9 7
116 13
116.1 5
116.2 2
116.3 3
116.4 3
116.5 5
116.6 3
116.7 4
116.8 4
116.9 6
117 7
117.1 12
117.2 6
117.3 4
117.4 4
117.5 5
117.6 4
117.7 6
117.8 3
117.9 4
118 4
118.1 2
118.2 5
118.3 4
118.4 6
118.5 6
118.6 4
118.7 2
118.8 4
118.9 3
119 3
119.1 3
119.2 4
119.3 3
119.4 7
119.5 10
119.6 8
119.7 5
119.8 7
119.9 6
120 4
120.1 4
120.2 8
120.3 4
120.4 10
120.5 4
120.6 8
120.7 8
120.8 9
120.9 7
121 21
121.1 16
121.2 5
121.3 3
121.4 4
121.5 4
121.6 5
121.7 6
121.8 5
121.9 8
122 3
122.1 3
122.2 5
122.3 4
122.4 3
122.5 11
122.6 27
122.7 41
122.8 19
122.9 10
123 7
123.1 6
123.2 10
123.3 13
123.4 10
123.5 5
123.6 5
123.7 7
123.8 7
123.9 7
124 17
124.1 11
124.2 8
124.3 7
124.4 6
124.5 4
124.6 5
124.7 1
124.8 5
124.9 3
125 7
125.1 2
125.2 4
125.3 4
125.4 2
125.5 4
125.6 14
125.7 26
125.8 10
125.9 6
126 8
126.1 10
126.2 11
126.3 11
126.4 6
126.5 5
126.6 7
126.7 3
126.8 6
126.9 6
127 8
127.1 10
127.2 8
127.3 7
127.4 5
127.5 7
127.6 6
127.7 20
127.8 25
127.9 14
128 6
128.1 9
128.2 7
128.3 4
128.4 3
128.5 4
128.6 4
128.7 4
128.8 10
128.9 6
129 16
129.1 17
129.2 5
129.3 7
129.4 7
129.5 7
129.6 3
129.7 4
129.8 7
129.9 7
130 6
130.1 5
130.2 5
130.3 5
130.4 2
130.5 2
130.6 4
130.7 2
130.8 6
130.9 7
131 8
131.1 6
131.2 7
131.3 6
131.4 10
131.5 7
131.6 7
131.7 6
131.8 7
131.9 8
132 10
132.1 12
132.2 9
132.3 9
132.4 12
132.5 7
132.6 7
132.7 3
132.8 1
132.9 0
133 0
133.1 3
133.2 6
133.3 5
133.4 8
133.5 8
133.6 8
133.7 10
133.8 5
133.9 7
134 16
134.1 8
134.2 8
134.3 6
134.4 14
134.5 24
134.6 28
134.7 22
134.8 19
134.9 33
135 40
135.1 49
135.2 35
135.3 42
135.4 43
135.5 33
135.6 47
135.7 50
135.8 29
135.9 36
136 34
136.1 31
136.2 42
136.3 38
136.4 46
136.5 46
136.6 40
136.7 41
136.8 41
136.9 44
137 35
137.1 44
137.2 41
137.3 41
137.4 42
137.5 41
137.6 46
137.7 40
137.8 37
137.9 48
138 43
138.1 52
138.2 55
138.3 58
138.4 49
138.5 55
138.6 45
138.7 50
138.8 39
138.9 31
139 37
139.1 40
139.2 43
139.3 33
139.4 38
139.5 32
139.6 46
139.7 47
139.8 48
139.9 31
140 40
140.1 48
140.2 37
140.3 43
140.4 48
140.5 35
140.6 41
140.7 45
140.8 44
140.9 41
141 48
141.1 47
141.2 22
141.3 26
141.4 22
141.5 23
141.6 17
141.7 9
141.8 14
141.9 9
142 7
142.1 5
142.2 4
142.3 4
142.4 5
142.5 3
142.6 6
142.7 3
142.8 5
142.9 5
143 6
143.1 4
143.2 8
143.3 7
143.4 8
143.5 7
143.6 6
143.7 3
143.8 3
143.9 2
144 4
144.1 5
144.2 9
144.3 6
144.4 7
144.5 3
144.6 4
144.7 4
144.8 4
144.9 4
145 3
145.1 4
145.2 5
145.3 5
145.4 3
145.5 4
145.6 4
145.7 6
145.8 3
145.9 0
146 2
146.1 12
146.2 9
146.3 4
146.4 6
146.5 10
146.6 5
146.7 4
146.8 3
146.9 3
147 8
147.1 9
147.2 5
147.3 10
147.4 4
147.5 4
147.6 4
147.7 5
147.8 5
147.9 5
148 3
148.1 5
148.2 2
148.3 2
148.4 4
148.5 3
148.6 6
148.7 7
148.8 5
148.9 10
149 9
149.1 6
149.2 8
149.3 7
149.4 12
149.5 10
149.6 6
149.7 7
149.8 5
149.9 7
150 10
150.1 12
150.2 10
150.3 5
150.4 4
150.5 5
150.6 7
150.7 3
150.8 8
150.9 7
151 4
151.1 6
151.2 2
151.3 17
151.4 12
151.5 5
151.6 7
151.7 2
151.8 4
151.9 3
152 5
152.1 2
152.2 6
152.3 2
152.4 4
152.5 4
152.6 5
152.7 5
152.8 11
152.9 6
153 6
153.1 5
153.2 5
153.3 3
153.4 3
153.5 3
153.6 6
153.7 27
153.8 22
153.9 10
154 5
154.1 4
154.2 4
154.3 4
154.4 5
154.5 8
154.6 8
154.7 10
154.8 5
154.9 7
155 6
155.1 5
155.2 3
155.3 5
155.4 29
155.5 17
155.6 9
155.7 6
155.8 15
155.9 11
156 16
156.1 22
156.2 15
156.3 11
156.4 17
156.5 22
156.6 30
156.7 31
156.8 33
156.9 35
157 35
157.1 36
157.2 46
157.3 37
157.4 45
157.5 41
157.6 43
157.7 51
157.8 39
157.9 39
158 37
158.1 31
158.2 32
158.3 36
158.4 34
158.5 41
158.6 44
158.7 51
158.8 48
158.9 39
159 30
159.1 40
159.2 38
159.3 48
159.4 48
159.5 43
159.6 50
159.7 34
159.8 39
159.9 51
160 31
160.1 37
160.2 47
160.3 49
160.4 37
160.5 42
160.6 52
160.7 49
160.8 40
160.9 40
161 56
161.1 50
161.2 41
161.3 37
161.4 40
161.5 44
161.6 33
161.7 39
161.8 35
161.9 44
162 41
162.1 26
162.2 34
162.3 35
162.4 45
162.5 48
162.6 30
162.7 42
162.8 45
162.9 44
163 40
163.1 18
163.2 18
163.3 26
163.4 12
163.5 7
163.6 7
163.7 3
163.8 5
163.9 8
164 6
164.1 8
164.2 4
164.3 1
164.4 3
164.5 1
164.6 0
164.7 4
164.8 8
164.9 7
165 6
165.1 4
165.2 6
165.3 6
165.4 3
165.5 5
165.6 5
165.7 3
165.8 4
165.9 2
166 3
166.1 8
166.2 6
166.3 6
166.4 8
166.5 5
166.6 6
166.7 7
166.8 6
166.9 5
167 5
167.1 5
167.2 5
167.3 4
167.4 5
167.5 5
167.6 2
167.7 2
167.8 2
167.9 4
168 4
168.1 4
168.2 9
168.3 11
168.4 11
168.5 8
168.6 7
168.7 5
168.8 6
168.9 10
169 4
169.1 4
169.2 2
169.3 2
169.4 3
169.5 3
169.6 4
169.7 5
169.8 14
169.9 6
170 6
170.1 8
170.2 7
170.3 3
170.4 1
170.5 2
170.6 2
170.7 3
170.8 4
170.9 4
171 5
171.1 4
171.2 6
171.3 4
171.4 5
171.5 3
171.6 4
171.7 19
171.8 12
171.9 7
172 6
172.1 6
172.2 3
172.3 3
172.4 6
172.5 4
172.6 7
172.7 4
172.8 7
172.9 7
173 5
173.1 5
173.2 3
173.3 5
173.4 4
173.5 2
173.6 2
173.7 5
173.8 3
173.9 1
174 6
174.1 6
174.2 2
174.3 4
174.4 3
174.5 1
174.6 6
174.7 12
174.8 6
174.9 2
175 5
175.1 8
175.2 5
175.3 9
175.4 2
175.5 2
175.6 5
175.7 8
175.8 27
175.9 12
176 9
176.1 10
176.2 9
176.3 6
176.4 5
176.5 5
176.6 7
176.7 17
176.8 44
176.9 21
177 8
177.1 20
177.2 18
177.3 15
177.4 8
177.5 14
177.6 22
177.7 18
177.8 40
177.9 44
178 26
178.1 39
178.2 31
178.3 33
178.4 29
178.5 44
178.6 48
178.7 44
178.8 32
178.9 34
179 39
179.1 45
179.2 39
179.3 49
179.4 48
179.5 36
179.6 46
179.7 40
179.8 60
179.9 50
180 42
180.1 39
180.2 58
180.3 47
180.4 45
180.5 48
180.6 40
180.7 34
180.8 38
180.9 34
181 45
181.1 49
181.2 50
181.3 47
181.4 37
181.5 27
181.6 58
181.7 49
181.8 46
181.9 44
182 39
182.1 44
182.2 32
182.3 27
182.4 39
182.5 36
182.6 32
182.7 37
182.8 32
182.9 34
183 30
183.1 31
183.2 21
183.3 27
183.4 15
183.5 9
183.6 9
183.7 10
183.8 5
183.9 5
184 5
184.1 3
184.2 5
184.3 1
184.4 4
184.5 5
184.6 7
184.7 7
184.8 10
184.9 8
185 10
185.1 5
185.2 4
185.3 4
185.4 3
185.5 4
185.6 4
185.7 6
185.8 7
185.9 6
186 3
186.1 8
186.2 9
186.3 4
186.4 4
186.5 6
186.6 5
186.7 3
186.8 1
186.9 0
187 6
187.1 5
187.2 4
187.3 6
187.4 4
187.5 8
187.6 3
187.7 5
187.8 3
187.9 2
188 4
188.1 7
188.2 11
188.3 7
188.4 3
188.5 8
188.6 5
188.7 2
188.8 4
188.9 7
189 6
189.1 6
189.2 6
189.3 3
189.4 3
189.5 5
189.6 1
189.7 4
189.8 4
189.9 4
190 4
190.1 11
190.2 5
190.3 6
190.4 6
190.5 6
190.6 12
190.7 9
190.8 7
190.9 4
191 4
191.1 5
191.2 3
191.3 4
191.4 6
191.5 5
191.6 5
191.7 8
191.8 17
191.9 12
192 19
192.1 26
192.2 22
192.3 15
192.4 8
192.5 10
192.6 7
192.7 7
192.8 8
192.9 4
193 2
193.1 4
193.2 8
193.3 10
193.4 7
193.5 11
193.6 9
193.7 12
193.8 11
193.9 9
194 8
194.1 7
194.2 6
194.3 7
194.4 3
194.5 2
194.6 7
194.7 5
194.8 3
194.9 3
195 6
195.1 5
195.2 6
195.3 11
195.4 5
195.5 4
195.6 7
195.7 6
195.8 3
195.9 1
196 4
196.1 4
196.2 4
196.3 2
196.4 5
196.5 5
196.6 3
196.7 6
196.8 5
196.9 4
197 3
197.1 6
197.2 8
197.3 8
197.4 6
197.5 2
197.6 6
197.7 4
197.8 5
197.9 2
198 6
198.1 5
198.2 8
198.3 8
198.4 5
198.5 6
198.6 7
198.7 5
198.8 4
198.9 3
199 5
199.1 9
199.2 7
199.3 9
199.4 5
199.5 7
199.6 4
199.7 5
199.8 4
199.9 4
200 4
