0 0
0.1 0
0.2 0
0.3 0
0.4 0
0.5 0
0.6 1
0.7 1
0.8 0
0.9 0
1 0
1.1 0
1.2 0
1.3 5
1.4 2
1.5 3
1.6 2
1.7 3
1.8 0
1.9 4
2 2
2.1 4
2.2 0
2.3 2
2.4 1
2.5 3
2.6 3
2.7 3
2.8 3
2.9 1
3 3
3.1 2
3.2 1
3.3 2
3.4 2
3.5 3
3.6 5
3.7 2
3.8 3
3.9 2
4 4
4.1 3
4.2 9
4.3 4
4.4 4
4.5 5
4.6 3
4.7 5
4.8 2
4.9 6
5 7
5.1 6
5.2 2
5.3 5
5.4 8
5.5 2
5.6 6
5.7 1
5.8 7
5.9 8
6 13
6.1 9
6.2 14
6.3 5
6.4 6
6.5 9
6.6 13
6.7 10
6.8 13
6.9 21
7 22
7.1 19
7.2 17
7.3 18
7.4 32
7.5 35
7.6 28
7.7 43
7.8 75
7.9 129
8 135
8.1 252
8.2 388
8.3 529
8.4 633
8.5 743
8.6 837
8.7 917
8.8 971
8.9 1001
9 1032
9.1 1085
9.2 1117
9.3 1180
9.4 1207
9.5 1221
9.6 1234
9.7 1272
9.8 1297
9.9 1311
10 1290
10.1 1281
10.2 1267
10.3 1251
10.4 1222
10.5 1218
10.6 1211
10.7 1200
10.8 1195
10.9 1211
11 1201
11.1 1214
11.2 1208
11.3 1189
11.4 1191
11.5 1163
11.6 1134
11.7 1127
11.8 1126
11.9 1109
12 1099
12.1 1084
12.2 1066
12.3 1057
12.4 1060
12.5 1063
12.6 1049
12.7 1036
12.8 1000
12.9 987
13 958
13.1 944
13.2 922
13.3 880
13.4 852
13.5 850
13.6 816
13.7 793
13.8 778
13.9 783
14 765
14.1 733
14.2 710
14.3 701
14.4 698
14.5 691
14.6 695
14.7 705
14.8 686
14.9 684
15 668
15.1 655
15.2 633
15.3 632
15.4 633
15.5 632
15.6 624
15.7 620
15.8 606
15.9 606
16 590
16.1 597
16.2 609
16.3 611
16.4 605
16.5 597
16.6 554
16.7 520
16.8 522
16.9 510
17 502
17.1 489
17.2 483
17.3 477
17.4 475
17.5 481
17.6 467
17.7 456
17.8 413
17.9 387
18 357
18.1 337
18.2 311
18.3 306
18.4 292
18.5 279
18.6 278
18.7 251
18.8 262
18.9 244
19 225
19.1 239
19.2 243
19.3 254
19.4 268
19.5 269
19.6 263
19.7 252
19.8 250
19.9 249
20 260
20.1 251
20.2 253
20.3 257
20.4 273
20.5 270
20.6 256
20.7 238
20.8 233
20.9 250
21 263
21.1 263
21.2 264
21.3 259
21.4 231
21.5 227
21.6 216
21.7 211
21.8 223
21.9 242
22 238
22.1 232
22.2 227
22.3 216
22.4 194
22.5 190
22.6 194
22.7 192
22.8 205
22.9 197
23 206
23.1 191
23.2 176
23.3 177
23.4 175
23.5 182
23.6 171
23.7 155
23.8 139
23.9 137
24 136
24.1 136
24.2 144
24.3 132
24.4 111
24.5 106
24.6 98
24.7 101
24.8 100
24.9 50
25 25
25.1 15
25.2 8
25.3 11
25.4 14
25.5 7
25.6 7
25.7 8
25.8 3
25.9 8
26 1
26.1 3
26.2 3
26.3 4
26.4 4
26.5 5
26.6 2
26.7 4
26.8 1
26.9 3
27 6
27.1 3
27.2 4
27.3 2
27.4 7
27.5 5
27.6 3
27.7 7
27.8 6
27.9 5
28 4
28.1 8
28.2 4
28.3 9
28.4 7
28.5 7
28.6 7
28.7 9
28.8 6
28.9 8
29 9
29.1 8
29.2 9
29.3 10
29.4 12
29.5 14
29.6 10
29.7 10
29.8 13
29.9 21
30 18
30.1 18
30.2 18
30.3 15
30.4 23
30.5 19
30.6 21
30.7 29
30.8 32
30.9 30
31 44
31.1 58
31.2 88
31.3 145
31.4 237
31.5 347
31.6 491
31.7 612
31.8 723
31.9 794
32 848
32.1 899
32.2 925
32.3 967
32.4 992
32.5 1001
32.6 1037
32.7 1049
32.8 1055
32.9 1076
33 1106
33.1 1090
33.2 1111
33.3 1146
33.4 1129
33.5 1134
33.6 1132
33.7 1123
33.8 1123
33.9 1119
34 1119
34.1 1114
34.2 1110
34.3 1126
34.4 1125
34.5 1119
34.6 1116
34.7 1094
34.8 1083
34.9 1057
35 1043
35.1 1020
35.2 986
35.3 933
35.4 917
35.5 910
35.6 903
35.7 897
35.8 878
35.9 880
36 866
36.1 864
36.2 824
36.3 801
36.4 756
36.5 752
36.6 749
36.7 748
36.8 746
36.9 737
37 716
37.1 701
37.2 682
37.3 687
37.4 698
37.5 675
37.6 633
37.7 614
37.8 603
37.9 606
38 589
38.1 573
38.2 565
38.3 566
38.4 559
38.5 559
38.6 565
38.7 566
38.8 563
38.9 569
39 569
39.1 543
39.2 499
39.3 473
39.4 410
39.5 380
39.6 363
39.7 366
39.8 375
39.9 376
40 355
40.1 361
40.2 354
40.3 326
40.4 330
40.5 276
40.6 252
40.7 256
40.8 242
40.9 238
41 255
41.1 243
41.2 246
41.3 257
41.4 269
41.5 251
41.6 243
41.7 238
41.8 244
41.9 245
42 235
42.1 247
42.2 272
42.3 295
42.4 306
42.5 314
42.6 306
42.7 322
42.8 313
42.9 317
43 273
43.1 236
43.2 226
43.3 240
43.4 253
43.5 230
43.6 209
43.7 205
43.8 197
43.9 213
44 222
44.1 224
44.2 236
44.3 241
44.4 247
44.5 209
44.6 193
44.7 195
44.8 151
44.9 98
45 81
45.1 37
45.2 25
45.3 17
45.4 6
45.5 8
45.6 11
45.7 7
45.8 9
45.9 4
46 2
46.1 5
46.2 6
46.3 7
46.4 6
46.5 5
46.6 3
46.7 6
46.8 4
46.9 4
47 6
47.1 5
47.2 5
47.3 6
47.4 6
47.5 8
47.6 6
47.7 13
47.8 9
47.9 8
48 5
48.1 15
48.2 12
48.3 8
48.4 7
48.5 8
48.6 10
48.7 9
48.8 8
48.9 11
49 6
49.1 14
49.2 9
49.3 13
49.4 17
49.5 11
49.6 26
49.7 20
49.8 16
49.9 19
50 26
50.1 33
50.2 36
50.3 37
50.4 54
50.5 52
50.6 48
50.7 80
50.8 101
50.9 184
51 272
51.1 366
51.2 467
51.3 559
51.4 644
51.5 688
51.6 744
51.7 806
51.8 867
51.9 902
52 928
52.1 974
52.2 999
52.3 1015
52.4 1037
52.5 980
52.6 907
52.7 896
52.8 911
52.9 910
53 897
53.1 879
53.2 885
53.3 921
53.4 925
53.5 931
53.6 926
53.7 942
53.8 956
53.9 952
54 947
54.1 922
54.2 901
54.3 892
54.4 877
54.5 871
54.6 849
54.7 848
54.8 858
54.9 833
55 848
55.1 836
55.2 833
55.3 823
55.4 816
55.5 801
55.6 776
55.7 755
55.8 751
55.9 744
56 734
56.1 730
56.2 716
56.3 684
56.4 669
56.5 658
56.6 662
56.7 667
56.8 660
56.9 652
57 641
57.1 625
57.2 601
57.3 583
57.4 579
57.5 595
57.6 582
57.7 567
57.8 558
57.9 534
58 524
58.1 503
58.2 505
58.3 513
58.4 516
58.5 524
58.6 526
58.7 513
58.8 516
58.9 491
59 478
59.1 469
59.2 450
59.3 435
59.4 433
59.5 427
59.6 419
59.7 407
59.8 404
59.9 389
60 374
60.1 364
60.2 289
60.3 208
60.4 139
60.5 119
60.6 126
60.7 86
60.8 60
60.9 41
61 58
61.1 81
61.2 89
61.3 86
61.4 89
61.5 93
61.6 114
61.7 123
61.8 98
61.9 95
62 110
62.1 130
62.2 126
62.3 145
62.4 162
62.5 172
62.6 193
62.7 213
62.8 211
62.9 201
63 199
63.1 200
63.2 214
63.3 216
63.4 205
63.5 208
63.6 219
63.7 215
63.8 221
63.9 238
64 225
64.1 215
64.2 213
64.3 229
64.4 238
64.5 231
64.6 218
64.7 219
64.8 220
64.9 198
65 180
65.1 183
65.2 177
65.3 163
65.4 178
65.5 179
65.6 180
65.7 178
65.8 182
65.9 187
66 193
66.1 188
66.2 192
66.3 192
66.4 196
66.5 170
66.6 142
66.7 117
66.8 121
66.9 124
67 128
67.1 119
67.2 126
67.3 137
67.4 134
67.5 120
67.6 113
67.7 105
67.8 90
67.9 85
68 53
68.1 38
68.2 18
68.3 24
68.4 13
68.5 9
68.6 5
68.7 6
68.8 7
68.9 2
69 12
69.1 3
69.2 5
69.3 3
69.4 2
69.5 1
69.6 6
69.7 4
69.8 6
69.9 3
70 2
70.1 8
70.2 2
70.3 2
70.4 7
70.5 5
70.6 3
70.7 6
70.8 9
70.9 7
71 4
71.1 8
71.2 6
71.3 8
71.4 6
71.5 10
71.6 10
71.7 16
71.8 7
71.9 12
72 6
72.1 8
72.2 10
72.3 17
72.4 16
72.5 21
72.6 20
72.7 31
72.8 37
72.9 57
73 70
73.1 108
73.2 182
73.3 281
73.4 390
73.5 522
73.6 631
73.7 717
73.8 784
73.9 854
74 911
74.1 943
74.2 974
74.3 1015
74.4 1068
74.5 1073
74.6 1118
74.7 1146
74.8 1157
74.9 1177
75 1180
75.1 1190
75.2 1197
75.3 1189
75.4 1191
75.5 1188
75.6 1180
75.7 1180
75.8 1163
75.9 1148
76 1159
76.1 1144
76.2 1089
76.3 1029
76.4 984
76.5 954
76.6 957
76.7 959
76.8 965
76.9 966
77 973
77.1 945
77.2 905
77.3 891
77.4 899
77.5 905
77.6 908
77.7 890
77.8 891
77.9 866
78 864
78.1 860
78.2 866
78.3 853
78.4 840
78.5 821
78.6 805
78.7 778
78.8 755
78.9 737
79 731
79.1 713
79.2 677
79.3 645
79.4 657
79.5 677
79.6 686
79.7 674
79.8 660
79.9 677
80 665
80.1 658
80.2 634
80.3 642
80.4 624
80.5 624
80.6 620
80.7 626
80.8 614
80.9 600
81 590
81.1 597
81.2 601
81.3 592
81.4 597
81.5 576
81.6 573
81.7 556
81.8 550
81.9 544
82 534
82.1 502
82.2 436
82.3 419
82.4 413
82.5 403
82.6 388
82.7 380
82.8 387
82.9 405
83 406
83.1 410
83.2 423
83.3 359
83.4 340
83.5 341
83.6 334
83.7 349
83.8 341
83.9 327
84 328
84.1 323
84.2 297
84.3 313
84.4 322
84.5 324
84.6 311
84.7 307
84.8 321
84.9 329
85 315
85.1 317
85.2 282
85.3 180
85.4 91
85.5 53
85.6 35
85.7 26
85.8 23
85.9 8
86 16
86.1 10
86.2 17
86.3 8
86.4 14
86.5 9
86.6 11
86.7 9
86.8 5
86.9 4
87 7
87.1 3
87.2 7
87.3 6
87.4 7
87.5 9
87.6 10
87.7 4
87.8 5
87.9 8
88 8
88.1 6
88.2 12
88.3 6
88.4 6
88.5 8
88.6 6
88.7 7
88.8 9
88.9 13
89 10
89.1 6
89.2 5
89.3 7
89.4 12
89.5 11
89.6 11
89.7 17
89.8 14
89.9 11
90 12
90.1 17
90.2 15
90.3 25
90.4 31
90.5 29
90.6 34
90.7 41
90.8 49
90.9 53
91 56
91.1 89
91.2 125
91.3 170
91.4 253
91.5 406
91.6 558
91.7 709
91.8 812
91.9 913
92 992
92.1 1070
92.2 1135
92.3 1185
92.4 1225
92.5 1259
92.6 1292
92.7 1339
92.8 1370
92.9 1392
93 1398
93.1 1417
93.2 1433
93.3 1430
93.4 1413
93.5 1424
93.6 1438
93.7 1433
93.8 1414
93.9 1403
94 1389
94.1 1379
94.2 1364
94.3 1341
94.4 1324
94.5 1305
94.6 1265
94.7 1255
94.8 1271
94.9 1262
95 1239
95.1 1204
95.2 1170
95.3 1149
95.4 1134
95.5 1101
95.6 1071
95.7 1034
95.8 1026
95.9 1023
96 1007
96.1 1003
96.2 987
96.3 983
96.4 955
96.5 916
96.6 905
96.7 900
96.8 896
96.9 894
97 877
97.1 872
97.2 856
97.3 856
97.4 836
97.5 845
97.6 836
97.7 824
97.8 804
97.9 800
98 784
98.1 780
98.2 755
98.3 758
98.4 754
98.5 740
98.6 703
98.7 693
98.8 633
98.9 580
99 541
99.1 450
99.2 432
99.3 444
99.4 449
99.5 452
99.6 453
99.7 474
99.8 483
99.9 494
100 485
100.1 456
100.2 467
100.3 484
100.4 474
100.5 467
100.6 462
100.7 439
100.8 446
100.9 437
101 450
101.1 452
101.2 460
101.3 471
101.4 460
101.5 439
101.6 444
101.7 436
101.8 445
101.9 438
102 438
102.1 432
102.2 430
102.3 432
102.4 432
102.5 421
102.6 411
102.7 398
102.8 400
102.9 390
103 386
103.1 367
103.2 363
103.3 353
103.4 328
103.5 307
103.6 308
103.7 300
103.8 293
103.9 297
104 285
104.1 292
104.2 292
104.3 288
104.4 284
104.5 270
104.6 245
104.7 187
104.8 133
104.9 131
105 120
105.1 142
105.2 150
105.3 149
105.4 150
105.5 153
105.6 158
105.7 159
105.8 162
105.9 171
106 189
106.1 191
106.2 191
106.3 170
106.4 133
106.5 93
106.6 84
106.7 80
106.8 78
106.9 98
107 114
107.1 78
107.2 42
107.3 33
107.4 31
107.5 23
107.6 30
107.7 13
107.8 15
107.9 10
108 8
108.1 3
108.2 5
108.3 7
108.4 8
108.5 8
108.6 4
108.7 8
108.8 5
108.9 5
109 6
109.1 5
109.2 4
109.3 7
109.4 6
109.5 9
109.6 2
109.7 4
109.8 9
109.9 6
110 6
110.1 5
110.2 5
110.3 4
110.4 8
110.5 7
110.6 7
110.7 9
110.8 5
110.9 5
111 11
111.1 5
111.2 6
111.3 8
111.4 7
111.5 7
111.6 12
111.7 15
111.8 6
111.9 11
112 9
112.1 7
112.2 8
112.3 13
112.4 14
112.5 9
112.6 11
112.7 14
112.8 18
112.9 22
113 19
113.1 23
113.2 30
113.3 26
113.4 11
113.5 29
113.6 23
113.7 33
113.8 45
113.9 69
114 95
114.1 128
114.2 217
114.3 259
114.4 349
114.5 445
114.6 574
114.7 673
114.8 744
114.9 849
115 945
115.1 1015
115.2 1060
115.3 1099
115.4 1132
115.5 1171
115.6 1219
115.7 1243
115.8 1244
115.9 1240
116 1262
116.1 1264
116.2 1285
116.3 1294
116.4 1311
116.5 1302
116.6 1307
116.7 1299
116.8 1302
116.9 1283
117 1258
117.1 1220
117.2 1195
117.3 1173
117.4 1149
117.5 1146
117.6 1126
117.7 1113
117.8 1108
117.9 1103
118 1094
118.1 1091
118.2 1084
118.3 1079
118.4 1064
118.5 1049
118.6 1035
118.7 1014
118.8 997
118.9 998
119 975
119.1 976
119.2 962
119.3 954
119.4 930
119.5 901
119.6 847
119.7 836
119.8 814
119.9 790
120 789
120.1 778
120.2 754
120.3 723
120.4 717
120.5 691
120.6 697
120.7 665
120.8 632
120.9 613
121 593
121.1 548
121.2 501
121.3 516
121.4 526
121.5 535
121.6 542
121.7 530
121.8 531
121.9 526
122 522
122.1 527
122.2 537
122.3 533
122.4 523
122.5 523
122.6 495
122.7 382
122.8 251
122.9 225
123 219
123.1 239
123.2 263
123.3 265
123.4 269
123.5 273
123.6 286
123.7 301
123.8 306
123.9 312
124 311
124.1 258
124.2 256
124.3 258
124.4 266
124.5 273
124.6 270
124.7 285
124.8 302
124.9 306
125 323
125.1 307
125.2 325
125.3 343
125.4 364
125.5 374
125.6 379
125.7 283
125.8 210
125.9 210
126 223
126.1 225
126.2 208
126.3 191
126.4 175
126.5 188
126.6 215
126.7 220
126.8 224
126.9 237
127 223
127.1 198
127.2 165
127.3 167
127.4 176
127.5 186
127.6 206
127.7 179
127.8 137
127.9 75
128 65
128.1 71
128.2 76
128.3 93
128.4 112
128.5 137
128.6 154
128.7 168
128.8 176
128.9 180
129 171
129.1 152
129.2 116
129.3 135
129.4 134
129.5 131
129.6 155
129.7 170
129.8 181
129.9 193
130 199
130.1 206
130.2 210
130.3 214
130.4 220
130.5 232
130.6 231
130.7 232
130.8 233
130.9 229
131 218
131.1 205
131.2 196
131.3 197
131.4 212
131.5 207
131.6 193
131.7 183
131.8 196
131.9 186
132 171
132.1 154
132.2 128
132.3 121
132.4 104
132.5 102
132.6 105
132.7 117
132.8 127
132.9 143
133 174
133.1 190
133.2 198
133.3 189
133.4 196
133.5 178
133.6 171
133.7 160
133.8 155
133.9 148
134 126
134.1 81
134.2 77
134.3 73
134.4 88
134.5 54
134.6 39
134.7 21
134.8 14
134.9 13
135 12
135.1 9
135.2 7
135.3 7
135.4 3
135.5 6
135.6 5
135.7 5
135.8 8
135.9 5
136 2
136.1 6
136.2 1
136.3 5
136.4 5
136.5 10
136.6 8
136.7 7
136.8 5
136.9 1
137 7
137.1 3
137.2 7
137.3 2
137.4 2
137.5 6
137.6 5
137.7 9
137.8 8
137.9 3
138 5
138.1 6
138.2 8
138.3 7
138.4 8
138.5 9
138.6 6
138.7 7
138.8 10
138.9 11
139 12
139.1 7
139.2 9
139.3 14
139.4 14
139.5 14
139.6 21
139.7 22
139.8 15
139.9 12
140 16
140.1 20
140.2 22
140.3 24
140.4 25
140.5 24
140.6 28
140.7 23
140.8 33
140.9 34
141 31
141.1 35
141.2 58
141.3 79
141.4 130
141.5 190
141.6 249
141.7 366
141.8 487
141.9 564
142 677
142.1 784
142.2 854
142.3 957
142.4 1041
142.5 1093
142.6 1172
142.7 1210
142.8 1255
142.9 1272
143 1290
143.1 1295
143.2 1303
143.3 1306
143.4 1296
143.5 1309
143.6 1310
143.7 1323
143.8 1331
143.9 1336
144 1360
144.1 1363
144.2 1340
144.3 1334
144.4 1317
144.5 1285
144.6 1296
144.7 1284
144.8 1256
144.9 1254
145 1239
145.1 1213
145.2 1199
145.3 1183
145.4 1154
145.5 1144
145.6 1133
145.7 1127
145.8 1117
145.9 1119
146 1117
146.1 1090
146.2 1041
146.3 1009
146.4 987
146.5 982
146.6 952
146.7 927
146.8 924
146.9 900
147 889
147.1 861
147.2 848
147.3 820
147.4 790
147.5 779
147.6 770
147.7 766
147.8 742
147.9 749
148 745
148.1 743
148.2 745
148.3 741
148.4 737
148.5 736
148.6 711
148.7 676
148.8 666
148.9 633
149 597
149.1 593
149.2 591
149.3 568
149.4 545
149.5 506
149.6 496
149.7 494
149.8 484
149.9 467
150 453
150.1 413
150.2 378
150.3 370
150.4 371
150.5 368
150.6 376
150.7 377
150.8 381
150.9 382
151 386
151.1 398
151.2 407
151.3 403
151.4 318
151.5 298
151.6 304
151.7 311
151.8 334
151.9 339
152 338
152.1 337
152.2 346
152.3 350
152.4 363
152.5 364
152.6 366
152.7 351
152.8 331
152.9 310
153 315
153.1 310
153.2 298
153.3 298
153.4 304
153.5 307
153.6 310
153.7 287
153.8 207
153.9 156
154 146
154.1 148
154.2 165
154.3 182
154.4 190
154.5 181
154.6 178
154.7 168
154.8 159
154.9 171
155 176
155.1 182
155.2 173
155.3 173
155.4 150
155.5 93
155.6 77
155.7 85
155.8 84
155.9 49
156 41
156.1 42
156.2 35
156.3 17
156.4 20
156.5 27
156.6 17
156.7 12
156.8 17
156.9 10
157 6
157.1 7
157.2 10
157.3 6
157.4 6
157.5 7
157.6 4
157.7 4
157.8 7
157.9 9
158 1
158.1 10
158.2 4
158.3 11
158.4 4
158.5 4
158.6 4
158.7 6
158.8 4
158.9 11
159 5
159.1 5
159.2 7
159.3 6
159.4 5
159.5 8
159.6 7
159.7 2
159.8 7
159.9 7
160 9
160.1 8
160.2 7
160.3 6
160.4 11
160.5 11
160.6 12
160.7 12
160.8 14
160.9 11
161 15
161.1 13
161.2 16
161.3 7
161.4 16
161.5 16
161.6 17
161.7 19
161.8 19
161.9 23
162 16
162.1 21
162.2 35
162.3 45
162.4 46
162.5 45
162.6 56
162.7 61
162.8 74
162.9 80
163 81
163.1 97
163.2 152
163.3 244
163.4 312
163.5 451
163.6 574
163.7 704
163.8 807
163.9 891
164 978
164.1 1027
164.2 1089
164.3 1178
164.4 1239
164.5 1290
164.6 1322
164.7 1348
164.8 1373
164.9 1364
165 1368
165.1 1384
165.2 1408
165.3 1427
165.4 1419
165.5 1406
165.6 1393
165.7 1391
165.8 1396
165.9 1391
166 1372
166.1 1355
166.2 1348
166.3 1338
166.4 1306
166.5 1295
166.6 1274
166.7 1245
166.8 1222
166.9 1208
167 1163
167.1 1145
167.2 1138
167.3 1133
167.4 1138
167.5 1121
167.6 1110
167.7 1099
167.8 1095
167.9 1091
168 1083
168.1 1061
168.2 1022
168.3 994
168.4 966
168.5 940
168.6 918
168.7 879
168.8 880
168.9 862
169 848
169.1 837
169.2 824
169.3 820
169.4 814
169.5 804
169.6 790
169.7 793
169.8 772
169.9 744
170 733
170.1 717
170.2 702
170.3 689
170.4 688
170.5 684
170.6 687
170.7 700
170.8 689
170.9 678
171 662
171.1 636
171.2 625
171.3 616
171.4 613
171.5 607
171.6 595
171.7 581
171.8 509
171.9 482
172 480
172.1 461
172.2 448
172.3 454
172.4 461
172.5 439
172.6 438
172.7 427
172.8 434
172.9 426
173 418
173.1 401
173.2 386
173.3 397
173.4 384
173.5 382
173.6 399
173.7 404
173.8 391
173.9 394
174 400
174.1 395
174.2 384
174.3 375
174.4 376
174.5 376
174.6 372
174.7 347
174.8 310
174.9 305
175 300
175.1 284
175.2 275
175.3 273
175.4 266
175.5 269
175.6 267
175.7 260
175.8 242
175.9 171
176 151
176.1 146
176.2 133
176.3 128
176.4 136
176.5 147
176.6 154
176.7 151
176.8 121
176.9 42
177 22
177.1 22
177.2 31
177.3 15
177.4 19
177.5 24
177.6 21
177.7 18
177.8 18
177.9 12
178 5
178.1 5
178.2 7
178.3 15
178.4 5
178.5 6
178.6 1
178.7 1
178.8 6
178.9 4
179 4
179.1 4
179.2 6
179.3 3
179.4 4
179.5 9
179.6 4
179.7 4
179.8 9
179.9 5
180 5
180.1 7
180.2 8
180.3 7
180.4 1
180.5 11
180.6 7
180.7 14
180.8 10
180.9 10
181 11
181.1 12
181.2 15
181.3 15
181.4 15
181.5 9
181.6 9
181.7 10
181.8 17
181.9 15
182 11
182.1 19
182.2 13
182.3 17
182.4 25
182.5 30
182.6 25
182.7 35
182.8 38
182.9 38
183 62
183.1 63
183.2 83
183.3 113
183.4 157
183.5 229
183.6 342
183.7 432
183.8 536
183.9 645
184 743
184.1 841
184.2 911
184.3 984
184.4 1043
184.5 1076
184.6 1114
184.7 1151
184.8 1149
184.9 1163
185 1163
185.1 1167
185.2 1188
185.3 1199
185.4 1197
185.5 1217
185.6 1212
185.7 1226
185.8 1198
185.9 1177
186 1175
186.1 1176
186.2 1138
186.3 1104
186.4 1113
186.5 1102
186.6 1096
186.7 1082
186.8 1078
186.9 1081
187 1063
187.1 1042
187.2 1029
187.3 1020
187.4 1004
187.5 994
187.6 959
187.7 970
187.8 968
187.9 970
188 947
188.1 920
188.2 913
188.3 881
188.4 867
188.5 852
188.6 826
188.7 802
188.8 802
188.9 803
189 800
189.1 790
189.2 768
189.3 766
189.4 766
189.5 752
189.6 749
189.7 751
189.8 751
189.9 735
190 723
190.1 700
190.2 662
190.3 657
190.4 645
190.5 641
190.6 626
190.7 597
190.8 574
190.9 553
191 549
191.1 560
191.2 544
191.3 535
191.4 516
191.5 504
191.6 493
191.7 489
191.8 425
191.9 354
192 299
192.1 217
192.2 136
192.3 117
192.4 95
192.5 117
192.6 127
192.7 139
192.8 147
192.9 151
193 177
193.1 211
193.2 233
193.3 229
193.4 224
193.5 231
193.6 219
193.7 231
193.8 227
193.9 216
194 201
194.1 196
194.2 224
194.3 227
194.4 220
194.5 222
194.6 239
194.7 253
194.8 265
194.9 268
195 276
195.1 264
195.2 256
195.3 238
195.4 233
195.5 242
195.6 239
195.7 221
195.8 214
195.9 211
196 230
196.1 245
196.2 247
196.3 272
196.4 283
196.5 277
196.6 267
196.7 271
196.8 261
196.9 262
197 249
197.1 251
197.2 246
197.3 225
197.4 220
197.5 222
197.6 226
197.7 213
197.8 206
197.9 202
198 207
198.1 200
198.2 205
198.3 200
198.4 185
198.5 173
198.6 160
198.7 154
198.8 163
198.9 171
199 179
199.1 193
199.2 183
199.3 176
199.4 172
199.5 181
199.6 188
199.7 207
199.8 191
199.9 193
200 192
