0 0
0.1 0
0.2 0
0.3 0
0.4 0
0.5 1
0.6 0
0.7 1
0.8 0
0.9 1
1 0
1.1 0
1.2 0
1.3 0
1.4 0
1.5 1
1.6 0
1.7 1
1.8 1
1.9 0
2 0
2.1 0
2.2 2
2.3 1
2.4 0
2.5 2
2.6 5
2.7 1
2.8 1
2.9 2
3 3
3.1 6
3.2 1
3.3 4
3.4 3
3.5 8
3.6 2
3.7 3
3.8 2
3.9 3
4 1
4.1 7
4.2 4
4.3 5
4.4 4
4.5 12
4.6 7
4.7 8
4.8 5
4.9 7
5 5
5.1 5
5.2 5
5.3 13
5.4 15
5.5 11
5.6 9
5.7 5
5.8 15
5.9 7
6 11
6.1 22
6.2 14
6.3 22
6.4 18
6.5 22
6.6 16
6.7 31
6.8 21
6.9 20
7 26
7.1 24
7.2 20
7.3 26
7.4 21
7.5 30
7.6 31
7.7 28
7.8 27
7.9 43
8 76
8.1 96
8.2 206
8.3 334
8.4 488
8.5 605
8.6 718
8.7 821
8.8 924
8.9 1009
9 1107
9.1 1178
9.2 1242
9.3 1304
9.4 1335
9.5 1368
9.6 1397
9.7 1422
9.8 1440
9.9 1451
10 1477
10.1 1483
10.2 1486
10.3 1475
10.4 1469
10.5 1468
10.6 1450
10.7 1442
10.8 1430
10.9 1417
11 1408
11.1 1381
11.2 1376
11.3 1344
11.4 1319
11.5 1286
11.6 1256
11.7 1232
11.8 1219
11.9 1171
12 1151
12.1 1146
12.2 1130
12.3 1119
12.4 1091
12.5 1090
12.6 1078
12.7 1073
12.8 1076
12.9 1048
13 1030
13.1 1033
13.2 1028
13.3 1032
13.4 1027
13.5 1010
13.6 985
13.7 978
13.8 971
13.9 935
14 915
14.1 894
14.2 910
14.3 906
14.4 891
14.5 868
14.6 855
14.7 833
14.8 813
14.9 692
15 559
15.1 489
15.2 464
15.3 489
15.4 505
15.5 533
15.6 551
15.7 555
15.8 558
15.9 565
16 500
16.1 470
16.2 480
16.3 489
16.4 482
16.5 485
16.6 490
16.7 490
16.8 477
16.9 476
17 475
17.1 470
17.2 465
17.3 464
17.4 476
17.5 454
17.6 441
17.7 444
17.8 432
17.9 442
18 455
18.1 447
18.2 420
18.3 409
18.4 423
18.5 431
18.6 437
18.7 428
18.8 417
18.9 410
19 396
19.1 377
19.2 378
19.3 355
19.4 347
19.5 294
19.6 278
19.7 270
19.8 206
19.9 213
20 198
20.1 181
20.2 199
20.3 185
20.4 195
20.5 201
20.6 195
20.7 202
20.8 216
20.9 183
21 164
21.1 157
21.2 165
21.3 184
21.4 194
21.5 213
21.6 228
21.7 237
21.8 245
21.9 253
22 253
22.1 245
22.2 241
22.3 235
22.4 184
22.5 97
22.6 68
22.7 62
22.8 66
22.9 71
23 89
23.1 106
23.2 121
23.3 101
23.4 67
23.5 59
23.6 51
23.7 45
23.8 38
23.9 38
24 40
24.1 42
24.2 23
24.3 16
24.4 17
24.5 19
24.6 18
24.7 8
24.8 14
24.9 13
25 11
25.1 13
25.2 8
25.3 7
25.4 8
25.5 13
25.6 6
25.7 13
25.8 6
25.9 7
26 5
26.1 9
26.2 6
26.3 4
26.4 10
26.5 8
26.6 10
26.7 7
26.8 10
26.9 13
27 6
27.1 9
27.2 9
27.3 3
27.4 13
27.5 12
27.6 11
27.7 12
27.8 12
27.9 9
28 7
28.1 9
28.2 15
28.3 20
28.4 25
28.5 21
28.6 23
28.7 18
28.8 20
28.9 30
29 34
29.1 33
29.2 54
29.3 100
29.4 169
29.5 281
29.6 400
29.7 526
29.8 625
29.9 726
30 814
30.1 871
30.2 944
30.3 986
30.4 1027
30.5 1098
30.6 1138
30.7 1187
30.8 1233
30.9 1260
31 1261
31.1 1286
31.2 1315
31.3 1353
31.4 1365
31.5 1358
31.6 1336
31.7 1327
31.8 1332
31.9 1334
32 1331
32.1 1315
32.2 1315
32.3 1311
32.4 1269
32.5 1239
32.6 1229
32.7 1202
32.8 1196
32.9 1185
33 1170
33.1 1166
33.2 1161
33.3 1157
33.4 1136
33.5 1133
33.6 1140
33.7 1137
33.8 1118
33.9 1104
34 1074
34.1 1065
34.2 1055
34.3 1053
34.4 1043
34.5 998
34.6 982
34.7 958
34.8 934
34.9 929
35 933
35.1 904
35.2 882
35.3 881
35.4 881
35.5 872
35.6 854
35.7 837
35.8 818
35.9 792
36 790
36.1 783
36.2 787
36.3 755
36.4 747
36.5 749
36.6 730
36.7 715
36.8 695
36.9 686
37 670
37.1 629
37.2 609
37.3 601
37.4 608
37.5 611
37.6 606
37.7 595
37.8 594
37.9 582
38 583
38.1 580
38.2 576
38.3 566
38.4 552
38.5 536
38.6 531
38.7 533
38.8 509
38.9 483
39 465
39.1 453
39.2 445
39.3 420
39.4 415
39.5 424
39.6 427
39.7 421
39.8 408
39.9 391
40 385
40.1 382
40.2 372
40.3 357
40.4 359
40.5 334
40.6 319
40.7 222
40.8 151
40.9 129
41 131
41.1 136
41.2 148
41.3 165
41.4 197
41.5 209
41.6 212
41.7 235
41.8 237
41.9 239
42 229
42.1 238
42.2 248
42.3 257
42.4 265
42.5 257
42.6 265
42.7 282
42.8 282
42.9 286
43 288
43.1 280
43.2 247
43.3 227
43.4 229
43.5 192
43.6 125
43.7 87
43.8 90
43.9 91
44 95
44.1 91
44.2 104
44.3 117
44.4 121
44.5 116
44.6 123
44.7 130
44.8 147
44.9 102
45 75
45.1 54
45.2 46
45.3 43
45.4 50
45.5 40
45.6 35
45.7 27
45.8 16
45.9 16
46 10
46.1 3
46.2 9
46.3 6
46.4 8
46.5 5
46.6 5
46.7 5
46.8 7
46.9 6
47 7
47.1 4
47.2 5
47.3 4
47.4 3
47.5 4
47.6 3
47.7 4
47.8 6
47.9 2
48 2
48.1 3
48.2 7
48.3 2
48.4 3
48.5 6
48.6 9
48.7 8
48.8 6
48.9 9
49 4
49.1 7
49.2 9
49.3 8
49.4 5
49.5 8
49.6 10
49.7 7
49.8 12
49.9 13
50 13
50.1 14
50.2 6
50.3 11
50.4 20
50.5 11
50.6 17
50.7 17
50.8 17
50.9 25
51 22
51.1 25
51.2 32
51.3 53
51.4 96
51.5 180
51.6 298
51.7 445
51.8 537
51.9 635
52 766
52.1 868
52.2 948
52.3 1010
52.4 1083
52.5 1165
52.6 1197
52.7 1253
52.8 1302
52.9 1327
53 1348
53.1 1361
53.2 1352
53.3 1367
53.4 1375
53.5 1395
53.6 1408
53.7 1379
53.8 1362
53.9 1359
54 1370
54.1 1350
54.2 1340
54.3 1327
54.4 1308
54.5 1308
54.6 1305
54.7 1304
54.8 1303
54.9 1297
55 1272
55.1 1257
55.2 1251
55.3 1220
55.4 1212
55.5 1192
55.6 1174
55.7 1166
55.8 1145
55.9 1099
56 1063
56.1 1039
56.2 1013
56.3 996
56.4 977
56.5 948
56.6 921
56.7 896
56.8 888
56.9 887
57 893
57.1 896
57.2 899
57.3 898
57.4 881
57.5 869
57.6 847
57.7 833
57.8 815
57.9 801
58 799
58.1 794
58.2 798
58.3 796
58.4 793
58.5 787
58.6 758
58.7 747
58.8 742
58.9 732
59 728
59.1 712
59.2 699
59.3 693
59.4 674
59.5 665
59.6 659
59.7 624
59.8 607
59.9 588
60 573
60.1 536
60.2 505
60.3 483
60.4 476
60.5 481
60.6 477
60.7 486
60.8 492
60.9 490
61 476
61.1 448
61.2 428
61.3 433
61.4 375
61.5 324
61.6 299
61.7 282
61.8 283
61.9 279
62 244
62.1 180
62.2 126
62.3 112
62.4 120
62.5 136
62.6 159
62.7 159
62.8 164
62.9 168
63 193
63.1 218
63.2 245
63.3 269
63.4 263
63.5 265
63.6 249
63.7 256
63.8 245
63.9 204
64 208
64.1 229
64.2 259
64.3 247
64.4 236
64.5 237
64.6 236
64.7 236
64.8 231
64.9 199
65 198
65.1 209
65.2 206
65.3 197
65.4 185
65.5 200
65.6 197
65.7 217
65.8 226
65.9 220
66 209
66.1 211
66.2 204
66.3 206
66.4 204
66.5 194
66.6 194
66.7 200
66.8 208
66.9 193
67 200
67.1 196
67.2 183
67.3 187
67.4 185
67.5 177
67.6 170
67.7 151
67.8 144
67.9 138
68 149
68.1 145
68.2 145
68.3 138
68.4 133
68.5 84
68.6 41
68.7 16
68.8 4
68.9 7
69 3
69.1 2
69.2 5
69.3 11
69.4 1
69.5 0
69.6 5
69.7 1
69.8 3
69.9 7
70 1
70.1 6
70.2 2
70.3 5
70.4 5
70.5 5
70.6 3
70.7 5
70.8 5
70.9 5
71 4
71.1 8
71.2 6
71.3 10
71.4 7
71.5 4
71.6 2
71.7 7
71.8 8
71.9 3
72 6
72.1 7
72.2 7
72.3 5
72.4 13
72.5 12
72.6 15
72.7 19
72.8 10
72.9 15
73 7
73.1 20
73.2 21
73.3 19
73.4 22
73.5 30
73.6 29
73.7 31
73.8 40
73.9 55
74 58
74.1 81
74.2 96
74.3 171
74.4 301
74.5 431
74.6 525
74.7 627
74.8 726
74.9 818
75 892
75.1 990
75.2 1060
75.3 1148
75.4 1197
75.5 1223
75.6 1247
75.7 1265
75.8 1307
75.9 1321
76 1344
76.1 1358
76.2 1377
76.3 1400
76.4 1403
76.5 1397
76.6 1392
76.7 1405
76.8 1386
76.9 1358
77 1357
77.1 1360
77.2 1374
77.3 1359
77.4 1372
77.5 1339
77.6 1333
77.7 1305
77.8 1286
77.9 1271
78 1249
78.1 1219
78.2 1200
78.3 1175
78.4 1153
78.5 1122
78.6 1084
78.7 1055
78.8 1027
78.9 988
79 961
79.1 929
79.2 890
79.3 895
79.4 875
79.5 849
79.6 828
79.7 809
79.8 811
79.9 793
80 777
80.1 785
80.2 786
80.3 773
80.4 760
80.5 779
80.6 773
80.7 755
80.8 756
80.9 735
81 724
81.1 719
81.2 706
81.3 692
81.4 679
81.5 650
81.6 640
81.7 608
81.8 589
81.9 571
82 546
82.1 546
82.2 544
82.3 535
82.4 505
82.5 490
82.6 475
82.7 466
82.8 434
82.9 410
83 400
83.1 395
83.2 404
83.3 416
83.4 414
83.5 413
83.6 405
83.7 411
83.8 410
83.9 423
84 435
84.1 438
84.2 440
84.3 429
84.4 429
84.5 435
84.6 420
84.7 422
84.8 427
84.9 400
85 396
85.1 411
85.2 381
85.3 363
85.4 334
85.5 323
85.6 303
85.7 297
85.8 296
85.9 289
86 283
86.1 245
86.2 228
86.3 218
86.4 218
86.5 217
86.6 167
86.7 128
86.8 119
86.9 112
87 132
87.1 133
87.2 131
87.3 135
87.4 145
87.5 144
87.6 144
87.7 157
87.8 146
87.9 134
88 106
88.1 71
88.2 38
88.3 10
88.4 8
88.5 8
88.6 14
88.7 7
88.8 7
88.9 8
89 3
89.1 5
89.2 3
89.3 7
89.4 6
89.5 4
89.6 5
89.7 11
89.8 7
89.9 1
90 2
90.1 3
90.2 4
90.3 4
90.4 6
90.5 5
90.6 6
90.7 5
90.8 8
90.9 6
91 6
91.1 7
91.2 5
91.3 7
91.4 3
91.5 7
91.6 9
91.7 6
91.8 3
91.9 10
92 9
92.1 8
92.2 9
92.3 8
92.4 14
92.5 13
92.6 16
92.7 16
92.8 17
92.9 19
93 20
93.1 16
93.2 13
93.3 26
93.4 25
93.5 48
93.6 41
93.7 49
93.8 60
93.9 91
94 125
94.1 180
94.2 281
94.3 377
94.4 460
94.5 564
94.6 623
94.7 687
94.8 740
94.9 804
95 854
95.1 923
95.2 948
95.3 986
95.4 1018
95.5 1061
95.6 1085
95.7 1093
95.8 1082
95.9 1103
96 1123
96.1 1126
96.2 1113
96.3 1114
96.4 1104
96.5 1097
96.6 1080
96.7 1054
96.8 1039
96.9 1035
97 1022
97.1 1010
97.2 1011
97.3 976
97.4 967
97.5 966
97.6 965
97.7 903
97.8 887
97.9 874
98 861
98.1 848
98.2 827
98.3 816
98.4 811
98.5 799
98.6 798
98.7 792
98.8 754
98.9 667
99 578
99.1 574
99.2 583
99.3 602
99.4 627
99.5 626
99.6 637
99.7 639
99.8 642
99.9 634
100 634
100.1 631
100.2 611
100.3 520
100.4 454
100.5 455
100.6 443
100.7 445
100.8 468
100.9 478
101 468
101.1 474
101.2 467
101.3 464
101.4 456
101.5 461
101.6 457
101.7 463
101.8 482
101.9 495
102 493
102.1 498
102.2 479
102.3 414
102.4 407
102.5 373
102.6 366
102.7 370
102.8 373
102.9 399
103 387
103.1 385
103.2 390
103.3 370
103.4 369
103.5 368
103.6 358
103.7 357
103.8 352
103.9 340
104 315
104.1 337
104.2 355
104.3 356
104.4 369
104.5 372
104.6 364
104.7 361
104.8 367
104.9 363
105 311
105.1 280
105.2 262
105.3 242
105.4 215
105.5 230
105.6 227
105.7 250
105.8 234
105.9 228
106 227
106.1 225
106.2 222
106.3 212
106.4 138
106.5 78
106.6 43
106.7 27
106.8 20
106.9 12
107 25
107.1 17
107.2 22
107.3 18
107.4 19
107.5 18
107.6 19
107.7 17
107.8 13
107.9 11
108 9
108.1 11
108.2 9
108.3 17
108.4 8
108.5 8
108.6 13
108.7 7
108.8 7
108.9 1
109 12
109.1 8
109.2 6
109.3 8
109.4 12
109.5 3
109.6 5
109.7 4
109.8 6
109.9 16
110 12
110.1 11
110.2 11
110.3 10
110.4 12
110.5 10
110.6 7
110.7 12
110.8 8
110.9 6
111 9
111.1 11
111.2 11
111.3 12
111.4 15
111.5 12
111.6 20
111.7 17
111.8 18
111.9 13
112 25
112.1 18
112.2 18
112.3 27
112.4 37
112.5 51
112.6 96
112.7 125
112.8 198
112.9 238
113 294
113.1 418
113.2 507
113.3 548
113.4 638
113.5 732
113.6 824
113.7 907
113.8 980
113.9 1037
114 1093
114.1 1137
114.2 1146
114.3 1186
114.4 1209
114.5 1202
114.6 1169
114.7 1164
114.8 1181
114.9 1207
115 1202
115.1 1207
115.2 1198
115.3 1193
115.4 1208
115.5 1207
115.6 1210
115.7 1206
115.8 1206
115.9 1188
116 1174
116.1 1150
116.2 1123
116.3 1093
116.4 1076
116.5 1062
116.6 1038
116.7 997
116.8 990
116.9 966
117 948
117.1 955
117.2 951
117.3 943
117.4 912
117.5 909
117.6 909
117.7 890
117.8 860
117.9 841
118 825
118.1 800
118.2 783
118.3 776
118.4 771
118.5 761
118.6 752
118.7 753
118.8 728
118.9 727
119 693
119.1 618
119.2 603
119.3 601
119.4 597
119.5 591
119.6 573
119.7 585
119.8 579
119.9 589
120 585
120.1 591
120.2 594
120.3 594
120.4 589
120.5 576
120.6 563
120.7 550
120.8 538
120.9 531
121 534
121.1 523
121.2 517
121.3 505
121.4 511
121.5 492
121.6 484
121.7 436
121.8 328
121.9 308
122 319
122.1 337
122.2 359
122.3 350
122.4 354
122.5 373
122.6 369
122.7 374
122.8 383
122.9 395
123 397
123.1 394
123.2 400
123.3 410
123.4 388
123.5 386
123.6 370
123.7 354
123.8 331
123.9 335
124 325
124.1 328
124.2 308
124.3 303
124.4 278
124.5 254
124.6 259
124.7 274
124.8 290
124.9 289
125 281
125.1 291
125.2 294
125.3 288
125.4 279
125.5 270
125.6 275
125.7 287
125.8 291
125.9 300
126 315
126.1 311
126.2 309
126.3 297
126.4 271
126.5 258
126.6 252
126.7 245
126.8 223
126.9 185
127 170
127.1 156
127.2 152
127.3 137
127.4 74
127.5 74
127.6 94
127.7 102
127.8 108
127.9 137
128 141
128.1 151
128.2 154
128.3 159
128.4 150
128.5 154
128.6 146
128.7 152
128.8 155
128.9 153
129 161
129.1 134
129.2 133
129.3 122
129.4 113
129.5 92
129.6 66
129.7 54
129.8 61
129.9 42
130 32
130.1 24
130.2 26
130.3 30
130.4 24
130.5 11
130.6 14
130.7 1
130.8 2
130.9 6
131 5
131.1 6
131.2 8
131.3 7
131.4 3
131.5 2
131.6 5
131.7 4
131.8 6
131.9 3
132 3
132.1 7
132.2 1
132.3 6
132.4 2
132.5 2
132.6 5
132.7 7
132.8 3
132.9 6
133 14
133.1 5
133.2 7
133.3 7
133.4 5
133.5 7
133.6 4
133.7 7
133.8 6
133.9 7
134 8
134.1 16
134.2 13
134.3 8
134.4 8
134.5 11
134.6 15
134.7 10
134.8 18
134.9 16
135 9
135.1 26
135.2 19
135.3 12
135.4 16
135.5 27
135.6 41
135.7 37
135.8 30
135.9 48
136 47
136.1 52
136.2 63
136.3 81
136.4 74
136.5 150
136.6 268
136.7 397
136.8 526
136.9 651
137 760
137.1 862
137.2 940
137.3 1011
137.4 1096
137.5 1142
137.6 1183
137.7 1219
137.8 1226
137.9 1239
138 1257
138.1 1279
138.2 1277
138.3 1260
138.4 1266
138.5 1277
138.6 1285
138.7 1275
138.8 1205
138.9 1180
139 1177
139.1 1185
139.2 1192
139.3 1163
139.4 1149
139.5 1153
139.6 1148
139.7 1147
139.8 1134
139.9 1132
140 1133
140.1 1120
140.2 1078
140.3 1065
140.4 1071
140.5 1067
140.6 1061
140.7 1041
140.8 1037
140.9 1038
141 1011
141.1 994
141.2 960
141.3 927
141.4 921
141.5 902
141.6 889
141.7 873
141.8 829
141.9 812
142 802
142.1 798
142.2 773
142.3 760
142.4 744
142.5 753
142.6 762
142.7 751
142.8 745
142.9 739
143 735
143.1 723
143.2 715
143.3 719
143.4 669
143.5 641
143.6 586
143.7 572
143.8 562
143.9 560
144 535
144.1 520
144.2 524
144.3 527
144.4 537
144.5 533
144.6 499
144.7 481
144.8 488
144.9 494
145 501
145.1 518
145.2 517
145.3 488
145.4 486
145.5 466
145.6 438
145.7 432
145.8 439
145.9 438
146 428
146.1 419
146.2 411
146.3 392
146.4 378
146.5 352
146.6 354
146.7 311
146.8 275
146.9 274
147 268
147.1 247
147.2 238
147.3 245
147.4 262
147.5 264
147.6 264
147.7 251
147.8 235
147.9 251
148 249
148.1 262
148.2 258
148.3 263
148.4 253
148.5 237
148.6 215
148.7 199
148.8 195
148.9 208
149 219
149.1 224
149.2 217
149.3 192
149.4 93
149.5 44
149.6 34
149.7 18
149.8 12
149.9 22
150 18
150.1 10
150.2 10
150.3 19
150.4 11
150.5 7
150.6 9
150.7 4
150.8 9
150.9 5
151 5
151.1 10
151.2 7
151.3 9
151.4 9
151.5 4
151.6 6
151.7 3
151.8 7
151.9 6
152 3
152.1 7
152.2 6
152.3 11
152.4 7
152.5 7
152.6 6
152.7 5
152.8 2
152.9 6
153 9
153.1 9
153.2 3
153.3 8
153.4 6
153.5 8
153.6 7
153.7 10
153.8 7
153.9 18
154 15
154.1 10
154.2 18
154.3 25
154.4 13
154.5 13
154.6 14
154.7 16
154.8 21
154.9 15
155 16
155.1 11
155.2 24
155.3 37
155.4 28
155.5 28
155.6 56
155.7 51
155.8 85
155.9 167
156 323
156.1 447
156.2 554
156.3 662
156.4 764
156.5 874
156.6 946
156.7 1015
156.8 1081
156.9 1142
157 1189
157.1 1244
157.2 1272
157.3 1296
157.4 1324
157.5 1351
157.6 1366
157.7 1386
157.8 1406
157.9 1398
158 1400
158.1 1394
158.2 1367
158.3 1337
158.4 1333
158.5 1326
158.6 1316
158.7 1289
158.8 1291
158.9 1291
159 1269
159.1 1272
159.2 1275
159.3 1263
159.4 1259
159.5 1254
159.6 1249
159.7 1249
159.8 1235
159.9 1226
160 1208
160.1 1178
160.2 1139
160.3 1116
160.4 1101
160.5 1099
160.6 1086
160.7 1075
160.8 1057
160.9 1006
161 988
161.1 971
161.2 967
161.3 977
161.4 963
161.5 944
161.6 947
161.7 928
161.8 909
161.9 886
162 856
162.1 854
162.2 793
162.3 730
162.4 703
162.5 688
162.6 687
162.7 633
162.8 525
162.9 502
163 488
163.1 524
163.2 536
163.3 535
163.4 531
163.5 554
163.6 556
163.7 565
163.8 584
163.9 617
164 631
164.1 633
164.2 631
164.3 643
164.4 646
164.5 659
164.6 643
164.7 641
164.8 630
164.9 605
165 607
165.1 603
165.2 596
165.3 594
165.4 596
165.5 598
165.6 579
165.7 570
165.8 575
165.9 568
166 496
166.1 394
166.2 314
166.3 248
166.4 173
166.5 132
166.6 123
166.7 141
166.8 161
166.9 187
167 218
167.1 261
167.2 275
167.3 291
167.4 288
167.5 304
167.6 315
167.7 321
167.8 320
167.9 345
168 343
168.1 358
168.2 346
168.3 348
168.4 348
168.5 345
168.6 353
168.7 346
168.8 367
168.9 371
169 366
169.1 357
169.2 348
169.3 349
169.4 350
169.5 337
169.6 322
169.7 311
169.8 300
169.9 299
170 255
170.1 249
170.2 232
170.3 219
170.4 204
170.5 189
170.6 132
170.7 98
170.8 93
170.9 77
171 83
171.1 88
171.2 108
171.3 131
171.4 137
171.5 150
171.6 158
171.7 175
171.8 197
171.9 206
172 189
172.1 136
172.2 102
172.3 83
172.4 54
172.5 40
172.6 27
172.7 31
172.8 21
172.9 26
173 32
173.1 33
173.2 34
173.3 20
173.4 8
173.5 9
173.6 8
173.7 12
173.8 8
173.9 4
174 2
174.1 7
174.2 4
174.3 4
174.4 4
174.5 4
174.6 5
174.7 4
174.8 6
174.9 6
175 6
175.1 2
175.2 11
175.3 5
175.4 8
175.5 13
175.6 7
175.7 8
175.8 12
175.9 7
176 14
176.1 2
176.2 12
176.3 15
176.4 9
176.5 9
176.6 13
176.7 11
176.8 16
176.9 14
177 14
177.1 14
177.2 18
177.3 16
177.4 24
177.5 17
177.6 18
177.7 24
177.8 37
177.9 49
178 83
178.1 105
178.2 131
178.3 106
178.4 100
178.5 126
178.6 176
178.7 294
178.8 403
178.9 508
179 619
179.1 715
179.2 782
179.3 819
179.4 865
179.5 908
179.6 948
179.7 1005
179.8 1050
179.9 1094
180 1120
180.1 1138
180.2 1149
180.3 1180
180.4 1183
180.5 1201
180.6 1186
180.7 1193
180.8 1168
180.9 1176
181 1188
181.1 1176
181.2 1174
181.3 1169
181.4 1161
181.5 1144
181.6 1132
181.7 1110
181.8 1094
181.9 1084
182 1063
182.1 1044
182.2 1025
182.3 1023
182.4 1008
182.5 992
182.6 979
182.7 959
182.8 934
182.9 927
183 919
183.1 896
183.2 880
183.3 879
183.4 866
183.5 862
183.6 844
183.7 836
183.8 836
183.9 828
184 807
184.1 788
184.2 774
184.3 769
184.4 749
184.5 731
184.6 720
184.7 705
184.8 686
184.9 680
185 675
185.1 681
185.2 677
185.3 641
185.4 621
185.5 615
185.6 580
185.7 513
185.8 490
185.9 490
186 483
186.1 471
186.2 463
186.3 388
186.4 382
186.5 376
186.6 386
186.7 386
186.8 393
186.9 406
187 405
187.1 414
187.2 426
187.3 434
187.4 423
187.5 426
187.6 436
187.7 438
187.8 431
187.9 427
188 417
188.1 419
188.2 399
188.3 377
188.4 371
188.5 379
188.6 386
188.7 352
188.8 321
188.9 306
189 292
189.1 275
189.2 241
189.3 213
189.4 218
189.5 236
189.6 242
189.7 253
189.8 254
189.9 249
190 255
190.1 257
190.2 246
190.3 230
190.4 215
190.5 195
190.6 180
190.7 181
190.8 195
190.9 199
191 200
191.1 207
191.2 216
191.3 214
191.4 179
191.5 173
191.6 182
191.7 195
191.8 188
191.9 174
192 176
192.1 172
192.2 167
192.3 164
192.4 161
192.5 139
192.6 138
192.7 127
192.8 140
192.9 153
193 146
193.1 91
193.2 24
193.3 13
193.4 8
193.5 7
193.6 8
193.7 6
193.8 8
193.9 4
194 3
194.1 8
194.2 5
194.3 5
194.4 1
194.5 3
194.6 6
194.7 2
194.8 4
194.9 2
195 2
195.1 4
195.2 7
195.3 4
195.4 2
195.5 9
195.6 6
195.7 8
195.8 7
195.9 6
196 8
196.1 3
196.2 10
196.3 11
196.4 11
196.5 10
196.6 5
196.7 6
196.8 9
196.9 6
197 7
197.1 10
197.2 5
197.3 11
197.4 10
197.5 10
197.6 15
197.7 14
197.8 12
197.9 15
198 15
198.1 19
198.2 14
198.3 22
198.4 22
198.5 25
198.6 27
198.7 27
198.8 28
198.9 28
199 24
199.1 23
199.2 20
199.3 26
199.4 41
199.5 54
199.6 60
199.7 59
199.8 74
199.9 86
200 125
