0 0
0.1 0
0.2 0
0.3 0
0.4 0
0.5 2
0.6 2
0.7 2
0.8 8
0.9 11
1 21
1.1 28
1.2 37
1.3 46
1.4 63
1.5 73
1.6 87
1.7 94
1.8 115
1.9 135
2 145
2.1 165
2.2 183
2.3 201
2.4 215
2.5 247
2.6 274
2.7 303
2.8 329
2.9 352
3 386
3.1 428
3.2 452
3.3 475
3.4 501
3.5 532
3.6 561
3.7 592
3.8 624
3.9 658
4 689
4.1 737
4.2 764
4.3 791
4.4 809
4.5 843
4.6 876
4.7 899
4.8 940
4.9 982
5 1018
5.1 1053
5.2 1102
5.3 1121
5.4 1155
5.5 1186
5.6 1213
5.7 1251
5.8 1282
5.9 1308
6 1339
6.1 1362
6.2 1389
6.3 1393
6.4 1438
6.5 1451
6.6 1471
6.7 1477
6.8 1481
6.9 1478
7 1528
7.1 1489
7.2 1406
7.3 1314
7.4 1226
7.5 1171
7.6 1066
7.7 998
7.8 938
7.9 883
8 828
8.1 781
8.2 727
8.3 693
8.4 672
8.5 655
8.6 625
8.7 598
8.8 575
8.9 531
9 495
9.1 472
9.2 443
9.3 426
9.4 412
9.5 399
9.6 365
9.7 354
9.8 348
9.9 354
10 337
10.1 320
10.2 320
10.3 319
10.4 318
10.5 303
10.6 300
10.7 291
10.8 305
10.9 323
11 319
11.1 317
11.2 304
11.3 296
11.4 272
11.5 270
11.6 258
11.7 265
11.8 268
11.9 257
12 250
12.1 232
12.2 224
12.3 209
12.4 203
12.5 201
12.6 239
12.7 380
12.8 484
12.9 516
13 492
13.1 468
13.2 440
13.3 409
13.4 404
13.5 378
13.6 352
13.7 335
13.8 333
13.9 326
14 307
14.1 296
14.2 285
14.3 298
14.4 276
14.5 254
14.6 245
14.7 223
14.8 235
14.9 246
15 277
15.1 279
15.2 305
15.3 302
15.4 311
15.5 305
15.6 318
15.7 341
15.8 335
15.9 351
16 375
16.1 428
16.2 454
16.3 452
16.4 448
16.5 421
16.6 446
16.7 472
16.8 497
16.9 523
17 565
17.1 594
17.2 628
17.3 640
17.4 643
17.5 665
17.6 676
17.7 683
17.8 689
17.9 701
18 711
18.1 715
18.2 738
18.3 747
18.4 757
18.5 762
18.6 782
18.7 798
18.8 814
18.9 817
19 831
19.1 861
19.2 870
19.3 883
19.4 899
19.5 923
19.6 927
19.7 938
19.8 948
19.9 974
20 989
20.1 1003
20.2 1009
20.3 1026
20.4 1051
20.5 1069
20.6 1080
20.7 1102
20.8 1106
20.9 1131
21 1152
21.1 1169
21.2 1171
21.3 1196
21.4 1205
21.5 1223
21.6 1244
21.7 1251
21.8 1267
21.9 1295
22 1311
22.1 1336
22.2 1350
22.3 1370
22.4 1390
22.5 1404
22.6 1414
22.7 1441
22.8 1450
22.9 1458
23 1471
23.1 1459
23.2 1459
23.3 1470
23.4 1471
23.5 1442
23.6 1352
23.7 1252
23.8 1150
23.9 1081
24 1013
24.1 968
24.2 906
24.3 852
24.4 803
24.5 743
24.6 682
24.7 627
24.8 591
24.9 566
25 522
25.1 492
25.2 456
25.3 430
25.4 406
25.5 399
25.6 382
25.7 395
25.8 389
25.9 406
26 410
26.1 404
26.2 407
26.3 391
26.4 373
26.5 356
26.6 348
26.7 324
26.8 331
26.9 335
27 333
27.1 346
27.2 342
27.3 334
27.4 314
27.5 298
27.6 286
27.7 284
27.8 281
27.9 280
28 280
28.1 267
28.2 267
28.3 280
28.4 287
28.5 278
28.6 264
28.7 266
28.8 259
28.9 255
29 242
29.1 240
29.2 237
29.3 232
29.4 249
29.5 239
29.6 234
29.7 244
29.8 252
29.9 260
30 332
30.1 359
30.2 354
30.3 362
30.4 364
30.5 362
30.6 350
30.7 338
30.8 325
30.9 318
31 311
31.1 314
31.2 318
31.3 307
31.4 290
31.5 267
31.6 259
31.7 272
31.8 278
31.9 301
32 289
32.1 280
32.2 276
32.3 259
32.4 246
32.5 227
32.6 218
32.7 215
32.8 204
32.9 184
33 196
33.1 232
33.2 264
33.3 279
33.4 275
33.5 263
33.6 248
33.7 237
33.8 229
33.9 227
34 247
34.1 260
34.2 253
34.3 266
34.4 290
34.5 305
34.6 309
34.7 322
34.8 322
34.9 363
35 395
35.1 387
35.2 378
35.3 372
35.4 382
35.5 397
35.6 403
35.7 429
35.8 462
35.9 479
36 500
36.1 510
36.2 519
36.3 521
36.4 538
36.5 542
36.6 553
36.7 556
36.8 561
36.9 574
37 587
37.1 605
37.2 616
37.3 630
37.4 645
37.5 647
37.6 672
37.7 689
37.8 710
37.9 726
38 746
38.1 766
38.2 798
38.3 814
38.4 823
38.5 844
38.6 879
38.7 895
38.8 919
38.9 933
39 950
39.1 984
39.2 1002
39.3 1019
39.4 1033
39.5 1056
39.6 1076
39.7 1106
39.8 1126
39.9 1143
40 1169
40.1 1188
40.2 1214
40.3 1236
40.4 1266
40.5 1298
40.6 1315
40.7 1342
40.8 1367
40.9 1398
41 1422
41.1 1447
41.2 1470
41.3 1496
41.4 1512
41.5 1538
41.6 1556
41.7 1588
41.8 1602
41.9 1619
42 1635
42.1 1624
42.2 1615
42.3 1554
42.4 1528
42.5 1470
42.6 1374
42.7 1277
42.8 1186
42.9 1117
43 1037
43.1 956
43.2 896
43.3 860
43.4 834
43.5 796
43.6 750
43.7 708
43.8 682
43.9 659
44 596
44.1 539
44.2 498
44.3 475
44.4 451
44.5 421
44.6 397
44.7 377
44.8 361
44.9 334
45 308
45.1 307
45.2 282
45.3 272
45.4 260
45.5 259
45.6 267
45.7 260
45.8 250
45.9 250
46 253
46.1 256
46.2 251
46.3 241
46.4 246
46.5 235
46.6 227
46.7 246
46.8 242
46.9 230
47 226
47.1 223
47.2 214
47.3 205
47.4 202
47.5 196
47.6 209
47.7 226
47.8 219
47.9 220
48 218
48.1 223
48.2 232
48.3 251
48.4 267
48.5 291
48.6 299
48.7 307
48.8 300
48.9 301
49 275
49.1 256
49.2 245
49.3 237
49.4 252
49.5 262
49.6 256
49.7 245
49.8 239
49.9 255
50 259
50.1 237
50.2 229
50.3 226
50.4 222
50.5 206
50.6 202
50.7 198
50.8 202
50.9 212
51 224
51.1 249
51.2 261
51.3 261
51.4 249
51.5 263
51.6 255
51.7 262
51.8 274
51.9 268
52 277
52.1 279
52.2 265
52.3 243
52.4 218
52.5 215
52.6 202
52.7 208
52.8 204
52.9 203
53 204
53.1 197
53.2 202
53.3 191
53.4 204
53.5 217
53.6 219
53.7 226
53.8 209
53.9 210
54 211
54.1 198
54.2 199
54.3 200
54.4 221
54.5 219
54.6 222
54.7 272
54.8 357
54.9 397
55 408
55.1 414
55.2 421
55.3 427
55.4 431
55.5 437
55.6 444
55.7 448
55.8 452
55.9 458
56 466
56.1 474
56.2 483
56.3 496
56.4 519
56.5 530
56.6 550
56.7 563
56.8 580
56.9 599
57 607
57.1 626
57.2 646
57.3 667
57.4 684
57.5 705
57.6 731
57.7 759
57.8 793
57.9 814
58 855
58.1 887
58.2 915
58.3 942
58.4 985
58.5 1009
58.6 1047
58.7 1072
58.8 1105
58.9 1137
59 1148
59.1 1180
59.2 1213
59.3 1241
59.4 1267
59.5 1299
59.6 1328
59.7 1373
59.8 1402
59.9 1430
60 1453
60.1 1478
60.2 1516
60.3 1542
60.4 1574
60.5 1612
60.6 1639
60.7 1670
60.8 1699
60.9 1727
61 1766
61.1 1779
61.2 1815
61.3 1827
61.4 1842
61.5 1835
61.6 1777
61.7 1772
61.8 1770
61.9 1703
62 1601
62.1 1505
62.2 1416
62.3 1302
62.4 1207
62.5 1142
62.6 1084
62.7 1007
62.8 956
62.9 902
63 837
63.1 757
63.2 694
63.3 650
63.4 636
63.5 589
63.6 538
63.7 513
63.8 487
63.9 476
64 497
64.1 502
64.2 513
64.3 493
64.4 470
64.5 442
64.6 425
64.7 429
64.8 410
64.9 406
65 395
65.1 364
65.2 348
65.3 335
65.4 349
65.5 348
65.6 340
65.7 321
65.8 320
65.9 315
66 299
66.1 273
66.2 261
66.3 253
66.4 239
66.5 227
66.6 212
66.7 228
66.8 225
66.9 217
67 208
67.1 188
67.2 182
67.3 185
67.4 164
67.5 155
67.6 143
67.7 141
67.8 145
67.9 135
68 127
68.1 123
68.2 141
68.3 141
68.4 146
68.5 140
68.6 177
68.7 231
68.8 239
68.9 247
69 234
69.1 240
69.2 238
69.3 254
69.4 276
69.5 292
69.6 296
69.7 322
69.8 326
69.9 334
70 318
70.1 308
70.2 316
70.3 308
70.4 284
70.5 277
70.6 262
70.7 244
70.8 228
70.9 226
71 216
71.1 219
71.2 229
71.3 256
71.4 249
71.5 248
71.6 245
71.7 235
71.8 228
71.9 226
72 221
72.1 216
72.2 208
72.3 213
72.4 205
72.5 209
72.6 210
72.7 206
72.8 201
72.9 198
73 209
73.1 219
73.2 232
73.3 284
73.4 293
73.5 280
73.6 251
73.7 236
73.8 234
73.9 232
74 229
74.1 239
74.2 229
74.3 238
74.4 256
74.5 258
74.6 258
74.7 244
74.8 235
74.9 241
75 234
75.1 242
75.2 261
75.3 265
75.4 280
75.5 287
75.6 271
75.7 272
75.8 276
75.9 308
76 309
76.1 365
76.2 392
76.3 396
76.4 395
76.5 399
76.6 410
76.7 416
76.8 421
76.9 431
77 442
77.1 451
77.2 464
77.3 474
77.4 480
77.5 495
77.6 510
77.7 520
77.8 537
77.9 543
78 559
78.1 582
78.2 602
78.3 620
78.4 633
78.5 652
78.6 670
78.7 691
78.8 713
78.9 735
79 747
79.1 762
79.2 795
79.3 820
79.4 855
79.5 886
79.6 923
79.7 946
79.8 965
79.9 1003
80 1031
80.1 1063
80.2 1101
80.3 1140
80.4 1165
80.5 1206
80.6 1234
80.7 1267
80.8 1297
80.9 1331
81 1362
81.1 1397
81.2 1437
81.3 1457
81.4 1496
81.5 1522
81.6 1544
81.7 1575
81.8 1620
81.9 1655
82 1673
82.1 1699
82.2 1720
82.3 1711
82.4 1691
82.5 1700
82.6 1718
82.7 1671
82.8 1601
82.9 1498
83 1379
83.1 1274
83.2 1168
83.3 1057
83.4 968
83.5 902
83.6 864
83.7 838
83.8 814
83.9 785
84 743
84.1 684
84.2 634
84.3 599
84.4 576
84.5 575
84.6 565
84.7 538
84.8 510
84.9 491
85 460
85.1 448
85.2 444
85.3 454
85.4 435
85.5 417
85.6 408
85.7 398
85.8 379
85.9 371
86 378
86.1 386
86.2 376
86.3 352
86.4 351
86.5 347
86.6 334
86.7 331
86.8 329
86.9 333
87 327
87.1 324
87.2 308
87.3 311
87.4 320
87.5 303
87.6 286
87.7 272
87.8 273
87.9 297
88 296
88.1 299
88.2 316
88.3 328
88.4 324
88.5 332
88.6 339
88.7 328
88.8 320
88.9 319
89 300
89.1 294
89.2 290
89.3 293
89.4 304
89.5 296
89.6 281
89.7 275
89.8 245
89.9 242
90 230
90.1 231
90.2 242
90.3 247
90.4 250
90.5 249
90.6 240
90.7 230
90.8 246
90.9 287
91 356
91.1 379
91.2 360
91.3 335
91.4 311
91.5 291
91.6 270
91.7 263
91.8 266
91.9 266
92 293
92.1 311
92.2 300
92.3 298
92.4 299
92.5 306
92.6 310
92.7 318
92.8 315
92.9 299
93 273
93.1 294
93.2 315
93.3 324
93.4 320
93.5 327
93.6 326
93.7 328
93.8 322
93.9 300
94 289
94.1 287
94.2 287
94.3 295
94.4 282
94.5 276
94.6 295
94.7 296
94.8 309
94.9 310
95 295
95.1 270
95.2 245
95.3 254
95.4 269
95.5 269
95.6 275
95.7 277
95.8 284
95.9 283
96 274
96.1 258
96.2 257
96.3 242
96.4 228
96.5 213
96.6 225
96.7 247
96.8 252
96.9 268
97 275
97.1 270
97.2 270
97.3 261
97.4 262
97.5 266
97.6 260
97.7 251
97.8 256
97.9 270
98 258
98.1 271
98.2 273
98.3 274
98.4 266
98.5 255
98.6 249
98.7 249
98.8 230
98.9 226
99 257
99.1 298
99.2 325
99.3 328
99.4 358
99.5 378
99.6 388
99.7 384
99.8 388
99.9 393
100 394
100.1 405
100.2 412
100.3 415
100.4 425
100.5 436
100.6 442
100.7 455
100.8 467
100.9 480
101 489
101.1 500
101.2 525
101.3 553
101.4 569
101.5 587
101.6 610
101.7 627
101.8 644
101.9 666
102 684
102.1 716
102.2 739
102.3 763
102.4 786
102.5 808
102.6 834
102.7 852
102.8 886
102.9 926
103 956
103.1 988
103.2 1021
103.3 1055
103.4 1086
103.5 1112
103.6 1135
103.7 1157
103.8 1193
103.9 1230
104 1275
104.1 1301
104.2 1330
104.3 1362
104.4 1396
104.5 1416
104.6 1446
104.7 1469
104.8 1503
104.9 1547
105 1571
105.1 1600
105.2 1620
105.3 1654
105.4 1675
105.5 1697
105.6 1738
105.7 1757
105.8 1797
105.9 1819
106 1846
106.1 1860
106.2 1890
106.3 1911
106.4 1922
106.5 1940
106.6 1930
106.7 1847
106.8 1734
106.9 1592
107 1491
107.1 1390
107.2 1287
107.3 1198
107.4 1107
107.5 1007
107.6 947
107.7 877
107.8 825
107.9 779
108 731
108.1 677
108.2 646
108.3 607
108.4 555
108.5 510
108.6 480
108.7 492
108.8 478
108.9 464
109 445
109.1 435
109.2 440
109.3 442
109.4 414
109.5 398
109.6 370
109.7 347
109.8 333
109.9 306
110 276
110.1 271
110.2 267
110.3 289
110.4 300
110.5 302
110.6 299
110.7 303
110.8 321
110.9 322
111 315
111.1 297
111.2 307
111.3 301
111.4 306
111.5 312
111.6 298
111.7 303
111.8 303
111.9 308
112 319
112.1 326
112.2 328
112.3 306
112.4 330
112.5 399
112.6 430
112.7 426
112.8 432
112.9 406
113 392
113.1 372
113.2 355
113.3 347
113.4 339
113.5 324
113.6 311
113.7 315
113.8 298
113.9 294
114 291
114.1 276
114.2 265
114.3 260
114.4 277
114.5 328
114.6 394
114.7 430
114.8 412
114.9 391
115 347
115.1 332
115.2 318
115.3 294
115.4 278
115.5 282
115.6 264
115.7 248
115.8 258
115.9 262
116 286
116.1 293
116.2 306
116.3 279
116.4 269
116.5 264
116.6 254
116.7 264
116.8 257
116.9 262
117 277
117.1 261
117.2 260
117.3 287
117.4 304
117.5 309
117.6 308
117.7 311
117.8 311
117.9 317
118 309
118.1 301
118.2 295
118.3 280
118.4 284
118.5 278
118.6 259
118.7 263
118.8 273
118.9 294
119 293
119.1 323
119.2 339
119.3 332
119.4 319
119.5 316
119.6 313
119.7 312
119.8 320
119.9 325
120 320
120.1 305
120.2 286
120.3 272
120.4 277
120.5 286
120.6 288
120.7 287
120.8 285
120.9 301
121 317
121.1 334
121.2 339
121.3 336
121.4 399
121.5 442
121.6 466
121.7 466
121.8 453
121.9 456
122 443
122.1 428
122.2 408
122.3 384
122.4 346
122.5 314
122.6 317
122.7 308
122.8 301
122.9 302
123 308
123.1 311
123.2 342
123.3 350
123.4 359
123.5 355
123.6 331
123.7 356
123.8 394
123.9 423
124 467
124.1 497
124.2 526
124.3 524
124.4 538
124.5 559
124.6 563
124.7 587
124.8 593
124.9 616
125 625
125.1 650
125.2 658
125.3 669
125.4 679
125.5 700
125.6 720
125.7 737
125.8 760
125.9 779
126 803
126.1 821
126.2 840
126.3 864
126.4 890
126.5 914
126.6 946
126.7 972
126.8 990
126.9 1024
127 1045
127.1 1058
127.2 1085
127.3 1113
127.4 1143
127.5 1162
127.6 1193
127.7 1217
127.8 1239
127.9 1270
128 1297
128.1 1319
128.2 1349
128.3 1375
128.4 1415
128.5 1445
128.6 1479
128.7 1516
128.8 1531
128.9 1574
129 1587
129.1 1597
129.2 1582
129.3 1576
129.4 1546
129.5 1492
129.6 1460
129.7 1357
129.8 1234
129.9 1150
130 1087
130.1 1003
130.2 916
130.3 842
130.4 781
130.5 743
130.6 692
130.7 624
130.8 576
130.9 529
131 498
131.1 453
131.2 421
131.3 387
131.4 370
131.5 381
131.6 354
131.7 343
131.8 347
131.9 362
132 366
132.1 354
132.2 331
132.3 321
132.4 313
132.5 341
132.6 353
132.7 381
132.8 392
132.9 392
133 363
133.1 375
133.2 376
133.3 350
133.4 342
133.5 341
133.6 333
133.7 311
133.8 291
133.9 299
134 298
134.1 328
134.2 361
134.3 342
134.4 327
134.5 321
134.6 332
134.7 326
134.8 333
134.9 324
135 320
135.1 296
135.2 282
135.3 289
135.4 265
135.5 263
135.6 269
135.7 283
135.8 275
135.9 255
136 238
136.1 233
136.2 246
136.3 244
136.4 243
136.5 272
136.6 294
136.7 317
136.8 332
136.9 316
137 312
137.1 307
137.2 281
137.3 269
137.4 268
137.5 279
137.6 273
137.7 253
137.8 248
137.9 246
138 245
138.1 242
138.2 250
138.3 271
138.4 254
138.5 268
138.6 274
138.7 267
138.8 335
138.9 417
139 473
139.1 491
139.2 486
139.3 466
139.4 451
139.5 439
139.6 430
139.7 410
139.8 400
139.9 393
140 384
140.1 365
140.2 376
140.3 355
140.4 336
140.5 347
140.6 421
140.7 462
140.8 468
140.9 472
141 469
141.1 432
141.2 418
141.3 412
141.4 404
141.5 392
141.6 367
141.7 354
141.8 352
141.9 342
142 363
142.1 368
142.2 349
142.3 343
142.4 329
142.5 330
142.6 375
142.7 380
142.8 374
142.9 375
143 359
143.1 347
143.2 337
143.3 337
143.4 339
143.5 342
143.6 345
143.7 361
143.8 355
143.9 361
144 343
144.1 326
144.2 326
144.3 324
144.4 319
144.5 330
144.6 326
144.7 327
144.8 322
144.9 320
145 318
145.1 314
145.2 305
145.3 303
145.4 288
145.5 266
145.6 257
145.7 256
145.8 251
145.9 244
146 255
146.1 265
146.2 263
146.3 260
146.4 272
146.5 261
146.6 252
146.7 233
146.8 226
146.9 217
147 211
147.1 214
147.2 226
147.3 234
147.4 247
147.5 252
147.6 257
147.7 256
147.8 256
147.9 286
148 341
148.1 372
148.2 375
148.3 372
148.4 364
148.5 357
148.6 364
148.7 368
148.8 384
148.9 398
149 394
149.1 393
149.2 390
149.3 377
149.4 385
149.5 381
149.6 379
149.7 374
149.8 378
149.9 396
150 422
150.1 421
150.2 428
150.3 439
150.4 437
150.5 446
150.6 449
150.7 452
150.8 454
150.9 457
151 459
151.1 462
151.2 463
151.3 470
151.4 478
151.5 486
151.6 497
151.7 507
151.8 526
151.9 544
152 555
152.1 572
152.2 594
152.3 621
152.4 646
152.5 675
152.6 690
152.7 718
152.8 750
152.9 769
153 789
153.1 817
153.2 831
153.3 851
153.4 873
153.5 897
153.6 917
153.7 946
153.8 977
153.9 1009
154 1039
154.1 1065
154.2 1091
154.3 1116
154.4 1156
154.5 1193
154.6 1230
154.7 1258
154.8 1285
154.9 1325
155 1346
155.1 1373
155.2 1406
155.3 1440
155.4 1484
155.5 1508
155.6 1541
155.7 1570
155.8 1592
155.9 1613
156 1644
156.1 1665
156.2 1680
156.3 1707
156.4 1730
156.5 1753
156.6 1789
156.7 1806
156.8 1763
156.9 1703
157 1594
157.1 1471
157.2 1357
157.3 1216
157.4 1104
157.5 1023
157.6 928
157.7 882
157.8 830
157.9 781
158 717
158.1 685
158.2 633
158.3 608
158.4 600
158.5 562
158.6 526
158.7 481
158.8 457
158.9 452
159 439
159.1 413
159.2 376
159.3 370
159.4 349
159.5 335
159.6 316
159.7 305
159.8 297
159.9 287
160 283
160.1 280
160.2 265
160.3 245
160.4 239
160.5 233
160.6 245
160.7 246
160.8 238
160.9 219
161 212
161.1 217
161.2 228
161.3 229
161.4 226
161.5 234
161.6 260
161.7 282
161.8 294
161.9 300
162 314
162.1 322
162.2 322
162.3 327
162.4 310
162.5 299
162.6 288
162.7 262
162.8 253
162.9 260
163 267
163.1 242
163.2 236
163.3 233
163.4 234
163.5 235
163.6 239
163.7 263
163.8 265
163.9 259
164 247
164.1 268
164.2 268
164.3 268
164.4 273
164.5 267
164.6 272
164.7 252
164.8 227
164.9 242
165 335
165.1 374
165.2 376
165.3 361
165.4 340
165.5 328
165.6 304
165.7 313
165.8 343
165.9 363
166 367
166.1 374
166.2 386
166.3 367
166.4 346
166.5 324
166.6 315
166.7 316
166.8 300
166.9 298
167 295
167.1 276
167.2 255
167.3 237
167.4 239
167.5 251
167.6 229
167.7 233
167.8 293
167.9 374
168 423
168.1 420
168.2 400
168.3 390
168.4 371
168.5 365
168.6 381
168.7 378
168.8 361
168.9 331
169 360
169.1 378
169.2 359
169.3 350
169.4 349
169.5 341
169.6 330
169.7 320
169.8 301
169.9 301
170 293
170.1 315
170.2 337
170.3 333
170.4 335
170.5 324
170.6 337
170.7 369
170.8 380
170.9 394
171 412
171.1 396
171.2 384
171.3 366
171.4 343
171.5 356
171.6 370
171.7 376
171.8 390
171.9 433
172 456
172.1 463
172.2 461
172.3 447
172.4 435
172.5 426
172.6 392
172.7 354
172.8 347
172.9 417
173 437
173.1 446
173.2 451
173.3 451
173.4 455
173.5 456
173.6 442
173.7 456
173.8 463
173.9 476
174 487
174.1 489
174.2 494
174.3 501
174.4 512
174.5 519
174.6 527
174.7 538
174.8 547
174.9 566
175 579
175.1 597
175.2 619
175.3 638
175.4 660
175.5 673
175.6 692
175.7 711
175.8 736
175.9 749
176 770
176.1 778
176.2 796
176.3 814
176.4 828
176.5 834
176.6 864
176.7 873
176.8 899
176.9 920
177 946
177.1 963
177.2 987
177.3 1008
177.4 1031
177.5 1059
177.6 1081
177.7 1114
177.8 1143
177.9 1164
178 1192
178.1 1203
178.2 1237
178.3 1263
178.4 1284
178.5 1305
178.6 1336
178.7 1351
178.8 1374
178.9 1392
179 1418
179.1 1449
179.2 1485
179.3 1509
179.4 1545
179.5 1568
179.6 1597
179.7 1599
179.8 1637
179.9 1643
180 1672
180.1 1694
180.2 1675
180.3 1663
180.4 1665
180.5 1613
180.6 1522
180.7 1448
180.8 1352
180.9 1251
181 1141
181.1 1056
181.2 982
181.3 901
181.4 840
181.5 795
181.6 769
181.7 724
181.8 700
181.9 671
182 633
182.1 682
182.2 767
182.3 816
182.4 772
182.5 740
182.6 693
182.7 643
182.8 597
182.9 560
183 523
183.1 489
183.2 461
183.3 440
183.4 414
183.5 380
183.6 349
183.7 345
183.8 343
183.9 335
184 336
184.1 329
184.2 309
184.3 292
184.4 279
184.5 277
184.6 291
184.7 303
184.8 322
184.9 329
185 330
185.1 329
185.2 325
185.3 313
185.4 311
185.5 331
185.6 370
185.7 391
185.8 386
185.9 384
186 357
186.1 346
186.2 329
186.3 310
186.4 307
186.5 304
186.6 286
186.7 288
186.8 294
186.9 292
187 284
187.1 270
187.2 263
187.3 246
187.4 265
187.5 285
187.6 295
187.7 298
187.8 285
187.9 371
188 402
188.1 403
188.2 380
188.3 355
188.4 362
188.5 368
188.6 378
188.7 363
188.8 335
188.9 316
189 304
189.1 304
189.2 295
189.3 289
189.4 281
189.5 279
189.6 322
189.7 342
189.8 338
189.9 322
190 312
190.1 299
190.2 296
190.3 300
190.4 291
190.5 301
190.6 406
190.7 444
190.8 437
190.9 431
191 419
191.1 404
191.2 378
191.3 362
191.4 343
191.5 332
191.6 329
191.7 336
191.8 334
191.9 335
192 333
192.1 347
192.2 357
192.3 417
192.4 443
192.5 434
192.6 437
192.7 398
192.8 380
192.9 365
193 346
193.1 330
193.2 313
193.3 310
193.4 308
193.5 315
193.6 298
193.7 285
193.8 281
193.9 259
194 256
194.1 248
194.2 237
194.3 240
194.4 239
194.5 228
194.6 222
194.7 226
194.8 226
194.9 231
195 231
195.1 226
195.2 225
195.3 212
195.4 206
195.5 205
195.6 194
195.7 191
195.8 188
195.9 191
196 178
196.1 182
196.2 187
196.3 189
196.4 184
196.5 190
196.6 191
196.7 183
196.8 180
196.9 168
197 168
197.1 177
197.2 182
197.3 175
197.4 200
197.5 198
197.6 200
197.7 211
197.8 228
197.9 225
198 212
198.1 209
198.2 234
198.3 259
198.4 310
198.5 335
198.6 350
198.7 364
198.8 362
198.9 365
199 365
199.1 367
199.2 373
199.3 370
199.4 373
199.5 380
199.6 389
199.7 397
199.8 397
199.9 409
200 419
