0 0
0.1 0
0.2 2
0.3 3
0.4 3
0.5 5
0.6 4
0.7 6
0.8 9
0.9 15
1 17
1.1 18
1.2 21
1.3 25
1.4 28
1.5 26
1.6 32
1.7 36
1.8 34
1.9 38
2 41
2.1 38
2.2 43
2.3 47
2.4 49
2.5 49
2.6 53
2.7 54
2.8 54
2.9 55
3 56
3.1 56
3.2 54
3.3 58
3.4 63
3.5 64
3.6 66
3.7 66
3.8 65
3.9 65
4 64
4.1 65
4.2 62
4.3 64
4.4 66
4.5 72
4.6 73
4.7 74
4.8 72
4.9 74
5 74
5.1 71
5.2 70
5.3 68
5.4 66
5.5 66
5.6 63
5.7 65
5.8 61
5.9 59
6 59
6.1 60
6.2 60
6.3 60
6.4 57
6.5 56
6.6 53
6.7 49
6.8 48
6.9 48
7 43
7.1 41
7.2 39
7.3 37
7.4 35
7.5 33
7.6 31
7.7 29
7.8 27
7.9 27
8 26
8.1 26
8.2 25
8.3 25
8.4 23
8.5 22
8.6 20
8.7 18
8.8 17
8.9 16
9 15
9.1 15
9.2 15
9.3 15
9.4 13
9.5 13
9.6 13
9.7 11
9.8 10
9.9 10
10 10
10.1 9
10.2 9
10.3 8
10.4 8
10.5 8
10.6 7
10.7 7
10.8 7
10.9 7
11 7
11.1 7
11.2 7
11.3 6
11.4 6
11.5 6
11.6 5
11.7 5
11.8 5
11.9 5
12 5
12.1 5
12.2 5
12.3 4
12.4 4
12.5 3
12.6 3
12.7 2
12.8 2
12.9 2
13 2
13.1 2
13.2 1
13.3 1
13.4 1
13.5 1
13.6 1
13.7 1
13.8 1
13.9 1
14 0
14.1 0
14.2 0
14.3 0
14.4 0
14.5 0
14.6 0
14.7 0
14.8 0
14.9 0
15 0
15.1 0
15.2 0
15.3 0
15.4 0
15.5 1
15.6 1
15.7 1
15.8 3
15.9 3
16 3
16.1 3
16.2 3
16.3 3
16.4 3
16.5 3
16.6 3
16.7 4
16.8 4
16.9 4
17 4
17.1 5
17.2 8
17.3 11
17.4 18
17.5 20
17.6 18
17.7 18
17.8 17
17.9 21
18 19
18.1 19
18.2 23
18.3 21
18.4 23
18.5 26
18.6 27
18.7 28
18.8 28
18.9 26
19 30
19.1 29
19.2 33
19.3 34
19.4 33
19.5 32
19.6 29
19.7 30
19.8 29
19.9 32
20 35
20.1 35
20.2 35
20.3 36
20.4 32
20.5 28
20.6 31
20.7 27
20.8 29
20.9 32
21 31
21.1 30
21.2 33
21.3 35
21.4 39
21.5 37
21.6 44
21.7 43
21.8 44
21.9 42
22 43
22.1 42
22.2 43
22.3 43
22.4 42
22.5 43
22.6 43
22.7 44
22.8 41
22.9 43
23 40
23.1 40
23.2 37
23.3 35
23.4 35
23.5 33
23.6 30
23.7 29
23.8 29
23.9 24
24 22
24.1 21
24.2 20
24.3 15
24.4 15
24.5 12
24.6 11
24.7 11
24.8 12
24.9 12
25 12
25.1 12
25.2 12
25.3 11
25.4 11
25.5 10
25.6 9
25.7 8
25.8 7
25.9 6
26 6
26.1 6
26.2 5
26.3 4
26.4 4
26.5 4
26.6 4
26.7 4
26.8 4
26.9 4
27 4
27.1 4
27.2 3
27.3 3
27.4 3
27.5 3
27.6 3
27.7 1
27.8 1
27.9 1
28 1
28.1 1
28.2 1
28.3 1
28.4 1
28.5 1
28.6 1
28.7 1
28.8 1
28.9 1
29 1
29.1 1
29.2 1
29.3 1
29.4 1
29.5 4
29.6 4
29.7 4
29.8 4
29.9 4
30 4
30.1 2
30.2 2
30.3 2
30.4 2
30.5 6
30.6 6
30.7 6
30.8 5
30.9 6
31 4
31.1 4
31.2 4
31.3 3
31.4 3
31.5 3
31.6 3
31.7 2
31.8 2
31.9 2
32 2
32.1 2
32.2 2
32.3 2
32.4 2
32.5 2
32.6 2
32.7 2
32.8 2
32.9 2
33 2
33.1 2
33.2 2
33.3 4
33.4 4
33.5 4
33.6 4
33.7 3
33.8 3
33.9 3
34 5
34.1 5
34.2 5
34.3 5
34.4 5
34.5 3
34.6 3
34.7 3
34.8 4
34.9 6
35 5
35.1 4
35.2 6
35.3 7
35.4 7
35.5 6
35.6 6
35.7 6
35.8 6
35.9 9
36 11
36.1 11
36.2 11
36.3 12
36.4 9
36.5 9
36.6 10
36.7 13
36.8 19
36.9 19
37 20
37.1 23
37.2 28
37.3 27
37.4 29
37.5 34
37.6 38
37.7 38
37.8 39
37.9 39
38 39
38.1 39
38.2 40
38.3 41
38.4 43
38.5 44
38.6 47
38.7 50
38.8 45
38.9 46
39 47
39.1 46
39.2 45
39.3 43
39.4 44
39.5 45
39.6 45
39.7 47
39.8 46
39.9 53
40 51
40.1 55
40.2 55
40.3 50
40.4 45
40.5 45
40.6 47
40.7 46
40.8 48
40.9 50
41 49
41.1 50
41.2 50
41.3 47
41.4 49
41.5 48
41.6 45
41.7 47
41.8 49
41.9 47
42 47
42.1 45
42.2 45
42.3 42
42.4 41
42.5 40
42.6 37
42.7 35
42.8 31
42.9 29
43 28
43.1 28
43.2 27
43.3 27
43.4 24
43.5 24
43.6 23
43.7 22
43.8 21
43.9 21
44 21
44.1 19
44.2 16
44.3 15
44.4 15
44.5 14
44.6 13
44.7 13
44.8 13
44.9 13
45 13
45.1 13
45.2 12
45.3 12
45.4 12
45.5 12
45.6 12
45.7 12
45.8 12
45.9 12
46 10
46.1 9
46.2 7
46.3 6
46.4 6
46.5 6
46.6 6
46.7 6
46.8 6
46.9 6
47 6
47.1 6
47.2 6
47.3 5
47.4 5
47.5 5
47.6 5
47.7 4
47.8 4
47.9 4
48 4
48.1 4
48.2 4
48.3 4
48.4 4
48.5 3
48.6 3
48.7 3
48.8 2
48.9 2
49 2
49.1 2
49.2 2
49.3 2
49.4 0
49.5 0
49.6 0
49.7 0
49.8 0
49.9 0
50 0
50.1 0
50.2 0
50.3 0
50.4 0
50.5 0
50.6 0
50.7 0
50.8 0
50.9 0
51 0
51.1 0
51.2 0
51.3 0
51.4 0
51.5 0
51.6 0
51.7 0
51.8 0
51.9 0
52 0
52.1 0
52.2 0
52.3 0
52.4 0
52.5 0
52.6 0
52.7 0
52.8 0
52.9 0
53 0
53.1 0
53.2 0
53.3 0
53.4 0
53.5 0
53.6 0
53.7 0
53.8 0
53.9 0
54 0
54.1 0
54.2 0
54.3 0
54.4 0
54.5 0
54.6 0
54.7 0
54.8 0
54.9 1
55 2
55.1 4
55.2 7
55.3 8
55.4 10
55.5 13
55.6 14
55.7 15
55.8 16
55.9 17
56 17
56.1 22
56.2 22
56.3 26
56.4 29
56.5 29
56.6 34
56.7 33
56.8 28
56.9 27
57 31
57.1 35
57.2 40
57.3 45
57.4 48
57.5 52
57.6 54
57.7 61
57.8 64
57.9 63
58 61
58.1 64
58.2 64
58.3 63
58.4 62
58.5 60
58.6 60
58.7 58
58.8 57
58.9 59
59 61
59.1 59
59.2 60
59.3 58
59.4 59
59.5 56
59.6 63
59.7 63
59.8 64
59.9 63
60 61
60.1 65
60.2 68
60.3 68
60.4 69
60.5 67
60.6 66
60.7 65
60.8 66
60.9 67
61 67
61.1 68
61.2 67
61.3 67
61.4 60
61.5 57
61.6 57
61.7 55
61.8 49
61.9 47
62 45
62.1 43
62.2 39
62.3 37
62.4 35
62.5 31
62.6 29
62.7 28
62.8 26
62.9 23
63 22
63.1 19
63.2 17
63.3 16
63.4 15
63.5 14
63.6 14
63.7 12
63.8 12
63.9 11
64 11
64.1 10
64.2 10
64.3 10
64.4 10
64.5 10
64.6 9
64.7 9
64.8 9
64.9 9
65 9
65.1 8
65.2 7
65.3 6
65.4 5
65.5 5
65.6 5
65.7 4
65.8 3
65.9 3
66 2
66.1 2
66.2 2
66.3 1
66.4 1
66.5 1
66.6 1
66.7 1
66.8 1
66.9 1
67 1
67.1 1
67.2 1
67.3 1
67.4 1
67.5 1
67.6 1
67.7 1
67.8 1
67.9 1
68 1
68.1 1
68.2 1
68.3 1
68.4 1
68.5 1
68.6 1
68.7 1
68.8 1
68.9 1
69 1
69.1 1
69.2 1
69.3 1
69.4 1
69.5 1
69.6 1
69.7 1
69.8 1
69.9 1
70 1
70.1 1
70.2 1
70.3 1
70.4 1
70.5 1
70.6 1
70.7 1
70.8 1
70.9 1
71 1
71.1 0
71.2 0
71.3 0
71.4 0
71.5 0
71.6 0
71.7 0
71.8 0
71.9 0
72 0
72.1 0
72.2 0
72.3 0
72.4 0
72.5 0
72.6 0
72.7 0
72.8 0
72.9 0
73 0
73.1 0
73.2 0
73.3 0
73.4 0
73.5 0
73.6 0
73.7 0
73.8 0
73.9 0
74 0
74.1 0
74.2 0
74.3 0
74.4 0
74.5 0
74.6 0
74.7 0
74.8 0
74.9 0
75 0
75.1 0
75.2 0
75.3 0
75.4 0
75.5 0
75.6 0
75.7 0
75.8 0
75.9 0
76 0
76.1 0
76.2 1
76.3 2
76.4 3
76.5 5
76.6 9
76.7 13
76.8 15
76.9 14
77 19
77.1 18
77.2 21
77.3 21
77.4 22
77.5 31
77.6 32
77.7 34
77.8 34
77.9 34
78 33
78.1 37
78.2 37
78.3 35
78.4 35
78.5 34
78.6 43
78.7 42
78.8 45
78.9 47
79 47
79.1 48
79.2 51
79.3 54
79.4 56
79.5 60
79.6 61
79.7 64
79.8 64
79.9 65
80 64
80.1 65
80.2 64
80.3 66
80.4 67
80.5 69
80.6 67
80.7 65
80.8 63
80.9 63
81 68
81.1 67
81.2 68
81.3 72
81.4 68
81.5 66
81.6 68
81.7 65
81.8 62
81.9 62
82 65
82.1 67
82.2 70
82.3 71
82.4 66
82.5 63
82.6 63
82.7 61
82.8 59
82.9 55
83 54
83.1 53
83.2 48
83.3 46
83.4 45
83.5 42
83.6 39
83.7 39
83.8 38
83.9 36
84 35
84.1 35
84.2 34
84.3 31
84.4 29
84.5 29
84.6 26
84.7 25
84.8 23
84.9 20
85 20
85.1 19
85.2 18
85.3 17
85.4 17
85.5 16
85.6 16
85.7 15
85.8 14
85.9 13
86 13
86.1 13
86.2 13
86.3 12
86.4 12
86.5 11
86.6 10
86.7 10
86.8 10
86.9 10
87 9
87.1 7
87.2 7
87.3 7
87.4 4
87.5 3
87.6 3
87.7 3
87.8 3
87.9 2
88 2
88.1 2
88.2 2
88.3 2
88.4 2
88.5 2
88.6 2
88.7 2
88.8 2
88.9 2
89 2
89.1 2
89.2 2
89.3 2
89.4 1
89.5 1
89.6 1
89.7 1
89.8 1
89.9 1
90 1
90.1 1
90.2 1
90.3 1
90.4 1
90.5 1
90.6 1
90.7 1
90.8 1
90.9 1
91 1
91.1 1
91.2 1
91.3 1
91.4 1
91.5 1
91.6 1
91.7 1
91.8 1
91.9 1
92 1
92.1 1
92.2 1
92.3 1
92.4 1
92.5 1
92.6 1
92.7 1
92.8 1
92.9 1
93 1
93.1 1
93.2 1
93.3 1
93.4 1
93.5 0
93.6 0
93.7 0
93.8 0
93.9 0
94 0
94.1 0
94.2 0
94.3 0
94.4 0
94.5 1
94.6 1
94.7 1
94.8 1
94.9 1
95 1
95.1 1
95.2 1
95.3 1
95.4 2
95.5 2
95.6 2
95.7 2
95.8 2
95.9 2
96 2
96.1 1
96.2 1
96.3 1
96.4 1
96.5 1
96.6 1
96.7 1
96.8 1
96.9 1
97 1
97.1 1
97.2 1
97.3 1
97.4 1
97.5 1
97.6 1
97.7 1
97.8 1
97.9 1
98 1
98.1 1
98.2 1
98.3 1
98.4 1
98.5 0
98.6 0
98.7 0
98.8 0
98.9 0
99 0
99.1 0
99.2 0
99.3 0
99.4 0
99.5 2
99.6 4
99.7 5
99.8 6
99.9 7
100 8
100.1 8
100.2 11
100.3 15
100.4 17
100.5 20
100.6 20
100.7 22
100.8 24
100.9 23
101 26
101.1 29
101.2 30
101.3 32
101.4 37
101.5 42
101.6 43
101.7 39
101.8 39
101.9 45
102 44
102.1 46
102.2 45
102.3 48
102.4 53
102.5 59
102.6 61
102.7 65
102.8 63
102.9 68
103 65
103.1 63
103.2 65
103.3 61
103.4 62
103.5 59
103.6 62
103.7 61
103.8 64
103.9 59
104 62
104.1 59
104.2 55
104.3 57
104.4 63
104.5 60
104.6 58
104.7 62
104.8 64
104.9 62
105 60
105.1 60
105.2 59
105.3 57
105.4 59
105.5 63
105.6 63
105.7 64
105.8 62
105.9 66
106 60
106.1 61
106.2 60
106.3 58
106.4 56
106.5 52
106.6 53
106.7 47
106.8 46
106.9 44
107 43
107.1 42
107.2 41
107.3 40
107.4 39
107.5 38
107.6 37
107.7 33
107.8 32
107.9 31
108 28
108.1 28
108.2 27
108.3 27
108.4 25
108.5 21
108.6 19
108.7 19
108.8 18
108.9 17
109 16
109.1 16
109.2 14
109.3 13
109.4 13
109.5 13
109.6 13
109.7 13
109.8 13
109.9 13
110 13
110.1 12
110.2 10
110.3 9
110.4 8
110.5 7
110.6 7
110.7 7
110.8 6
110.9 6
111 6
111.1 6
111.2 6
111.3 5
111.4 5
111.5 5
111.6 4
111.7 4
111.8 4
111.9 4
112 4
112.1 8
112.2 8
112.3 7
112.4 7
112.5 6
112.6 6
112.7 6
112.8 5
112.9 5
113 5
113.1 5
113.2 4
113.3 4
113.4 4
113.5 4
113.6 4
113.7 4
113.8 4
113.9 4
114 4
114.1 4
114.2 4
114.3 4
114.4 4
114.5 4
114.6 4
114.7 4
114.8 4
114.9 4
115 4
115.1 4
115.2 4
115.3 4
115.4 4
115.5 4
115.6 3
115.7 3
115.8 3
115.9 3
116 3
116.1 3
116.2 3
116.3 2
116.4 2
116.5 2
116.6 2
116.7 2
116.8 2
116.9 2
117 1
117.1 1
117.2 1
117.3 1
117.4 1
117.5 1
117.6 1
117.7 1
117.8 2
117.9 2
118 2
118.1 2
118.2 2
118.3 2
118.4 2
118.5 2
118.6 2
118.7 2
118.8 2
118.9 2
119 2
119.1 5
119.2 5
119.3 5
119.4 4
119.5 4
119.6 7
119.7 6
119.8 5
119.9 5
120 5
120.1 5
120.2 5
120.3 3
120.4 3
120.5 3
120.6 3
120.7 4
120.8 4
120.9 4
121 3
121.1 3
121.2 3
121.3 3
121.4 3
121.5 3
121.6 3
121.7 3
121.8 3
121.9 3
122 3
122.1 3
122.2 3
122.3 3
122.4 3
122.5 3
122.6 5
122.7 5
122.8 5
122.9 5
123 5
123.1 5
123.2 5
123.3 5
123.4 4
123.5 4
123.6 4
123.7 4
123.8 8
123.9 7
124 10
124.1 13
124.2 16
124.3 15
124.4 22
124.5 23
124.6 25
124.7 25
124.8 27
124.9 28
125 28
125.1 28
125.2 28
125.3 29
125.4 33
125.5 35
125.6 42
125.7 41
125.8 42
125.9 43
126 43
126.1 45
126.2 48
126.3 48
126.4 52
126.5 52
126.6 49
126.7 46
126.8 48
126.9 48
127 47
127.1 48
127.2 53
127.3 52
127.4 55
127.5 53
127.6 55
127.7 55
127.8 56
127.9 58
128 60
128.1 63
128.2 62
128.3 63
128.4 60
128.5 62
128.6 65
128.7 65
128.8 60
128.9 60
129 62
129.1 61
129.2 60
129.3 58
129.4 58
129.5 54
129.6 49
129.7 46
129.8 44
129.9 41
130 40
130.1 36
130.2 36
130.3 35
130.4 35
130.5 35
130.6 35
130.7 33
130.8 31
130.9 29
131 27
131.1 25
131.2 23
131.3 23
131.4 23
131.5 22
131.6 21
131.7 21
131.8 20
131.9 20
132 18
132.1 18
132.2 16
132.3 14
132.4 14
132.5 14
132.6 14
132.7 10
132.8 9
132.9 8
133 7
133.1 7
133.2 7
133.3 7
133.4 7
133.5 7
133.6 7
133.7 5
133.8 5
133.9 5
134 5
134.1 5
134.2 5
134.3 5
134.4 5
134.5 5
134.6 5
134.7 5
134.8 5
134.9 5
135 5
135.1 5
135.2 5
135.3 4
135.4 4
135.5 4
135.6 4
135.7 4
135.8 4
135.9 4
136 4
136.1 3
136.2 3
136.3 3
136.4 3
136.5 3
136.6 3
136.7 3
136.8 3
136.9 2
137 2
137.1 2
137.2 2
137.3 2
137.4 2
137.5 2
137.6 2
137.7 2
137.8 2
137.9 2
138 2
138.1 2
138.2 2
138.3 2
138.4 2
138.5 2
138.6 1
138.7 1
138.8 1
138.9 1
139 1
139.1 1
139.2 1
139.3 1
139.4 1
139.5 1
139.6 1
139.7 1
139.8 1
139.9 1
140 1
140.1 1
140.2 2
140.3 2
140.4 2
140.5 2
140.6 4
140.7 3
140.8 3
140.9 3
141 2
141.1 2
141.2 2
141.3 2
141.4 2
141.5 2
141.6 2
141.7 1
141.8 1
141.9 1
142 1
142.1 1
142.2 1
142.3 1
142.4 1
142.5 1
142.6 1
142.7 2
142.8 2
142.9 2
143 2
143.1 2
143.2 2
143.3 2
143.4 2
143.5 2
143.6 2
143.7 2
143.8 1
143.9 1
144 2
144.1 2
144.2 1
144.3 0
144.4 0
144.5 0
144.6 3
144.7 3
144.8 3
144.9 3
145 2
145.1 1
145.2 1
145.3 1
145.4 1
145.5 1
145.6 1
145.7 1
145.8 1
145.9 1
146 1
146.1 0
146.2 1
146.3 4
146.4 4
146.5 4
146.6 4
146.7 4
146.8 4
146.9 4
147 4
147.1 3
147.2 3
147.3 3
147.4 3
147.5 3
147.6 3
147.7 3
147.8 3
147.9 2
148 2
148.1 2
148.2 2
148.3 2
148.4 2
148.5 2
148.6 2
148.7 2
148.8 3
148.9 3
149 4
149.1 4
149.2 3
149.3 3
149.4 3
149.5 3
149.6 4
149.7 4
149.8 4
149.9 3
150 4
150.1 4
150.2 2
150.3 3
150.4 4
150.5 5
150.6 4
150.7 3
150.8 5
150.9 5
151 5
151.1 5
151.2 10
151.3 14
151.4 13
151.5 19
151.6 25
151.7 28
151.8 26
151.9 32
152 41
152.1 39
152.2 42
152.3 46
152.4 44
152.5 49
152.6 51
152.7 54
152.8 49
152.9 52
153 50
153.1 47
153.2 45
153.3 47
153.4 46
153.5 48
153.6 53
153.7 57
153.8 60
153.9 60
154 65
154.1 64
154.2 64
154.3 69
154.4 70
154.5 68
154.6 71
154.7 69
154.8 65
154.9 65
155 68
155.1 71
155.2 67
155.3 72
155.4 67
155.5 63
155.6 64
155.7 63
155.8 64
155.9 64
156 63
156.1 60
156.2 56
156.3 57
156.4 59
156.5 64
156.6 64
156.7 63
156.8 62
156.9 60
157 58
157.1 56
157.2 54
157.3 52
157.4 48
157.5 48
157.6 46
157.7 44
157.8 41
157.9 37
158 34
158.1 34
158.2 34
158.3 34
158.4 32
158.5 30
158.6 29
158.7 28
158.8 27
158.9 26
159 26
159.1 26
159.2 24
159.3 24
159.4 22
159.5 22
159.6 21
159.7 21
159.8 18
159.9 17
160 17
160.1 17
160.2 16
160.3 13
160.4 11
160.5 11
160.6 10
160.7 9
160.8 9
160.9 8
161 7
161.1 6
161.2 6
161.3 6
161.4 6
161.5 6
161.6 6
161.7 6
161.8 6
161.9 6
162 5
162.1 5
162.2 5
162.3 5
162.4 5
162.5 5
162.6 4
162.7 4
162.8 4
162.9 4
163 4
163.1 4
163.2 4
163.3 3
163.4 2
163.5 2
163.6 2
163.7 2
163.8 2
163.9 2
164 2
164.1 1
164.2 1
164.3 1
164.4 1
164.5 1
164.6 1
164.7 1
164.8 1
164.9 1
165 0
165.1 0
165.2 0
165.3 0
165.4 0
165.5 0
165.6 0
165.7 0
165.8 0
165.9 0
166 0
166.1 0
166.2 0
166.3 0
166.4 0
166.5 0
166.6 0
166.7 5
166.8 5
166.9 5
167 5
167.1 5
167.2 5
167.3 5
167.4 5
167.5 5
167.6 5
167.7 5
167.8 5
167.9 5
168 5
168.1 5
168.2 5
168.3 4
168.4 3
168.5 2
168.6 1
168.7 1
168.8 1
168.9 1
169 0
169.1 0
169.2 0
169.3 0
169.4 0
169.5 0
169.6 0
169.7 0
169.8 0
169.9 0
170 0
170.1 0
170.2 0
170.3 0
170.4 0
170.5 0
170.6 1
170.7 1
170.8 1
170.9 4
171 4
171.1 4
171.2 2
171.3 2
171.4 2
171.5 2
171.6 2
171.7 2
171.8 2
171.9 2
172 1
172.1 1
172.2 1
172.3 1
172.4 1
172.5 1
172.6 1
172.7 1
172.8 1
172.9 2
173 2
173.1 2
173.2 2
173.3 2
173.4 1
173.5 2
173.6 4
173.7 4
173.8 4
173.9 5
174 8
174.1 9
174.2 11
174.3 11
174.4 12
174.5 15
174.6 21
174.7 25
174.8 25
174.9 32
175 35
175.1 36
175.2 34
175.3 36
175.4 37
175.5 37
175.6 42
175.7 41
175.8 42
175.9 37
176 40
176.1 37
176.2 35
176.3 35
176.4 37
176.5 36
176.6 37
176.7 38
176.8 39
176.9 41
177 44
177.1 45
177.2 43
177.3 43
177.4 50
177.5 52
177.6 50
177.7 50
177.8 50
177.9 52
178 50
178.1 50
178.2 50
178.3 48
178.4 45
178.5 49
178.6 52
178.7 50
178.8 53
178.9 56
179 59
179.1 63
179.2 62
179.3 59
179.4 59
179.5 58
179.6 59
179.7 58
179.8 57
179.9 56
180 54
180.1 51
180.2 51
180.3 53
180.4 50
180.5 48
180.6 47
180.7 45
180.8 43
180.9 43
181 41
181.1 38
181.2 39
181.3 36
181.4 34
181.5 32
181.6 32
181.7 30
181.8 28
181.9 26
182 25
182.1 24
182.2 23
182.3 23
182.4 22
182.5 22
182.6 22
182.7 20
182.8 20
182.9 19
183 18
183.1 18
183.2 18
183.3 15
183.4 13
183.5 13
183.6 13
183.7 13
183.8 12
183.9 10
184 10
184.1 9
184.2 9
184.3 9
184.4 9
184.5 7
184.6 7
184.7 7
184.8 6
184.9 6
185 5
185.1 5
185.2 5
185.3 5
185.4 5
185.5 5
185.6 5
185.7 5
185.8 5
185.9 5
186 5
186.1 5
186.2 4
186.3 4
186.4 4
186.5 4
186.6 4
186.7 4
186.8 4
186.9 4
187 4
187.1 4
187.2 4
187.3 3
187.4 3
187.5 3
187.6 3
187.7 3
187.8 3
187.9 3
188 2
188.1 2
188.2 2
188.3 2
188.4 1
188.5 1
188.6 1
188.7 1
188.8 1
188.9 1
189 1
189.1 1
189.2 1
189.3 1
189.4 1
189.5 2
189.6 3
189.7 3
189.8 3
189.9 3
190 3
190.1 3
190.2 2
190.3 2
190.4 2
190.5 2
190.6 2
190.7 2
190.8 2
190.9 2
191 1
191.1 1
191.2 1
191.3 1
191.4 1
191.5 1
191.6 1
191.7 1
191.8 1
191.9 1
192 0
192.1 0
192.2 0
192.3 1
192.4 1
192.5 1
192.6 5
192.7 4
192.8 4
192.9 4
193 4
193.1 4
193.2 4
193.3 3
193.4 3
193.5 3
193.6 3
193.7 3
193.8 3
193.9 3
194 3
194.1 3
194.2 3
194.3 3
194.4 3
194.5 3
194.6 3
194.7 3
194.8 3
194.9 2
195 2
195.1 2
195.2 4
195.3 4
195.4 3
195.5 3
195.6 2
195.7 2
195.8 2
195.9 2
196 2
196.1 2
196.2 2
196.3 2
196.4 2
196.5 1
196.6 1
196.7 1
196.8 1
196.9 1
197 1
197.1 1
197.2 1
197.3 1
197.4 1
197.5 1
197.6 2
197.7 2
197.8 2
197.9 2
198 2
198.1 2
198.2 2
198.3 1
198.4 1
198.5 0
198.6 0
198.7 0
198.8 1
198.9 2
199 2
199.1 3
199.2 2
199.3 3
199.4 5
199.5 11
199.6 13
199.7 14
199.8 14
199.9 16
200 21
