0 0
0.1 0
0.2 0
0.3 0
0.4 3
0.5 3
0.6 3
0.7 3
0.8 4
0.9 10
1 11
1.1 15
1.2 15
1.3 17
1.4 22
1.5 22
1.6 24
1.7 31
1.8 30
1.9 28
2 31
2.1 31
2.2 36
2.3 43
2.4 42
2.5 49
2.6 53
2.7 55
2.8 56
2.9 57
3 60
3.1 60
3.2 63
3.3 64
3.4 66
3.5 62
3.6 65
3.7 73
3.8 76
3.9 78
4 77
4.1 76
4.2 75
4.3 69
4.4 71
4.5 71
4.6 69
4.7 71
4.8 67
4.9 65
5 66
5.1 61
5.2 59
5.3 59
5.4 59
5.5 60
5.6 55
5.7 58
5.8 59
5.9 57
6 57
6.1 59
6.2 60
6.3 60
6.4 61
6.5 63
6.6 59
6.7 60
6.8 58
6.9 54
7 53
7.1 52
7.2 53
7.3 50
7.4 49
7.5 48
7.6 46
7.7 44
7.8 42
7.9 40
8 38
8.1 35
8.2 35
8.3 31
8.4 29
8.5 28
8.6 26
8.7 23
8.8 22
8.9 19
9 18
9.1 18
9.2 18
9.3 18
9.4 18
9.5 18
9.6 18
9.7 17
9.8 17
9.9 17
10 15
10.1 14
10.2 13
10.3 13
10.4 11
10.5 11
10.6 10
10.7 9
10.8 9
10.9 8
11 7
11.1 7
11.2 7
11.3 7
11.4 7
11.5 7
11.6 7
11.7 7
11.8 7
11.9 6
12 6
12.1 5
12.2 5
12.3 5
12.4 5
12.5 5
12.6 5
12.7 5
12.8 5
12.9 5
13 4
13.1 4
13.2 2
13.3 2
13.4 2
13.5 2
13.6 2
13.7 2
13.8 2
13.9 2
14 2
14.1 0
14.2 0
14.3 0
14.4 0
14.5 0
14.6 0
14.7 0
14.8 0
14.9 1
15 1
15.1 1
15.2 1
15.3 1
15.4 0
15.5 0
15.6 0
15.7 0
15.8 0
15.9 0
16 0
16.1 0
16.2 0
16.3 0
16.4 0
16.5 0
16.6 0
16.7 0
16.8 0
16.9 0
17 0
17.1 0
17.2 0
17.3 0
17.4 0
17.5 0
17.6 0
17.7 0
17.8 0
17.9 0
18 0
18.1 0
18.2 0
18.3 0
18.4 0
18.5 0
18.6 0
18.7 0
18.8 0
18.9 0
19 0
19.1 0
19.2 0
19.3 0
19.4 0
19.5 0
19.6 0
19.7 0
19.8 0
19.9 0
20 0
20.1 0
20.2 0
20.3 0
20.4 0
20.5 0
20.6 0
20.7 0
20.8 0
20.9 0
21 0
21.1 0
21.2 0
21.3 0
21.4 0
21.5 0
21.6 0
21.7 0
21.8 0
21.9 0
22 0
22.1 0
22.2 0
22.3 1
22.4 1
22.5 1
22.6 1
22.7 1
22.8 1
22.9 1
23 1
23.1 1
23.2 1
23.3 1
23.4 1
23.5 1
23.6 1
23.7 1
23.8 1
23.9 1
24 1
24.1 5
24.2 6
24.3 8
24.4 11
24.5 14
24.6 17
24.7 20
24.8 22
24.9 24
25 24
25.1 26
25.2 28
25.3 32
25.4 32
25.5 38
25.6 40
25.7 41
25.8 48
25.9 48
26 53
26.1 55
26.2 56
26.3 53
26.4 49
26.5 53
26.6 55
26.7 56
26.8 62
26.9 62
27 65
27.1 66
27.2 66
27.3 67
27.4 66
27.5 64
27.6 62
27.7 70
27.8 69
27.9 66
28 65
28.1 72
28.2 74
28.3 71
28.4 71
28.5 69
28.6 73
28.7 72
28.8 69
28.9 66
29 63
29.1 62
29.2 64
29.3 62
29.4 59
29.5 58
29.6 55
29.7 48
29.8 47
29.9 46
30 43
30.1 42
30.2 38
30.3 33
30.4 32
30.5 31
30.6 30
30.7 26
30.8 25
30.9 25
31 25
31.1 24
31.2 21
31.3 19
31.4 18
31.5 17
31.6 15
31.7 14
31.8 14
31.9 13
32 12
32.1 12
32.2 12
32.3 11
32.4 10
32.5 8
32.6 8
32.7 7
32.8 7
32.9 7
33 7
33.1 5
33.2 5
33.3 5
33.4 5
33.5 5
33.6 5
33.7 5
33.8 5
33.9 5
34 5
34.1 5
34.2 4
34.3 4
34.4 4
34.5 4
34.6 4
34.7 4
34.8 3
34.9 3
35 3
35.1 3
35.2 3
35.3 3
35.4 2
35.5 1
35.6 1
35.7 1
35.8 1
35.9 1
36 1
36.1 1
36.2 1
36.3 1
36.4 1
36.5 1
36.6 1
36.7 1
36.8 1
36.9 1
37 1
37.1 1
37.2 1
37.3 1
37.4 1
37.5 1
37.6 1
37.7 1
37.8 1
37.9 1
38 1
38.1 1
38.2 1
38.3 1
38.4 1
38.5 1
38.6 1
38.7 1
38.8 1
38.9 2
39 2
39.1 1
39.2 1
39.3 1
39.4 1
39.5 1
39.6 1
39.7 1
39.8 1
39.9 1
40 1
40.1 0
40.2 0
40.3 0
40.4 0
40.5 0
40.6 0
40.7 0
40.8 0
40.9 4
41 4
41.1 4
41.2 4
41.3 4
41.4 4
41.5 4
41.6 3
41.7 3
41.8 3
41.9 3
42 3
42.1 3
42.2 2
42.3 2
42.4 2
42.5 2
42.6 2
42.7 2
42.8 1
42.9 1
43 1
43.1 4
43.2 6
43.3 5
43.4 5
43.5 5
43.6 6
43.7 5
43.8 6
43.9 8
44 14
44.1 11
44.2 15
44.3 15
44.4 16
44.5 20
44.6 20
44.7 22
44.8 27
44.9 30
45 32
45.1 33
45.2 35
45.3 36
45.4 36
45.5 39
45.6 39
45.7 41
45.8 43
45.9 43
46 44
46.1 39
46.2 43
46.3 48
46.4 50
46.5 48
46.6 52
46.7 54
46.8 57
46.9 54
47 56
47.1 53
47.2 58
47.3 60
47.4 57
47.5 58
47.6 58
47.7 57
47.8 58
47.9 58
48 59
48.1 62
48.2 69
48.3 69
48.4 65
48.5 65
48.6 66
48.7 64
48.8 60
48.9 58
49 56
49.1 55
49.2 53
49.3 52
49.4 49
49.5 45
49.6 44
49.7 40
49.8 36
49.9 34
50 33
50.1 29
50.2 29
50.3 28
50.4 28
50.5 27
50.6 27
50.7 26
50.8 25
50.9 24
51 23
51.1 22
51.2 21
51.3 20
51.4 19
51.5 19
51.6 18
51.7 17
51.8 15
51.9 14
52 13
52.1 11
52.2 11
52.3 11
52.4 11
52.5 10
52.6 10
52.7 10
52.8 10
52.9 10
53 8
53.1 8
53.2 8
53.3 8
53.4 8
53.5 8
53.6 8
53.7 8
53.8 8
53.9 8
54 8
54.1 8
54.2 5
54.3 5
54.4 5
54.5 5
54.6 5
54.7 5
54.8 4
54.9 4
55 4
55.1 4
55.2 4
55.3 4
55.4 4
55.5 4
55.6 3
55.7 3
55.8 3
55.9 2
56 2
56.1 2
56.2 2
56.3 2
56.4 2
56.5 2
56.6 2
56.7 2
56.8 2
56.9 2
57 2
57.1 2
57.2 1
57.3 1
57.4 1
57.5 1
57.6 1
57.7 1
57.8 1
57.9 1
58 1
58.1 1
58.2 1
58.3 1
58.4 1
58.5 1
58.6 1
58.7 1
58.8 1
58.9 1
59 1
59.1 1
59.2 1
59.3 1
59.4 1
59.5 1
59.6 1
59.7 1
59.8 1
59.9 1
60 1
60.1 1
60.2 1
60.3 1
60.4 1
60.5 1
60.6 1
60.7 1
60.8 0
60.9 0
61 0
61.1 0
61.2 0
61.3 0
61.4 0
61.5 1
61.6 1
61.7 1
61.8 1
61.9 1
62 1
62.1 1
62.2 1
62.3 1
62.4 1
62.5 1
62.6 1
62.7 2
62.8 1
62.9 1
63 1
63.1 1
63.2 1
63.3 1
63.4 1
63.5 1
63.6 1
63.7 1
63.8 1
63.9 1
64 2
64.1 2
64.2 2
64.3 2
64.4 4
64.5 5
64.6 8
64.7 12
64.8 13
64.9 20
65 21
65.1 23
65.2 25
65.3 29
65.4 28
65.5 28
65.6 27
65.7 29
65.8 31
65.9 36
66 37
66.1 39
66.2 39
66.3 42
66.4 42
66.5 45
66.6 48
66.7 46
66.8 47
66.9 46
67 45
67.1 44
67.2 43
67.3 51
67.4 50
67.5 47
67.6 51
67.7 51
67.8 50
67.9 49
68 53
68.1 48
68.2 51
68.3 50
68.4 54
68.5 57
68.6 55
68.7 55
68.8 54
68.9 59
69 57
69.1 61
69.2 62
69.3 61
69.4 61
69.5 58
69.6 61
69.7 59
69.8 61
69.9 66
70 64
70.1 62
70.2 62
70.3 59
70.4 58
70.5 56
70.6 57
70.7 52
70.8 51
70.9 48
71 47
71.1 46
71.2 48
71.3 46
71.4 45
71.5 44
71.6 42
71.7 40
71.8 40
71.9 39
72 36
72.1 34
72.2 33
72.3 32
72.4 31
72.5 28
72.6 27
72.7 25
72.8 22
72.9 21
73 21
73.1 21
73.2 20
73.3 19
73.4 18
73.5 17
73.6 17
73.7 17
73.8 15
73.9 14
74 13
74.1 13
74.2 13
74.3 12
74.4 11
74.5 11
74.6 11
74.7 9
74.8 8
74.9 7
75 6
75.1 6
75.2 6
75.3 6
75.4 6
75.5 5
75.6 4
75.7 4
75.8 4
75.9 4
76 4
76.1 3
76.2 4
76.3 4
76.4 4
76.5 4
76.6 4
76.7 4
76.8 4
76.9 4
77 4
77.1 4
77.2 3
77.3 2
77.4 2
77.5 2
77.6 1
77.7 1
77.8 1
77.9 1
78 1
78.1 1
78.2 1
78.3 1
78.4 1
78.5 1
78.6 1
78.7 1
78.8 2
78.9 2
79 1
79.1 1
79.2 3
79.3 2
79.4 1
79.5 1
79.6 1
79.7 1
79.8 1
79.9 1
80 1
80.1 1
80.2 1
80.3 1
80.4 1
80.5 1
80.6 1
80.7 1
80.8 0
80.9 0
81 0
81.1 0
81.2 0
81.3 0
81.4 0
81.5 0
81.6 0
81.7 0
81.8 0
81.9 0
82 0
82.1 0
82.2 0
82.3 0
82.4 0
82.5 0
82.6 0
82.7 0
82.8 0
82.9 0
83 0
83.1 0
83.2 0
83.3 0
83.4 0
83.5 0
83.6 0
83.7 0
83.8 0
83.9 0
84 1
84.1 4
84.2 5
84.3 5
84.4 4
84.5 4
84.6 4
84.7 5
84.8 4
84.9 4
85 4
85.1 6
85.2 7
85.3 9
85.4 10
85.5 10
85.6 9
85.7 15
85.8 16
85.9 16
86 18
86.1 23
86.2 24
86.3 22
86.4 21
86.5 25
86.6 26
86.7 25
86.8 25
86.9 26
87 32
87.1 35
87.2 40
87.3 37
87.4 41
87.5 35
87.6 38
87.7 38
87.8 42
87.9 47
88 47
88.1 45
88.2 48
88.3 54
88.4 58
88.5 61
88.6 59
88.7 60
88.8 54
88.9 55
89 56
89.1 57
89.2 54
89.3 57
89.4 57
89.5 59
89.6 58
89.7 55
89.8 52
89.9 52
90 51
90.1 53
90.2 51
90.3 47
90.4 50
90.5 50
90.6 46
90.7 44
90.8 44
90.9 43
91 43
91.1 40
91.2 38
91.3 33
91.4 31
91.5 29
91.6 28
91.7 27
91.8 25
91.9 25
92 25
92.1 23
92.2 22
92.3 21
92.4 19
92.5 17
92.6 17
92.7 14
92.8 14
92.9 14
93 12
93.1 11
93.2 11
93.3 10
93.4 10
93.5 10
93.6 9
93.7 8
93.8 7
93.9 6
94 6
94.1 6
94.2 6
94.3 6
94.4 6
94.5 6
94.6 6
94.7 6
94.8 6
94.9 5
95 5
95.1 5
95.2 5
95.3 5
95.4 5
95.5 4
95.6 4
95.7 3
95.8 3
95.9 3
96 3
96.1 2
96.2 2
96.3 2
96.4 2
96.5 2
96.6 2
96.7 2
96.8 0
96.9 0
97 0
97.1 0
97.2 0
97.3 0
97.4 0
97.5 0
97.6 0
97.7 0
97.8 0
97.9 0
98 0
98.1 0
98.2 0
98.3 0
98.4 0
98.5 0
98.6 0
98.7 0
98.8 0
98.9 0
99 0
99.1 0
99.2 0
99.3 2
99.4 2
99.5 2
99.6 1
99.7 1
99.8 1
99.9 1
100 1
100.1 1
100.2 1
100.3 1
100.4 1
100.5 3
100.6 3
100.7 3
100.8 3
100.9 3
101 2
101.1 2
101.2 4
101.3 5
101.4 5
101.5 5
101.6 5
101.7 5
101.8 3
101.9 3
102 3
102.1 3
102.2 5
102.3 5
102.4 6
102.5 7
102.6 7
102.7 7
102.8 7
102.9 7
103 8
103.1 9
103.2 13
103.3 13
103.4 14
103.5 15
103.6 15
103.7 14
103.8 16
103.9 17
104 17
104.1 18
104.2 18
104.3 23
104.4 22
104.5 24
104.6 23
104.7 20
104.8 21
104.9 23
105 24
105.1 23
105.2 24
105.3 28
105.4 34
105.5 35
105.6 34
105.7 31
105.8 35
105.9 36
106 37
106.1 43
106.2 45
106.3 48
106.4 49
106.5 54
106.6 56
106.7 54
106.8 53
106.9 52
107 54
107.1 54
107.2 58
107.3 58
107.4 57
107.5 56
107.6 58
107.7 58
107.8 59
107.9 58
108 58
108.1 59
108.2 59
108.3 56
108.4 54
108.5 51
108.6 48
108.7 47
108.8 42
108.9 41
109 38
109.1 33
109.2 30
109.3 28
109.4 25
109.5 25
109.6 24
109.7 22
109.8 21
109.9 20
110 18
110.1 18
110.2 18
110.3 17
110.4 17
110.5 15
110.6 14
110.7 14
110.8 13
110.9 13
111 12
111.1 12
111.2 12
111.3 12
111.4 12
111.5 11
111.6 9
111.7 8
111.8 8
111.9 8
112 7
112.1 6
112.2 6
112.3 6
112.4 5
112.5 5
112.6 4
112.7 3
112.8 3
112.9 3
113 2
113.1 2
113.2 2
113.3 2
113.4 2
113.5 2
113.6 2
113.7 2
113.8 2
113.9 2
114 2
114.1 2
114.2 2
114.3 2
114.4 2
114.5 2
114.6 1
114.7 0
114.8 0
114.9 0
115 0
115.1 0
115.2 0
115.3 0
115.4 0
115.5 0
115.6 0
115.7 0
115.8 0
115.9 0
116 0
116.1 0
116.2 0
116.3 0
116.4 0
116.5 0
116.6 1
116.7 4
116.8 3
116.9 3
117 2
117.1 2
117.2 5
117.3 4
117.4 4
117.5 4
117.6 3
117.7 3
117.8 3
117.9 3
118 2
118.1 2
118.2 2
118.3 3
118.4 3
118.5 3
118.6 2
118.7 2
118.8 2
118.9 2
119 2
119.1 2
119.2 6
119.3 7
119.4 10
119.5 10
119.6 11
119.7 15
119.8 15
119.9 17
120 18
120.1 22
120.2 22
120.3 23
120.4 27
120.5 29
120.6 28
120.7 30
120.8 29
120.9 33
121 32
121.1 30
121.2 28
121.3 30
121.4 33
121.5 33
121.6 32
121.7 35
121.8 35
121.9 38
122 35
122.1 38
122.2 39
122.3 37
122.4 38
122.5 40
122.6 39
122.7 37
122.8 40
122.9 40
123 41
123.1 42
123.2 40
123.3 38
123.4 40
123.5 43
123.6 46
123.7 46
123.8 45
123.9 43
124 38
124.1 36
124.2 32
124.3 34
124.4 33
124.5 32
124.6 31
124.7 31
124.8 29
124.9 28
125 28
125.1 28
125.2 26
125.3 26
125.4 26
125.5 26
125.6 25
125.7 23
125.8 21
125.9 20
126 19
126.1 18
126.2 17
126.3 17
126.4 15
126.5 14
126.6 13
126.7 13
126.8 13
126.9 13
127 13
127.1 12
127.2 11
127.3 11
127.4 11
127.5 11
127.6 11
127.7 11
127.8 9
127.9 8
128 7
128.1 7
128.2 7
128.3 7
128.4 7
128.5 7
128.6 6
128.7 6
128.8 6
128.9 5
129 5
129.1 5
129.2 5
129.3 3
129.4 6
129.5 6
129.6 6
129.7 6
129.8 6
129.9 6
130 5
130.1 4
130.2 4
130.3 4
130.4 4
130.5 3
130.6 3
130.7 3
130.8 2
130.9 2
131 2
131.1 2
131.2 2
131.3 2
131.4 2
131.5 2
131.6 2
131.7 2
131.8 2
131.9 2
132 2
132.1 2
132.2 2
132.3 2
132.4 2
132.5 2
132.6 2
132.7 2
132.8 2
132.9 2
133 2
133.1 2
133.2 2
133.3 2
133.4 2
133.5 2
133.6 3
133.7 2
133.8 4
133.9 4
134 4
134.1 4
134.2 5
134.3 5
134.4 9
134.5 9
134.6 9
134.7 10
134.8 13
134.9 16
135 21
135.1 23
135.2 23
135.3 23
135.4 26
135.5 26
135.6 30
135.7 31
135.8 33
135.9 32
136 35
136.1 39
136.2 42
136.3 45
136.4 48
136.5 49
136.6 45
136.7 44
136.8 43
136.9 45
137 45
137.1 46
137.2 44
137.3 46
137.4 47
137.5 46
137.6 49
137.7 54
137.8 53
137.9 53
138 54
138.1 58
138.2 59
138.3 59
138.4 57
138.5 55
138.6 56
138.7 57
138.8 55
138.9 57
139 55
139.1 55
139.2 54
139.3 55
139.4 53
139.5 58
139.6 58
139.7 58
139.8 50
139.9 54
140 50
140.1 46
140.2 42
140.3 38
140.4 36
140.5 35
140.6 31
140.7 30
140.8 30
140.9 28
141 26
141.1 26
141.2 26
141.3 26
141.4 24
141.5 22
141.6 19
141.7 19
141.8 19
141.9 19
142 17
142.1 16
142.2 15
142.3 13
142.4 12
142.5 10
142.6 10
142.7 9
142.8 8
142.9 8
143 7
143.1 7
143.2 7
143.3 7
143.4 7
143.5 6
143.6 6
143.7 6
143.8 5
143.9 5
144 5
144.1 5
144.2 3
144.3 3
144.4 3
144.5 2
144.6 2
144.7 2
144.8 2
144.9 2
145 2
145.1 2
145.2 2
145.3 2
145.4 2
145.5 2
145.6 2
145.7 2
145.8 2
145.9 2
146 2
146.1 2
146.2 2
146.3 2
146.4 1
146.5 1
146.6 1
146.7 1
146.8 1
146.9 1
147 1
147.1 1
147.2 1
147.3 2
147.4 2
147.5 2
147.6 1
147.7 1
147.8 0
147.9 0
148 0
148.1 0
148.2 0
148.3 0
148.4 0
148.5 0
148.6 0
148.7 0
148.8 0
148.9 0
149 0
149.1 1
149.2 1
149.3 1
149.4 1
149.5 1
149.6 1
149.7 1
149.8 1
149.9 1
150 1
150.1 2
150.2 1
150.3 1
150.4 1
150.5 1
150.6 3
150.7 3
150.8 4
150.9 4
151 4
151.1 4
151.2 4
151.3 4
151.4 4
151.5 4
151.6 3
151.7 4
151.8 5
151.9 3
152 3
152.1 6
152.2 6
152.3 7
152.4 10
152.5 11
152.6 11
152.7 12
152.8 16
152.9 16
153 19
153.1 19
153.2 20
153.3 22
153.4 23
153.5 23
153.6 24
153.7 24
153.8 28
153.9 30
154 34
154.1 35
154.2 36
154.3 39
154.4 40
154.5 45
154.6 47
154.7 49
154.8 49
154.9 48
155 47
155.1 46
155.2 49
155.3 46
155.4 46
155.5 50
155.6 56
155.7 54
155.8 53
155.9 56
156 54
156.1 51
156.2 51
156.3 49
156.4 48
156.5 47
156.6 48
156.7 50
156.8 55
156.9 54
157 54
157.1 58
157.2 57
157.3 54
157.4 54
157.5 52
157.6 52
157.7 47
157.8 45
157.9 41
158 37
158.1 35
158.2 33
158.3 33
158.4 31
158.5 31
158.6 29
158.7 26
158.8 23
158.9 22
159 21
159.1 21
159.2 19
159.3 17
159.4 16
159.5 16
159.6 16
159.7 16
159.8 15
159.9 13
160 13
160.1 13
160.2 12
160.3 12
160.4 12
160.5 9
160.6 9
160.7 9
160.8 9
160.9 9
161 9
161.1 9
161.2 9
161.3 8
161.4 8
161.5 8
161.6 8
161.7 8
161.8 8
161.9 8
162 8
162.1 8
162.2 8
162.3 8
162.4 8
162.5 8
162.6 8
162.7 8
162.8 8
162.9 8
163 7
163.1 7
163.2 7
163.3 7
163.4 7
163.5 7
163.6 6
163.7 6
163.8 6
163.9 6
164 6
164.1 5
164.2 5
164.3 5
164.4 5
164.5 4
164.6 4
164.7 4
164.8 4
164.9 4
165 4
165.1 4
165.2 4
165.3 4
165.4 9
165.5 9
165.6 9
165.7 6
165.8 6
165.9 6
166 6
166.1 5
166.2 5
166.3 4
166.4 3
166.5 3
166.6 3
166.7 3
166.8 3
166.9 2
167 2
167.1 2
167.2 2
167.3 2
167.4 2
167.5 2
167.6 2
167.7 3
167.8 3
167.9 3
168 3
168.1 3
168.2 3
168.3 3
168.4 3
168.5 2
168.6 1
168.7 1
168.8 0
168.9 0
169 0
169.1 0
169.2 0
169.3 0
169.4 0
169.5 0
169.6 0
169.7 0
169.8 0
169.9 0
170 0
170.1 0
170.2 0
170.3 0
170.4 0
170.5 1
170.6 2
170.7 2
170.8 2
170.9 2
171 2
171.1 2
171.2 2
171.3 2
171.4 3
171.5 3
171.6 3
171.7 3
171.8 3
171.9 2
172 3
172.1 2
172.2 5
172.3 7
172.4 9
172.5 9
172.6 11
172.7 14
172.8 15
172.9 14
173 15
173.1 17
173.2 18
173.3 19
173.4 20
173.5 20
173.6 21
173.7 21
173.8 25
173.9 24
174 26
174.1 25
174.2 28
174.3 29
174.4 30
174.5 33
174.6 35
174.7 40
174.8 45
174.9 47
175 51
175.1 53
175.2 57
175.3 59
175.4 64
175.5 62
175.6 71
175.7 68
175.8 65
175.9 69
176 65
176.1 70
176.2 71
176.3 73
176.4 71
176.5 71
176.6 70
176.7 70
176.8 69
176.9 69
177 63
177.1 61
177.2 61
177.3 65
177.4 62
177.5 58
177.6 59
177.7 55
177.8 56
177.9 56
178 55
178.1 52
178.2 49
178.3 47
178.4 45
178.5 41
178.6 39
178.7 36
178.8 33
178.9 30
179 27
179.1 24
179.2 23
179.3 20
179.4 19
179.5 16
179.6 15
179.7 15
179.8 13
179.9 12
180 12
180.1 12
180.2 11
180.3 11
180.4 11
180.5 10
180.6 8
180.7 8
180.8 8
180.9 7
181 7
181.1 6
181.2 6
181.3 6
181.4 5
181.5 4
181.6 4
181.7 4
181.8 4
181.9 4
182 4
182.1 4
182.2 4
182.3 4
182.4 4
182.5 4
182.6 4
182.7 3
182.8 3
182.9 3
183 3
183.1 3
183.2 3
183.3 3
183.4 3
183.5 3
183.6 3
183.7 3
183.8 3
183.9 2
184 2
184.1 2
184.2 2
184.3 2
184.4 2
184.5 1
184.6 0
184.7 0
184.8 0
184.9 0
185 0
185.1 0
185.2 0
185.3 0
185.4 0
185.5 0
185.6 0
185.7 0
185.8 0
185.9 0
186 0
186.1 0
186.2 0
186.3 4
186.4 4
186.5 3
186.6 3
186.7 3
186.8 3
186.9 3
187 3
187.1 5
187.2 5
187.3 5
187.4 5
187.5 5
187.6 5
187.7 5
187.8 5
187.9 5
188 5
188.1 5
188.2 4
188.3 4
188.4 4
188.5 4
188.6 3
188.7 3
188.8 3
188.9 3
189 3
189.1 3
189.2 3
189.3 3
189.4 4
189.5 4
189.6 4
189.7 4
189.8 4
189.9 4
190 4
190.1 4
190.2 4
190.3 4
190.4 4
190.5 4
190.6 4
190.7 4
190.8 4
190.9 4
191 4
191.1 4
191.2 4
191.3 4
191.4 4
191.5 4
191.6 4
191.7 3
191.8 3
191.9 3
192 3
192.1 3
192.2 3
192.3 3
192.4 2
192.5 2
192.6 2
192.7 2
192.8 2
192.9 2
193 2
193.1 2
193.2 2
193.3 2
193.4 2
193.5 1
193.6 1
193.7 1
193.8 1
193.9 1
194 1
194.1 1
194.2 1
194.3 1
194.4 1
194.5 1
194.6 1
194.7 1
194.8 1
194.9 1
195 1
195.1 1
195.2 1
195.3 1
195.4 1
195.5 1
195.6 1
195.7 3
195.8 4
195.9 4
196 4
196.1 4
196.2 4
196.3 4
196.4 8
196.5 10
196.6 11
196.7 11
196.8 11
196.9 9
197 13
197.1 16
197.2 18
197.3 17
197.4 19
197.5 23
197.6 25
197.7 29
197.8 30
197.9 35
198 35
198.1 36
198.2 35
198.3 35
198.4 36
198.5 37
198.6 39
198.7 46
198.8 49
198.9 49
199 53
199.1 52
199.2 54
199.3 57
199.4 55
199.5 58
199.6 61
199.7 61
199.8 62
199.9 59
200 60
