0 0
0.1 0
0.2 2
0.3 5
0.4 5
0.5 5
0.6 19
0.7 15
0.8 9
0.9 7
1 22
1.1 21
1.2 20
1.3 24
1.4 22
1.5 39
1.6 32
1.7 26
1.8 40
1.9 36
2 34
2.1 40
2.2 39
2.3 37
2.4 41
2.5 43
2.6 51
2.7 46
2.8 53
2.9 51
3 38
3.1 51
3.2 56
3.3 47
3.4 46
3.5 37
3.6 36
3.7 37
3.8 45
3.9 40
4 32
4.1 40
4.2 36
4.3 51
4.4 64
4.5 56
4.6 39
4.7 42
4.8 49
4.9 47
5 42
5.1 40
5.2 44
5.3 51
5.4 57
5.5 45
5.6 45
5.7 47
5.8 49
5.9 40
6 40
6.1 34
6.2 30
6.3 41
6.4 42
6.5 46
6.6 42
6.7 34
6.8 41
6.9 38
7 20
7.1 28
7.2 11
7.3 42
7.4 23
7.5 37
7.6 35
7.7 38
7.8 23
7.9 13
8 9
8.1 7
8.2 4
8.3 6
8.4 7
8.5 2
8.6 6
8.7 4
8.8 5
8.9 5
9 0
9.1 5
9.2 1
9.3 5
9.4 4
9.5 5
9.6 17
9.7 7
9.8 4
9.9 2
10 5
10.1 4
10.2 1
10.3 4
10.4 6
10.5 8
10.6 4
10.7 5
10.8 3
10.9 4
11 6
11.1 3
11.2 2
11.3 8
11.4 6
11.5 7
11.6 3
11.7 1
11.8 4
11.9 10
12 5
12.1 7
12.2 7
12.3 4
12.4 2
12.5 5
12.6 3
12.7 3
12.8 6
12.9 8
13 6
13.1 9
13.2 25
13.3 10
13.4 6
13.5 8
13.6 3
13.7 4
13.8 4
13.9 8
14 6
14.1 4
14.2 4
14.3 2
14.4 4
14.5 8
14.6 4
14.7 3
14.8 6
14.9 5
15 9
15.1 7
15.2 7
15.3 3
15.4 3
15.5 5
15.6 4
15.7 7
15.8 9
15.9 8
16 9
16.1 7
16.2 5
16.3 5
16.4 3
16.5 0
16.6 1
16.7 3
16.8 3
16.9 8
17 8
17.1 7
17.2 6
17.3 6
17.4 4
17.5 3
17.6 2
17.7 3
17.8 3
17.9 8
18 13
18.1 12
18.2 12
18.3 14
18.4 9
18.5 6
18.6 3
18.7 1
18.8 5
18.9 5
19 6
19.1 6
19.2 4
19.3 7
19.4 7
19.5 3
19.6 5
19.7 7
19.8 19
19.9 16
20 15
20.1 19
20.2 9
20.3 8
20.4 4
20.5 6
20.6 2
20.7 1
20.8 8
20.9 10
21 10
21.1 6
21.2 2
21.3 4
21.4 8
21.5 6
21.6 6
21.7 3
21.8 1
21.9 16
22 21
22.1 16
22.2 5
22.3 11
22.4 7
22.5 7
22.6 5
22.7 4
22.8 2
22.9 3
23 5
23.1 18
23.2 25
23.3 10
23.4 23
23.5 16
23.6 18
23.7 23
23.8 27
23.9 28
24 22
24.1 36
24.2 32
24.3 46
24.4 37
24.5 49
24.6 31
24.7 53
24.8 42
24.9 39
25 48
25.1 48
25.2 50
25.3 49
25.4 45
25.5 48
25.6 44
25.7 39
25.8 48
25.9 42
26 28
26.1 46
26.2 28
26.3 43
26.4 39
26.5 55
26.6 44
26.7 45
26.8 41
26.9 50
27 50
27.1 53
27.2 55
27.3 50
27.4 48
27.5 44
27.6 57
27.7 45
27.8 35
27.9 37
28 42
28.1 48
28.2 45
28.3 50
28.4 50
28.5 42
28.6 30
28.7 38
28.8 25
28.9 31
29 36
29.1 30
29.2 38
29.3 44
29.4 24
29.5 20
29.6 35
29.7 18
29.8 11
29.9 7
30 7
30.1 2
30.2 2
30.3 6
30.4 4
30.5 9
30.6 7
30.7 6
30.8 6
30.9 2
31 5
31.1 5
31.2 4
31.3 9
31.4 9
31.5 9
31.6 11
31.7 10
31.8 7
31.9 8
32 9
32.1 5
32.2 6
32.3 8
32.4 18
32.5 8
32.6 5
32.7 8
32.8 2
32.9 8
33 7
33.1 9
33.2 8
33.3 3
33.4 3
33.5 2
33.6 1
33.7 3
33.8 3
33.9 6
34 3
34.1 7
34.2 4
34.3 6
34.4 6
34.5 5
34.6 3
34.7 3
34.8 5
34.9 5
35 6
35.1 3
35.2 8
35.3 8
35.4 5
35.5 3
35.6 3
35.7 5
35.8 7
35.9 4
36 3
36.1 6
36.2 9
36.3 5
36.4 4
36.5 5
36.6 10
36.7 6
36.8 2
36.9 5
37 6
37.1 3
37.2 5
37.3 4
37.4 6
37.5 4
37.6 4
37.7 4
37.8 6
37.9 5
38 7
38.1 9
38.2 3
38.3 5
38.4 4
38.5 1
38.6 6
38.7 4
38.8 8
38.9 6
39 4
39.1 1
39.2 2
39.3 9
39.4 5
39.5 7
39.6 8
39.7 7
39.8 4
39.9 3
40 5
40.1 3
40.2 4
40.3 5
40.4 3
40.5 5
40.6 7
40.7 5
40.8 5
40.9 9
41 6
41.1 6
41.2 5
41.3 11
41.4 14
41.5 11
41.6 10
41.7 6
41.8 5
41.9 5
42 4
42.1 6
42.2 7
42.3 4
42.4 6
42.5 7
42.6 7
42.7 9
42.8 13
42.9 26
43 15
43.1 26
43.2 14
43.3 14
43.4 6
43.5 13
43.6 31
43.7 26
43.8 28
43.9 35
44 31
44.1 37
44.2 38
44.3 18
44.4 34
44.5 33
44.6 45
44.7 51
44.8 40
44.9 43
45 48
45.1 42
45.2 35
45.3 43
45.4 38
45.5 34
45.6 32
45.7 31
45.8 27
45.9 37
46 38
46.1 37
46.2 46
46.3 40
46.4 43
46.5 38
46.6 37
46.7 41
46.8 34
46.9 31
47 45
47.1 34
47.2 37
47.3 60
47.4 40
47.5 37
47.6 45
47.7 42
47.8 41
47.9 38
48 45
48.1 53
48.2 33
48.3 32
48.4 37
48.5 50
48.6 24
48.7 21
48.8 28
48.9 27
49 30
49.1 27
49.2 15
49.3 14
49.4 10
49.5 8
49.6 7
49.7 6
49.8 6
49.9 4
50 4
50.1 3
50.2 2
50.3 4
50.4 5
50.5 7
50.6 6
50.7 6
50.8 6
50.9 5
51 9
51.1 10
51.2 6
51.3 5
51.4 5
51.5 7
51.6 7
51.7 7
51.8 7
51.9 6
52 3
52.1 8
52.2 7
52.3 4
52.4 3
52.5 3
52.6 7
52.7 11
52.8 5
52.9 6
53 5
53.1 4
53.2 3
53.3 8
53.4 5
53.5 4
53.6 6
53.7 3
53.8 7
53.9 6
54 3
54.1 4
54.2 6
54.3 2
54.4 1
54.5 7
54.6 7
54.7 5
54.8 6
54.9 6
55 4
55.1 9
55.2 6
55.3 9
55.4 9
55.5 8
55.6 6
55.7 6
55.8 7
55.9 6
56 5
56.1 3
56.2 5
56.3 6
56.4 4
56.5 5
56.6 2
56.7 4
56.8 7
56.9 6
57 2
57.1 2
57.2 4
57.3 3
57.4 4
57.5 6
57.6 9
57.7 6
57.8 5
57.9 4
58 1
58.1 8
58.2 6
58.3 2
58.4 2
58.5 4
58.6 4
58.7 3
58.8 2
58.9 6
59 6
59.1 7
59.2 8
59.3 7
59.4 10
59.5 32
59.6 18
59.7 9
59.8 5
59.9 4
60 2
60.1 1
60.2 5
60.3 2
60.4 3
60.5 6
60.6 2
60.7 2
60.8 6
60.9 4
61 6
61.1 8
61.2 6
61.3 6
61.4 4
61.5 6
61.6 17
61.7 13
61.8 7
61.9 6
62 11
62.1 10
62.2 8
62.3 14
62.4 12
62.5 9
62.6 9
62.7 10
62.8 7
62.9 7
63 10
63.1 6
63.2 7
63.3 16
63.4 7
63.5 5
63.6 9
63.7 6
63.8 25
63.9 19
64 27
64.1 28
64.2 31
64.3 13
64.4 16
64.5 27
64.6 35
64.7 36
64.8 40
64.9 42
65 41
65.1 41
65.2 42
65.3 46
65.4 37
65.5 42
65.6 47
65.7 43
65.8 36
65.9 48
66 38
66.1 48
66.2 45
66.3 36
66.4 36
66.5 40
66.6 31
66.7 25
66.8 34
66.9 35
67 39
67.1 31
67.2 45
67.3 36
67.4 40
67.5 39
67.6 32
67.7 38
67.8 30
67.9 28
68 39
68.1 42
68.2 37
68.3 50
68.4 51
68.5 46
68.6 49
68.7 34
68.8 43
68.9 44
69 41
69.1 41
69.2 46
69.3 36
69.4 50
69.5 48
69.6 46
69.7 51
69.8 38
69.9 34
70 32
70.1 19
70.2 19
70.3 10
70.4 13
70.5 29
70.6 25
70.7 13
70.8 12
70.9 10
71 10
71.1 6
71.2 9
71.3 9
71.4 8
71.5 4
71.6 5
71.7 5
71.8 6
71.9 4
72 5
72.1 2
72.2 2
72.3 4
72.4 3
72.5 3
72.6 3
72.7 5
72.8 3
72.9 1
73 4
73.1 2
73.2 3
73.3 2
73.4 2
73.5 1
73.6 3
73.7 1
73.8 5
73.9 8
74 5
74.1 6
74.2 11
74.3 4
74.4 3
74.5 5
74.6 2
74.7 5
74.8 5
74.9 5
75 3
75.1 6
75.2 7
75.3 7
75.4 3
75.5 5
75.6 6
75.7 7
75.8 6
75.9 5
76 2
76.1 6
76.2 10
76.3 7
76.4 6
76.5 7
76.6 3
76.7 4
76.8 11
76.9 2
77 3
77.1 6
77.2 3
77.3 6
77.4 3
77.5 5
77.6 3
77.7 2
77.8 4
77.9 4
78 5
78.1 9
78.2 8
78.3 5
78.4 4
78.5 11
78.6 34
78.7 52
78.8 35
78.9 14
79 7
79.1 6
79.2 8
79.3 7
79.4 5
79.5 4
79.6 8
79.7 6
79.8 5
79.9 3
80 4
80.1 5
80.2 6
80.3 11
80.4 7
80.5 6
80.6 7
80.7 4
80.8 5
80.9 5
81 6
81.1 2
81.2 7
81.3 4
81.4 3
81.5 4
81.6 5
81.7 12
81.8 7
81.9 7
82 8
82.1 5
82.2 5
82.3 3
82.4 5
82.5 4
82.6 5
82.7 11
82.8 4
82.9 4
83 4
83.1 3
83.2 3
83.3 7
83.4 5
83.5 5
83.6 7
83.7 4
83.8 4
83.9 4
84 7
84.1 25
84.2 26
84.3 12
84.4 15
84.5 6
84.6 14
84.7 7
84.8 4
84.9 14
85 11
85.1 33
85.2 27
85.3 20
85.4 20
85.5 39
85.6 31
85.7 38
85.8 36
85.9 30
86 42
86.1 46
86.2 49
86.3 42
86.4 37
86.5 42
86.6 38
86.7 31
86.8 35
86.9 48
87 46
87.1 46
87.2 32
87.3 43
87.4 51
87.5 37
87.6 34
87.7 40
87.8 38
87.9 45
88 37
88.1 42
88.2 37
88.3 44
88.4 48
88.5 41
88.6 36
88.7 44
88.8 26
88.9 34
89 32
89.1 36
89.2 53
89.3 37
89.4 30
89.5 30
89.6 19
89.7 33
89.8 45
89.9 43
90 33
90.1 30
90.2 45
90.3 42
90.4 41
90.5 25
90.6 8
90.7 38
90.8 39
90.9 23
91 35
91.1 47
91.2 42
91.3 33
91.4 39
91.5 20
91.6 23
91.7 7
91.8 6
91.9 6
92 10
92.1 9
92.2 8
92.3 4
92.4 5
92.5 6
92.6 4
92.7 4
92.8 6
92.9 9
93 4
93.1 8
93.2 13
93.3 7
93.4 4
93.5 7
93.6 6
93.7 5
93.8 5
93.9 4
94 3
94.1 4
94.2 7
94.3 7
94.4 16
94.5 12
94.6 12
94.7 4
94.8 3
94.9 2
95 3
95.1 3
95.2 2
95.3 2
95.4 4
95.5 3
95.6 3
95.7 3
95.8 4
95.9 4
96 7
96.1 7
96.2 7
96.3 6
96.4 5
96.5 5
96.6 5
96.7 2
96.8 1
96.9 0
97 4
97.1 3
97.2 9
97.3 8
97.4 8
97.5 7
97.6 2
97.7 2
97.8 6
97.9 9
98 6
98.1 5
98.2 10
98.3 7
98.4 3
98.5 5
98.6 5
98.7 9
98.8 1
98.9 1
99 2
99.1 2
99.2 4
99.3 4
99.4 8
99.5 6
99.6 6
99.7 7
99.8 2
99.9 10
100 5
100.1 9
100.2 3
100.3 7
100.4 8
100.5 12
100.6 7
100.7 9
100.8 6
100.9 5
101 4
101.1 6
101.2 14
101.3 17
101.4 10
101.5 8
101.6 7
101.7 8
101.8 23
101.9 15
102 9
102.1 24
102.2 18
102.3 18
102.4 13
102.5 6
102.6 5
102.7 20
102.8 25
102.9 9
103 23
103.1 27
103.2 27
103.3 25
103.4 15
103.5 17
103.6 21
103.7 24
103.8 37
103.9 22
104 20
104.1 44
104.2 29
104.3 37
104.4 39
104.5 34
104.6 39
104.7 35
104.8 48
104.9 40
105 34
105.1 29
105.2 42
105.3 37
105.4 49
105.5 68
105.6 54
105.7 47
105.8 42
105.9 47
106 53
106.1 47
106.2 42
106.3 44
106.4 35
106.5 23
106.6 28
106.7 37
106.8 37
106.9 31
107 34
107.1 40
107.2 37
107.3 21
107.4 41
107.5 21
107.6 23
107.7 22
107.8 35
107.9 39
108 15
108.1 23
108.2 17
108.3 19
108.4 10
108.5 13
108.6 3
108.7 3
108.8 3
108.9 4
109 6
109.1 5
109.2 6
109.3 6
109.4 6
109.5 6
109.6 4
109.7 1
109.8 1
109.9 6
110 11
110.1 5
110.2 4
110.3 5
110.4 5
110.5 7
110.6 5
110.7 6
110.8 2
110.9 2
111 1
111.1 8
111.2 10
111.3 5
111.4 1
111.5 3
111.6 3
111.7 3
111.8 7
111.9 5
112 9
112.1 16
112.2 11
112.3 7
112.4 6
112.5 8
112.6 7
112.7 10
112.8 4
112.9 3
113 3
113.1 6
113.2 4
113.3 0
113.4 2
113.5 5
113.6 4
113.7 6
113.8 6
113.9 8
114 7
114.1 8
114.2 9
114.3 11
114.4 7
114.5 6
114.6 2
114.7 3
114.8 2
114.9 3
115 2
115.1 6
115.2 6
115.3 5
115.4 3
115.5 6
115.6 8
115.7 8
115.8 7
115.9 13
116 5
116.1 3
116.2 4
116.3 7
116.4 14
116.5 8
116.6 21
116.7 23
116.8 14
116.9 7
117 4
117.1 3
117.2 8
117.3 2
117.4 3
117.5 16
117.6 6
117.7 6
117.8 8
117.9 4
118 7
118.1 8
118.2 8
118.3 6
118.4 3
118.5 3
118.6 7
118.7 34
118.8 45
118.9 30
119 25
119.1 37
119.2 39
119.3 27
119.4 27
119.5 22
119.6 27
119.7 27
119.8 15
119.9 32
120 33
120.1 18
120.2 33
120.3 36
120.4 39
120.5 37
120.6 39
120.7 39
120.8 36
120.9 34
121 38
121.1 33
121.2 34
121.3 40
121.4 39
121.5 25
121.6 31
121.7 45
121.8 28
121.9 31
122 31
122.1 38
122.2 49
122.3 39
122.4 45
122.5 27
122.6 42
122.7 53
122.8 35
122.9 28
123 44
123.1 37
123.2 36
123.3 31
123.4 27
123.5 26
123.6 43
123.7 26
123.8 22
123.9 38
124 21
124.1 43
124.2 16
124.3 21
124.4 21
124.5 19
124.6 20
124.7 12
124.8 21
124.9 15
125 7
125.1 3
125.2 2
125.3 5
125.4 7
125.5 5
125.6 2
125.7 4
125.8 6
125.9 8
126 3
126.1 0
126.2 3
126.3 13
126.4 11
126.5 9
126.6 6
126.7 5
126.8 5
126.9 4
127 5
127.1 6
127.2 4
127.3 8
127.4 5
127.5 5
127.6 6
127.7 9
127.8 7
127.9 3
128 4
128.1 5
128.2 3
128.3 4
128.4 4
128.5 7
128.6 3
128.7 1
128.8 3
128.9 4
129 8
129.1 10
129.2 9
129.3 10
129.4 5
129.5 3
129.6 4
129.7 3
129.8 6
129.9 7
130 6
130.1 5
130.2 6
130.3 4
130.4 9
130.5 10
130.6 29
130.7 13
130.8 8
130.9 4
131 3
131.1 10
131.2 4
131.3 3
131.4 6
131.5 1
131.6 9
131.7 6
131.8 3
131.9 5
132 5
132.1 2
132.2 7
132.3 6
132.4 10
132.5 9
132.6 11
132.7 3
132.8 3
132.9 8
133 9
133.1 7
133.2 6
133.3 23
133.4 32
133.5 20
133.6 17
133.7 12
133.8 5
133.9 11
134 16
134.1 14
134.2 28
134.3 30
134.4 43
134.5 32
134.6 21
134.7 46
134.8 43
134.9 43
135 22
135.1 28
135.2 33
135.3 26
135.4 37
135.5 30
135.6 46
135.7 43
135.8 37
135.9 42
136 36
136.1 23
136.2 35
136.3 37
136.4 37
136.5 37
136.6 32
136.7 47
136.8 35
136.9 33
137 48
137.1 37
137.2 46
137.3 51
137.4 40
137.5 28
137.6 43
137.7 53
137.8 52
137.9 59
138 42
138.1 34
138.2 47
138.3 40
138.4 47
138.5 41
138.6 31
138.7 34
138.8 25
138.9 37
139 42
139.1 37
139.2 25
139.3 41
139.4 47
139.5 30
139.6 25
139.7 14
139.8 9
139.9 7
140 7
140.1 5
140.2 4
140.3 2
140.4 5
140.5 4
140.6 2
140.7 4
140.8 4
140.9 7
141 7
141.1 8
141.2 4
141.3 4
141.4 6
141.5 5
141.6 3
141.7 9
141.8 7
141.9 5
142 9
142.1 5
142.2 3
142.3 7
142.4 6
142.5 6
142.6 4
142.7 5
142.8 4
142.9 9
143 5
143.1 6
143.2 2
143.3 5
143.4 5
143.5 4
143.6 6
143.7 6
143.8 8
143.9 5
144 5
144.1 5
144.2 5
144.3 5
144.4 6
144.5 7
144.6 3
144.7 7
144.8 3
144.9 2
145 2
145.1 3
145.2 5
145.3 7
145.4 8
145.5 8
145.6 6
145.7 5
145.8 6
145.9 5
146 4
146.1 3
146.2 4
146.3 6
146.4 7
146.5 7
146.6 5
146.7 3
146.8 7
146.9 8
147 9
147.1 5
147.2 4
147.3 3
147.4 4
147.5 1
147.6 5
147.7 4
147.8 4
147.9 7
148 6
148.1 5
148.2 6
148.3 3
148.4 4
148.5 2
148.6 5
148.7 3
148.8 9
148.9 4
149 4
149.1 6
149.2 10
149.3 9
149.4 7
149.5 1
149.6 1
149.7 3
149.8 3
149.9 4
150 3
150.1 9
150.2 8
150.3 12
150.4 10
150.5 7
150.6 6
150.7 8
150.8 8
150.9 3
151 3
151.1 5
151.2 5
151.3 3
151.4 2
151.5 14
151.6 41
151.7 21
151.8 14
151.9 14
152 31
152.1 17
152.2 12
152.3 18
152.4 15
152.5 27
152.6 28
152.7 37
152.8 27
152.9 31
153 43
153.1 29
153.2 50
153.3 35
153.4 24
153.5 33
153.6 35
153.7 46
153.8 43
153.9 35
154 48
154.1 40
154.2 40
154.3 47
154.4 33
154.5 41
154.6 40
154.7 24
154.8 43
154.9 47
155 45
155.1 47
155.2 56
155.3 37
155.4 43
155.5 43
155.6 40
155.7 30
155.8 31
155.9 37
156 31
156.1 19
156.2 25
156.3 21
156.4 30
156.5 39
156.6 29
156.7 29
156.8 41
156.9 30
157 23
157.1 31
157.2 13
157.3 5
157.4 4
157.5 5
157.6 2
157.7 5
157.8 5
157.9 7
158 7
158.1 8
158.2 7
158.3 6
158.4 3
158.5 3
158.6 7
158.7 7
158.8 5
158.9 2
159 6
159.1 16
159.2 13
159.3 7
159.4 8
159.5 9
159.6 4
159.7 10
159.8 6
159.9 6
160 2
160.1 1
160.2 6
160.3 6
160.4 9
160.5 5
160.6 4
160.7 1
160.8 4
160.9 6
161 4
161.1 7
161.2 7
161.3 5
161.4 2
161.5 4
161.6 4
161.7 5
161.8 6
161.9 4
162 4
162.1 3
162.2 6
162.3 5
162.4 3
162.5 4
162.6 8
162.7 7
162.8 4
162.9 3
163 10
163.1 11
163.2 8
163.3 8
163.4 8
163.5 3
163.6 6
163.7 8
163.8 3
163.9 3
164 5
164.1 5
164.2 12
164.3 8
164.4 3
164.5 5
164.6 3
164.7 4
164.8 1
164.9 7
165 20
165.1 17
165.2 4
165.3 28
165.4 18
165.5 10
165.6 9
165.7 5
165.8 9
165.9 31
166 17
166.1 10
166.2 10
166.3 3
166.4 7
166.5 6
166.6 8
166.7 5
166.8 4
166.9 7
167 0
167.1 1
167.2 3
167.3 4
167.4 6
167.5 8
167.6 5
167.7 8
167.8 6
167.9 5
168 7
168.1 3
168.2 3
168.3 7
168.4 5
168.5 8
168.6 7
168.7 5
168.8 4
168.9 5
169 3
169.1 7
169.2 7
169.3 3
169.4 3
169.5 4
169.6 3
169.7 4
169.8 6
169.9 6
170 2
170.1 4
170.2 9
170.3 7
170.4 7
170.5 9
170.6 11
170.7 12
170.8 34
170.9 24
171 18
171.1 19
171.2 20
171.3 13
171.4 13
171.5 15
171.6 8
171.7 7
171.8 37
171.9 37
172 18
172.1 16
172.2 14
172.3 8
172.4 20
172.5 30
172.6 44
172.7 39
172.8 30
172.9 34
173 28
173.1 42
173.2 35
173.3 23
173.4 39
173.5 49
173.6 31
173.7 46
173.8 35
173.9 39
174 55
174.1 36
174.2 31
174.3 30
174.4 45
174.5 31
174.6 23
174.7 24
174.8 37
174.9 34
175 27
175.1 35
175.2 25
175.3 34
175.4 52
175.5 44
175.6 56
175.7 51
175.8 42
175.9 35
176 35
176.1 42
176.2 42
176.3 29
176.4 45
176.5 30
176.6 53
176.7 37
176.8 45
176.9 46
177 45
177.1 43
177.2 31
177.3 31
177.4 24
177.5 33
177.6 23
177.7 11
177.8 5
177.9 2
178 4
178.1 4
178.2 4
178.3 0
178.4 2
178.5 5
178.6 6
178.7 6
178.8 4
178.9 10
179 10
179.1 9
179.2 6
179.3 4
179.4 6
179.5 9
179.6 5
179.7 5
179.8 6
179.9 3
180 5
180.1 3
180.2 7
180.3 8
180.4 6
180.5 5
180.6 3
180.7 6
180.8 36
180.9 16
181 12
181.1 5
181.2 3
181.3 17
181.4 6
181.5 7
181.6 6
181.7 2
181.8 1
181.9 3
182 1
182.1 2
182.2 2
182.3 4
182.4 5
182.5 4
182.6 3
182.7 3
182.8 4
182.9 4
183 3
183.1 5
183.2 32
183.3 12
183.4 7
183.5 6
183.6 8
183.7 2
183.8 4
183.9 3
184 3
184.1 4
184.2 3
184.3 6
184.4 3
184.5 4
184.6 4
184.7 5
184.8 2
184.9 3
185 6
185.1 4
185.2 4
185.3 2
185.4 4
185.5 7
185.6 10
185.7 7
185.8 35
185.9 22
186 13
186.1 6
186.2 10
186.3 8
186.4 13
186.5 18
186.6 7
186.7 3
186.8 1
186.9 3
187 5
187.1 8
187.2 9
187.3 8
187.4 8
187.5 7
187.6 4
187.7 9
187.8 9
187.9 9
188 3
188.1 2
188.2 8
188.3 3
188.4 2
188.5 5
188.6 10
188.7 10
188.8 6
188.9 5
189 14
189.1 9
189.2 8
189.3 6
189.4 5
189.5 4
189.6 4
189.7 9
189.8 10
189.9 10
190 19
190.1 10
190.2 6
190.3 4
190.4 28
190.5 14
190.6 9
190.7 5
190.8 5
190.9 6
191 5
191.1 6
191.2 6
191.3 3
191.4 3
191.5 5
191.6 2
191.7 5
191.8 5
191.9 5
192 6
192.1 7
192.2 5
192.3 5
192.4 8
192.5 3
192.6 4
192.7 3
192.8 2
192.9 3
193 4
193.1 2
193.2 5
193.3 6
193.4 4
193.5 6
193.6 6
193.7 7
193.8 6
193.9 3
194 4
194.1 3
194.2 4
194.3 2
194.4 5
194.5 5
194.6 2
194.7 6
194.8 5
194.9 6
195 4
195.1 8
195.2 7
195.3 3
195.4 8
195.5 5
195.6 6
195.7 6
195.8 3
195.9 3
196 25
196.1 20
196.2 13
196.3 21
196.4 23
196.5 33
196.6 37
196.7 34
196.8 42
196.9 38
197 46
197.1 32
197.2 24
197.3 48
197.4 44
197.5 40
197.6 27
197.7 30
197.8 47
197.9 54
198 54
198.1 36
198.2 42
198.3 45
198.4 48
198.5 48
198.6 34
198.7 43
198.8 43
198.9 61
199 52
199.1 47
199.2 56
199.3 52
199.4 53
199.5 49
199.6 65
199.7 53
199.8 47
199.9 46
200 42
