0 0
0.1 0
0.2 0
0.3 0
0.4 2
0.5 3
0.6 0
0.7 0
0.8 0
0.9 2
1 3
1.1 1
1.2 2
1.3 2
1.4 1
1.5 3
1.6 0
1.7 1
1.8 3
1.9 2
2 1
2.1 0
2.2 3
2.3 2
2.4 0
2.5 2
2.6 1
2.7 5
2.8 3
2.9 4
3 8
3.1 2
3.2 4
3.3 3
3.4 2
3.5 4
3.6 6
3.7 1
3.8 2
3.9 5
4 3
4.1 2
4.2 11
4.3 3
4.4 6
4.5 3
4.6 5
4.7 6
4.8 4
4.9 10
5 4
5.1 6
5.2 13
5.3 7
5.4 2
5.5 6
5.6 6
5.7 9
5.8 9
5.9 3
6 12
6.1 13
6.2 16
6.3 10
6.4 14
6.5 11
6.6 15
6.7 22
6.8 30
6.9 39
7 31
7.1 42
7.2 57
7.3 100
7.4 82
7.5 133
7.6 129
7.7 134
7.8 163
7.9 228
8 328
8.1 433
8.2 567
8.3 658
8.4 750
8.5 840
8.6 904
8.7 944
8.8 988
8.9 1036
9 1104
9.1 1148
9.2 1162
9.3 1210
9.4 1244
9.5 1255
9.6 1263
9.7 1237
9.8 1248
9.9 1263
10 1286
10.1 1291
10.2 1290
10.3 1294
10.4 1283
10.5 1266
10.6 1229
10.7 1218
10.8 1201
10.9 1192
11 1173
11.1 1155
11.2 1153
11.3 1141
11.4 1127
11.5 1112
11.6 1085
11.7 1094
11.8 1078
11.9 1069
12 1033
12.1 1029
12.2 992
12.3 986
12.4 970
12.5 964
12.6 961
12.7 950
12.8 942
12.9 922
13 902
13.1 866
13.2 831
13.3 740
13.4 713
13.5 692
13.6 685
13.7 674
13.8 658
13.9 637
14 641
14.1 641
14.2 634
14.3 636
14.4 642
14.5 629
14.6 607
14.7 605
14.8 598
14.9 585
15 555
15.1 530
15.2 516
15.3 510
15.4 508
15.5 512
15.6 504
15.7 502
15.8 481
15.9 448
16 421
16.1 385
16.2 390
16.3 386
16.4 393
16.5 407
16.6 422
16.7 422
16.8 425
16.9 427
17 402
17.1 392
17.2 385
17.3 370
17.4 362
17.5 367
17.6 388
17.7 387
17.8 391
17.9 384
18 353
18.1 321
18.2 302
18.3 269
18.4 237
18.5 231
18.6 240
18.7 260
18.8 266
18.9 270
19 272
19.1 257
19.2 257
19.3 268
19.4 268
19.5 254
19.6 253
19.7 257
19.8 213
19.9 158
20 130
20.1 90
20.2 65
20.3 70
20.4 69
20.5 87
20.6 92
20.7 111
20.8 135
20.9 135
21 139
21.1 125
21.2 148
21.3 178
21.4 192
21.5 168
21.6 162
21.7 155
21.8 168
21.9 198
22 137
22.1 70
22.2 59
22.3 58
22.4 55
22.5 63
22.6 52
22.7 62
22.8 82
22.9 106
23 127
23.1 125
23.2 84
23.3 29
23.4 28
23.5 21
23.6 16
23.7 12
23.8 8
23.9 7
24 9
24.1 8
24.2 9
24.3 8
24.4 4
24.5 2
24.6 6
24.7 5
24.8 4
24.9 4
25 4
25.1 2
25.2 2
25.3 3
25.4 4
25.5 5
25.6 4
25.7 6
25.8 3
25.9 2
26 2
26.1 3
26.2 3
26.3 3
26.4 7
26.5 6
26.6 2
26.7 5
26.8 5
26.9 5
27 10
27.1 3
27.2 3
27.3 8
27.4 11
27.5 7
27.6 6
27.7 8
27.8 10
27.9 6
28 13
28.1 11
28.2 10
28.3 7
28.4 20
28.5 10
28.6 18
28.7 15
28.8 29
28.9 27
29 27
29.1 34
29.2 38
29.3 46
29.4 37
29.5 66
29.6 93
29.7 140
29.8 217
29.9 317
30 458
30.1 586
30.2 706
30.3 801
30.4 876
30.5 931
30.6 989
30.7 1036
30.8 1074
30.9 1132
31 1160
31.1 1166
31.2 1188
31.3 1210
31.4 1189
31.5 1195
31.6 1180
31.7 1170
31.8 1191
31.9 1193
32 1197
32.1 1209
32.2 1209
32.3 1196
32.4 1143
32.5 1093
32.6 1096
32.7 1102
32.8 1104
32.9 1109
33 1099
33.1 1077
33.2 1078
33.3 1083
33.4 1088
33.5 1085
33.6 1083
33.7 1087
33.8 1098
33.9 1094
34 1076
34.1 1069
34.2 1057
34.3 1042
34.4 1015
34.5 1002
34.6 999
34.7 992
34.8 976
34.9 950
35 935
35.1 923
35.2 904
35.3 881
35.4 872
35.5 876
35.6 867
35.7 852
35.8 825
35.9 803
36 797
36.1 786
36.2 756
36.3 734
36.4 723
36.5 711
36.6 691
36.7 663
36.8 659
36.9 650
37 628
37.1 621
37.2 627
37.3 621
37.4 625
37.5 613
37.6 600
37.7 586
37.8 577
37.9 562
38 544
38.1 529
38.2 517
38.3 513
38.4 503
38.5 512
38.6 515
38.7 511
38.8 499
38.9 474
39 458
39.1 452
39.2 459
39.3 441
39.4 413
39.5 412
39.6 392
39.7 382
39.8 357
39.9 340
40 347
40.1 352
40.2 354
40.3 339
40.4 332
40.5 332
40.6 322
40.7 317
40.8 311
40.9 293
41 288
41.1 276
41.2 262
41.3 255
41.4 192
41.5 179
41.6 161
41.7 168
41.8 176
41.9 183
42 178
42.1 185
42.2 184
42.3 181
42.4 191
42.5 176
42.6 171
42.7 174
42.8 156
42.9 121
43 71
43.1 54
43.2 39
43.3 37
43.4 35
43.5 41
43.6 29
43.7 14
43.8 13
43.9 13
44 13
44.1 7
44.2 10
44.3 7
44.4 9
44.5 9
44.6 10
44.7 3
44.8 5
44.9 7
45 4
45.1 2
45.2 3
45.3 2
45.4 3
45.5 6
45.6 4
45.7 3
45.8 1
45.9 4
46 7
46.1 5
46.2 6
46.3 10
46.4 11
46.5 8
46.6 11
46.7 7
46.8 11
46.9 9
47 13
47.1 10
47.2 11
47.3 6
47.4 14
47.5 13
47.6 14
47.7 8
47.8 15
47.9 12
48 17
48.1 7
48.2 18
48.3 19
48.4 17
48.5 32
48.6 24
48.7 37
48.8 41
48.9 50
49 80
49.1 69
49.2 100
49.3 175
49.4 268
49.5 407
49.6 533
49.7 636
49.8 713
49.9 804
50 884
50.1 959
50.2 1005
50.3 1063
50.4 1107
50.5 1128
50.6 1163
50.7 1201
50.8 1233
50.9 1231
51 1238
51.1 1226
51.2 1234
51.3 1239
51.4 1242
51.5 1239
51.6 1249
51.7 1261
51.8 1270
51.9 1235
52 1257
52.1 1253
52.2 1235
52.3 1213
52.4 1198
52.5 1185
52.6 1189
52.7 1158
52.8 1130
52.9 1110
53 1116
53.1 1092
53.2 1087
53.3 1086
53.4 1079
53.5 1075
53.6 1066
53.7 1047
53.8 1017
53.9 995
54 982
54.1 995
54.2 994
54.3 981
54.4 983
54.5 986
54.6 955
54.7 937
54.8 907
54.9 882
55 873
55.1 852
55.2 828
55.3 820
55.4 776
55.5 761
55.6 730
55.7 718
55.8 683
55.9 676
56 674
56.1 680
56.2 660
56.3 637
56.4 626
56.5 620
56.6 615
56.7 610
56.8 601
56.9 599
57 602
57.1 616
57.2 618
57.3 607
57.4 592
57.5 581
57.6 541
57.7 524
57.8 522
57.9 518
58 514
58.1 510
58.2 488
58.3 490
58.4 491
58.5 496
58.6 485
58.7 485
58.8 491
58.9 481
59 464
59.1 449
59.2 445
59.3 420
59.4 411
59.5 338
59.6 252
59.7 230
59.8 226
59.9 228
60 263
60.1 283
60.2 297
60.3 313
60.4 317
60.5 313
60.6 312
60.7 330
60.8 328
60.9 329
61 327
61.1 307
61.2 295
61.3 286
61.4 262
61.5 258
61.6 247
61.7 207
61.8 178
61.9 159
62 153
62.1 131
62.2 132
62.3 135
62.4 106
62.5 89
62.6 90
62.7 96
62.8 89
62.9 80
63 78
63.1 78
63.2 87
63.3 97
63.4 81
63.5 82
63.6 93
63.7 106
63.8 110
63.9 48
64 32
64.1 24
64.2 19
64.3 12
64.4 12
64.5 10
64.6 8
64.7 11
64.8 11
64.9 3
65 13
65.1 3
65.2 4
65.3 5
65.4 7
65.5 2
65.6 9
65.7 2
65.8 8
65.9 8
66 4
66.1 8
66.2 5
66.3 7
66.4 6
66.5 7
66.6 4
66.7 7
66.8 6
66.9 6
67 7
67.1 10
67.2 10
67.3 13
67.4 7
67.5 10
67.6 7
67.7 13
67.8 9
67.9 16
68 25
68.1 23
68.2 18
68.3 11
68.4 8
68.5 11
68.6 20
68.7 16
68.8 21
68.9 13
69 14
69.1 10
69.2 16
69.3 17
69.4 16
69.5 22
69.6 28
69.7 21
69.8 26
69.9 26
70 34
70.1 54
70.2 63
70.3 86
70.4 146
70.5 236
70.6 267
70.7 354
70.8 453
70.9 540
71 618
71.1 714
71.2 812
71.3 867
71.4 958
71.5 1025
71.6 1098
71.7 1155
71.8 1194
71.9 1229
72 1258
72.1 1292
72.2 1321
72.3 1353
72.4 1379
72.5 1404
72.6 1416
72.7 1445
72.8 1442
72.9 1451
73 1460
73.1 1447
73.2 1468
73.3 1456
73.4 1453
73.5 1463
73.6 1447
73.7 1436
73.8 1438
73.9 1407
74 1367
74.1 1341
74.2 1306
74.3 1253
74.4 1250
74.5 1230
74.6 1222
74.7 1222
74.8 1198
74.9 1174
75 1174
75.1 1160
75.2 1133
75.3 1104
75.4 1092
75.5 1075
75.6 1065
75.7 1044
75.8 1034
75.9 1000
76 988
76.1 977
76.2 958
76.3 939
76.4 903
76.5 902
76.6 880
76.7 854
76.8 837
76.9 803
77 800
77.1 790
77.2 779
77.3 786
77.4 781
77.5 765
77.6 771
77.7 767
77.8 760
77.9 750
78 735
78.1 714
78.2 680
78.3 664
78.4 651
78.5 633
78.6 568
78.7 393
78.8 211
78.9 153
79 162
79.1 184
79.2 202
79.3 236
79.4 252
79.5 273
79.6 317
79.7 327
79.8 336
79.9 348
80 358
80.1 372
80.2 373
80.3 371
80.4 378
80.5 369
80.6 381
80.7 385
80.8 397
80.9 388
81 388
81.1 377
81.2 382
81.3 382
81.4 396
81.5 401
81.6 413
81.7 401
81.8 368
81.9 363
82 353
82.1 354
82.2 346
82.3 347
82.4 342
82.5 339
82.6 326
82.7 320
82.8 308
82.9 307
83 316
83.1 325
83.2 323
83.3 320
83.4 309
83.5 314
83.6 313
83.7 299
83.8 283
83.9 292
84 275
84.1 241
84.2 135
84.3 81
84.4 68
84.5 60
84.6 65
84.7 67
84.8 71
84.9 63
85 50
85.1 47
85.2 29
85.3 15
85.4 15
85.5 16
85.6 6
85.7 12
85.8 12
85.9 3
86 6
86.1 6
86.2 3
86.3 5
86.4 6
86.5 4
86.6 6
86.7 3
86.8 6
86.9 10
87 5
87.1 4
87.2 6
87.3 5
87.4 3
87.5 8
87.6 8
87.7 8
87.8 7
87.9 1
88 8
88.1 6
88.2 6
88.3 6
88.4 7
88.5 12
88.6 7
88.7 12
88.8 9
88.9 11
89 18
89.1 9
89.2 8
89.3 13
89.4 10
89.5 21
89.6 24
89.7 25
89.8 37
89.9 38
90 31
90.1 27
90.2 26
90.3 28
90.4 26
90.5 31
90.6 41
90.7 69
90.8 74
90.9 79
91 106
91.1 95
91.2 85
91.3 88
91.4 109
91.5 134
91.6 194
91.7 260
91.8 367
91.9 476
92 576
92.1 651
92.2 734
92.3 798
92.4 875
92.5 915
92.6 978
92.7 1024
92.8 1064
92.9 1076
93 1098
93.1 1101
93.2 1118
93.3 1105
93.4 1125
93.5 1124
93.6 1122
93.7 1137
93.8 1138
93.9 1153
94 1160
94.1 1144
94.2 1142
94.3 1106
94.4 1070
94.5 1029
94.6 988
94.7 988
94.8 991
94.9 990
95 975
95.1 981
95.2 974
95.3 965
95.4 962
95.5 952
95.6 951
95.7 943
95.8 922
95.9 917
96 904
96.1 900
96.2 869
96.3 838
96.4 823
96.5 796
96.6 790
96.7 785
96.8 789
96.9 791
97 788
97.1 792
97.2 769
97.3 727
97.4 697
97.5 695
97.6 677
97.7 676
97.8 659
97.9 647
98 616
98.1 607
98.2 590
98.3 558
98.4 535
98.5 550
98.6 552
98.7 522
98.8 511
98.9 518
99 523
99.1 527
99.2 534
99.3 530
99.4 516
99.5 490
99.6 481
99.7 469
99.8 434
99.9 420
100 386
100.1 376
100.2 377
100.3 361
100.4 341
100.5 331
100.6 303
100.7 291
100.8 279
100.9 282
101 277
101.1 281
101.2 259
101.3 243
101.4 224
101.5 223
101.6 229
101.7 221
101.8 197
101.9 168
102 164
102.1 142
102.2 91
102.3 59
102.4 44
102.5 52
102.6 80
102.7 57
102.8 45
102.9 33
103 49
103.1 39
103.2 31
103.3 17
103.4 22
103.5 22
103.6 28
103.7 9
103.8 13
103.9 14
104 14
104.1 10
104.2 10
104.3 14
104.4 10
104.5 11
104.6 7
104.7 9
104.8 1
104.9 10
105 4
105.1 10
105.2 4
105.3 7
105.4 11
105.5 7
105.6 9
105.7 6
105.8 4
105.9 11
106 6
106.1 11
106.2 8
106.3 8
106.4 8
106.5 5
106.6 5
106.7 4
106.8 12
106.9 16
107 23
107.1 15
107.2 14
107.3 15
107.4 14
107.5 20
107.6 28
107.7 40
107.8 62
107.9 60
108 58
108.1 80
108.2 129
108.3 164
108.4 237
108.5 361
108.6 446
108.7 579
108.8 695
108.9 768
109 845
109.1 899
109.2 960
109.3 991
109.4 1011
109.5 1048
109.6 1059
109.7 1090
109.8 1121
109.9 1147
110 1134
110.1 1138
110.2 1137
110.3 1146
110.4 1146
110.5 1132
110.6 1121
110.7 1119
110.8 1126
110.9 1140
111 1152
111.1 1148
111.2 1109
111.3 1109
111.4 1100
111.5 1104
111.6 1104
111.7 1091
111.8 1078
111.9 1049
112 1006
112.1 989
112.2 936
112.3 910
112.4 905
112.5 868
112.6 839
112.7 818
112.8 807
112.9 810
113 819
113.1 814
113.2 791
113.3 798
113.4 810
113.5 790
113.6 780
113.7 768
113.8 748
113.9 740
114 706
114.1 687
114.2 668
114.3 641
114.4 630
114.5 601
114.6 603
114.7 600
114.8 605
114.9 604
115 592
115.1 602
115.2 591
115.3 585
115.4 582
115.5 572
115.6 549
115.7 524
115.8 504
115.9 478
116 449
116.1 434
116.2 428
116.3 420
116.4 402
116.5 366
116.6 344
116.7 259
116.8 212
116.9 200
117 225
117.1 257
117.2 266
117.3 269
117.4 290
117.5 306
117.6 288
117.7 271
117.8 260
117.9 265
118 287
118.1 284
118.2 265
118.3 267
118.4 286
118.5 301
118.6 324
118.7 264
118.8 167
118.9 63
119 37
119.1 20
119.2 7
119.3 14
119.4 7
119.5 17
119.6 8
119.7 10
119.8 11
119.9 15
120 10
120.1 10
120.2 10
120.3 14
120.4 9
120.5 6
120.6 8
120.7 7
120.8 7
120.9 10
121 11
121.1 8
121.2 11
121.3 10
121.4 12
121.5 14
121.6 10
121.7 15
121.8 7
121.9 10
122 12
122.1 12
122.2 19
122.3 20
122.4 15
122.5 8
122.6 9
122.7 10
122.8 7
122.9 11
123 19
123.1 19
123.2 8
123.3 17
123.4 18
123.5 29
123.6 28
123.7 17
123.8 22
123.9 30
124 35
124.1 32
124.2 43
124.3 46
124.4 54
124.5 99
124.6 132
124.7 158
124.8 216
124.9 247
125 316
125.1 392
125.2 471
125.3 567
125.4 637
125.5 664
125.6 717
125.7 805
125.8 839
125.9 849
126 870
126.1 906
126.2 947
126.3 938
126.4 942
126.5 911
126.6 899
126.7 917
126.8 916
126.9 929
127 942
127.1 951
127.2 957
127.3 951
127.4 934
127.5 916
127.6 892
127.7 885
127.8 860
127.9 864
128 869
128.1 873
128.2 864
128.3 870
128.4 861
128.5 847
128.6 850
128.7 841
128.8 840
128.9 834
129 834
129.1 806
129.2 762
129.3 743
129.4 715
129.5 724
129.6 710
129.7 716
129.8 716
129.9 704
130 688
130.1 672
130.2 657
130.3 660
130.4 647
130.5 613
130.6 557
130.7 493
130.8 478
130.9 482
131 488
131.1 483
131.2 479
131.3 480
131.4 477
131.5 484
131.6 483
131.7 466
131.8 478
131.9 483
132 461
132.1 466
132.2 464
132.3 468
132.4 456
132.5 434
132.6 407
132.7 406
132.8 416
132.9 418
133 403
133.1 379
133.2 383
133.3 369
133.4 301
133.5 221
133.6 146
133.7 123
133.8 111
133.9 133
134 120
134.1 79
134.2 77
134.3 28
134.4 17
134.5 11
134.6 9
134.7 6
134.8 2
134.9 12
135 7
135.1 5
135.2 8
135.3 8
135.4 7
135.5 9
135.6 7
135.7 13
135.8 9
135.9 3
136 5
136.1 8
136.2 9
136.3 7
136.4 10
136.5 11
136.6 5
136.7 9
136.8 15
136.9 13
137 9
137.1 15
137.2 17
137.3 13
137.4 12
137.5 14
137.6 19
137.7 11
137.8 13
137.9 7
138 10
138.1 19
138.2 16
138.3 8
138.4 13
138.5 22
138.6 18
138.7 13
138.8 15
138.9 29
139 27
139.1 29
139.2 45
139.3 49
139.4 55
139.5 47
139.6 52
139.7 102
139.8 177
139.9 295
140 406
140.1 532
140.2 614
140.3 730
140.4 817
140.5 910
140.6 1005
140.7 1059
140.8 1106
140.9 1150
141 1150
141.1 1164
141.2 1188
141.3 1220
141.4 1248
141.5 1272
141.6 1280
141.7 1274
141.8 1268
141.9 1274
142 1257
142.1 1244
142.2 1239
142.3 1223
142.4 1228
142.5 1230
142.6 1221
142.7 1233
142.8 1220
142.9 1203
143 1181
143.1 1178
143.2 1140
143.3 1130
143.4 1128
143.5 1134
143.6 1114
143.7 1077
143.8 1071
143.9 1051
144 1037
144.1 1012
144.2 991
144.3 970
144.4 954
144.5 941
144.6 915
144.7 906
144.8 863
144.9 864
145 885
145.1 880
145.2 871
145.3 857
145.4 821
145.5 799
145.6 757
145.7 741
145.8 722
145.9 700
146 703
146.1 696
146.2 668
146.3 669
146.4 664
146.5 654
146.6 644
146.7 647
146.8 653
146.9 638
147 621
147.1 592
147.2 586
147.3 594
147.4 590
147.5 596
147.6 595
147.7 594
147.8 598
147.9 596
148 560
148.1 538
148.2 526
148.3 515
148.4 508
148.5 490
148.6 492
148.7 486
148.8 471
148.9 447
149 451
149.1 434
149.2 402
149.3 371
149.4 341
149.5 333
149.6 343
149.7 356
149.8 344
149.9 356
150 359
150.1 357
150.2 336
150.3 299
150.4 274
150.5 261
150.6 266
150.7 252
150.8 244
150.9 238
151 257
151.1 266
151.2 253
151.3 271
151.4 270
151.5 279
151.6 203
151.7 107
151.8 74
151.9 48
152 40
152.1 23
152.2 20
152.3 24
152.4 17
152.5 25
152.6 23
152.7 16
152.8 14
152.9 11
153 5
153.1 11
153.2 11
153.3 6
153.4 9
153.5 7
153.6 11
153.7 10
153.8 10
153.9 5
154 6
154.1 5
154.2 7
154.3 8
154.4 8
154.5 4
154.6 1
154.7 7
154.8 4
154.9 6
155 12
155.1 6
155.2 8
155.3 6
155.4 10
155.5 6
155.6 11
155.7 11
155.8 13
155.9 7
156 10
156.1 13
156.2 18
156.3 20
156.4 25
156.5 20
156.6 19
156.7 29
156.8 36
156.9 45
157 43
157.1 64
157.2 75
157.3 135
157.4 227
157.5 338
157.6 464
157.7 548
157.8 622
157.9 693
158 765
158.1 798
158.2 847
158.3 912
158.4 966
158.5 1006
158.6 1043
158.7 1057
158.8 1065
158.9 1093
159 1113
159.1 1104
159.2 1077
159.3 1055
159.4 1071
159.5 1092
159.6 1090
159.7 1101
159.8 1094
159.9 1076
160 1082
160.1 1081
160.2 1084
160.3 1073
160.4 1045
160.5 1034
160.6 1024
160.7 1027
160.8 1015
160.9 1001
161 987
161.1 966
161.2 947
161.3 931
161.4 934
161.5 930
161.6 924
161.7 925
161.8 917
161.9 918
162 902
162.1 898
162.2 899
162.3 875
162.4 875
162.5 861
162.6 841
162.7 807
162.8 791
162.9 779
163 782
163.1 736
163.2 719
163.3 698
163.4 686
163.5 665
163.6 669
163.7 643
163.8 630
163.9 638
164 643
164.1 653
164.2 629
164.3 593
164.4 570
164.5 569
164.6 566
164.7 573
164.8 579
164.9 567
165 515
165.1 445
165.2 416
165.3 390
165.4 315
165.5 309
165.6 311
165.7 328
165.8 335
165.9 310
166 254
166.1 248
166.2 263
166.3 279
166.4 301
166.5 323
166.6 331
166.7 336
166.8 344
166.9 355
167 373
167.1 409
167.2 425
167.3 424
167.4 432
167.5 417
167.6 395
167.7 386
167.8 361
167.9 354
168 366
168.1 362
168.2 360
168.3 357
168.4 365
168.5 354
168.6 350
168.7 352
168.8 352
168.9 355
169 360
169.1 340
169.2 319
169.3 312
169.4 313
169.5 314
169.6 329
169.7 338
169.8 327
169.9 314
170 307
170.1 302
170.2 293
170.3 278
170.4 263
170.5 251
170.6 234
170.7 229
170.8 180
170.9 112
171 70
171.1 56
171.2 33
171.3 23
171.4 12
171.5 10
171.6 13
171.7 17
171.8 15
171.9 8
172 10
172.1 7
172.2 7
172.3 11
172.4 13
172.5 15
172.6 8
172.7 6
172.8 5
172.9 5
173 5
173.1 3
173.2 5
173.3 5
173.4 5
173.5 7
173.6 4
173.7 4
173.8 11
173.9 6
174 3
174.1 5
174.2 8
174.3 3
174.4 4
174.5 6
174.6 6
174.7 10
174.8 9
174.9 10
175 7
175.1 11
175.2 7
175.3 16
175.4 11
175.5 4
175.6 16
175.7 4
175.8 11
175.9 8
176 12
176.1 7
176.2 13
176.3 12
176.4 10
176.5 19
176.6 12
176.7 11
176.8 22
176.9 21
177 26
177.1 17
177.2 30
177.3 35
177.4 42
177.5 62
177.6 97
177.7 128
177.8 233
177.9 363
178 499
178.1 616
178.2 713
178.3 821
178.4 916
178.5 1002
178.6 1048
178.7 1090
178.8 1127
178.9 1167
179 1201
179.1 1206
179.2 1218
179.3 1238
179.4 1237
179.5 1231
179.6 1216
179.7 1216
179.8 1207
179.9 1206
180 1210
180.1 1218
180.2 1204
180.3 1178
180.4 1164
180.5 1156
180.6 1130
180.7 1116
180.8 1053
180.9 919
181 883
181.1 877
181.2 896
181.3 857
181.4 812
181.5 822
181.6 833
181.7 855
181.8 870
181.9 893
182 894
182.1 902
182.2 918
182.3 906
182.4 902
182.5 908
182.6 901
182.7 891
182.8 894
182.9 888
183 887
183.1 884
183.2 781
183.3 710
183.4 682
183.5 668
183.6 648
183.7 634
183.8 651
183.9 669
184 688
184.1 682
184.2 689
184.3 687
184.4 663
184.5 670
184.6 663
184.7 655
184.8 633
184.9 638
185 635
185.1 619
185.2 611
185.3 608
185.4 610
185.5 581
185.6 563
185.7 525
185.8 459
185.9 384
186 325
186.1 305
186.2 297
186.3 292
186.4 274
186.5 246
186.6 223
186.7 226
186.8 262
186.9 294
187 316
187.1 314
187.2 295
187.3 282
187.4 270
187.5 261
187.6 251
187.7 247
187.8 227
187.9 218
188 232
188.1 254
188.2 263
188.3 258
188.4 283
188.5 306
188.6 299
188.7 259
188.8 259
188.9 265
189 263
189.1 243
189.2 242
189.3 242
189.4 251
189.5 253
189.6 277
189.7 288
189.8 293
189.9 268
190 258
190.1 235
190.2 233
190.3 239
190.4 212
190.5 140
190.6 139
190.7 144
190.8 171
190.9 190
191 193
191.1 208
191.2 208
191.3 213
191.4 221
191.5 236
191.6 256
191.7 271
191.8 286
191.9 283
192 279
192.1 283
192.2 257
192.3 247
192.4 263
192.5 255
192.6 272
192.7 278
192.8 293
192.9 303
193 315
193.1 312
193.2 294
193.3 289
193.4 278
193.5 275
193.6 270
193.7 259
193.8 247
193.9 237
194 239
194.1 236
194.2 232
194.3 238
194.4 231
194.5 231
194.6 228
194.7 228
194.8 242
194.9 220
195 217
195.1 215
195.2 208
195.3 212
195.4 207
195.5 196
195.6 195
195.7 190
195.8 177
195.9 184
196 165
196.1 88
196.2 56
196.3 39
196.4 25
196.5 17
196.6 12
196.7 5
196.8 6
196.9 5
197 6
197.1 8
197.2 6
197.3 5
197.4 9
197.5 3
197.6 3
197.7 3
197.8 3
197.9 4
198 3
198.1 7
198.2 3
198.3 3
198.4 6
198.5 5
198.6 8
198.7 8
198.8 3
198.9 6
199 2
199.1 7
199.2 7
199.3 7
199.4 5
199.5 2
199.6 7
199.7 4
199.8 5
199.9 6
200 3
