time (us) copyNums
0 602
10 583
20 565
30 544
40 531
50 521
60 513
70 503
80 494
90 487
100 476
110 470
120 467
130 463
140 455
150 446
160 437
170 432
180 426
190 422
200 413
210 406
220 397
230 394
240 392
250 387
260 378
270 370
280 362
290 357
300 349
310 345
320 336
330 327
340 324
350 318
360 315
370 310
380 304
390 298
400 295
410 292
420 287
430 287
440 283
450 280
460 276
470 273
480 270
490 266
500 267
510 262
520 259
530 252
540 245
550 240
560 234
570 234
580 232
590 230
600 229
610 229
620 223
630 221
640 218
650 216
660 213
670 211
680 210
690 208
700 207
710 202
720 200
730 197
740 193
750 192
760 188
770 185
780 184
790 180
800 175
810 174
820 172
830 168
840 165
850 162
860 159
870 154
880 152
890 148
900 148
910 146
920 144
930 143
940 141
950 141
960 140
970 137
980 136
990 134
1000 132
1010 130
1020 128
1030 128
1040 128
1050 127
1060 127
1070 124
1080 121
1090 121
1100 121
1110 121
1120 120
1130 117
1140 113
1150 110
1160 110
1170 110
1180 109
1190 109
1200 108
1210 105
1220 105
1230 105
1240 106
1250 107
1260 106
1270 105
1280 106
1290 105
1300 105
1310 105
1320 103
1330 100
1340 100
1350 97
1360 96
1370 98
1380 97
1390 95
1400 93
1410 93
1420 92
1430 91
1440 91
1450 89
1460 87
1470 86
1480 85
1490 85
1500 84
1510 83
1520 82
1530 80
1540 78
1550 78
1560 76
1570 75
1580 76
1590 74
1600 73
1610 72
1620 72
1630 69
1640 69
1650 70
1660 70
1670 71
1680 71
1690 70
1700 67
1710 66
1720 66
1730 66
1740 65
1750 64
1760 62
1770 60
1780 59
1790 59
1800 58
1810 57
1820 55
1830 55
1840 55
1850 54
1860 53
1870 53
1880 52
1890 53
1900 52
1910 52
1920 50
1930 50
1940 50
1950 47
1960 47
1970 46
1980 48
1990 48
2000 49
2010 49
2020 48
2030 48
2040 48
2050 48
2060 48
2070 49
2080 49
2090 48
2100 48
2110 48
2120 48
2130 46
2140 47
2150 47
2160 46
2170 46
2180 44
2190 44
2200 43
2210 42
2220 44
2230 43
2240 42
2250 41
2260 39
2270 39
2280 39
2290 39
2300 39
2310 39
2320 39
2330 39
2340 39
2350 40
2360 40
2370 38
2380 38
2390 38
2400 37
2410 37
2420 37
2430 37
2440 35
2450 35
2460 36
2470 35
2480 35
2490 35
2500 36
2510 37
2520 35
2530 35
2540 35
2550 36
2560 36
2570 33
2580 32
2590 30
2600 29
2610 29
2620 30
2630 31
2640 29
2650 30
2660 29
2670 30
2680 30
2690 29
2700 28
2710 27
2720 28
2730 28
2740 27
2750 27
2760 25
2770 24
2780 25
2790 25
2800 25
2810 23
2820 24
2830 23
2840 23
2850 24
2860 24
2870 24
2880 23
2890 22
2900 21
2910 21
2920 20
2930 20
2940 20
2950 19
2960 17
2970 17
2980 17
2990 17
3000 17
3010 19
3020 19
3030 19
3040 19
3050 20
3060 21
3070 20
3080 20
3090 20
3100 19
3110 20
3120 21
3130 20
3140 20
3150 19
3160 19
3170 18
3180 19
3190 19
3200 18
3210 18
3220 18
3230 18
3240 18
3250 18
3260 18
3270 17
3280 16
3290 16
3300 16
3310 16
3320 16
3330 16
3340 15
3350 15
3360 16
3370 16
3380 14
3390 13
3400 13
3410 14
3420 16
3430 16
3440 16
3450 16
3460 16
3470 17
3480 17
3490 17
3500 17
3510 17
3520 17
3530 17
3540 16
3550 17
3560 16
3570 16
3580 16
3590 14
3600 12
3610 13
3620 14
3630 14
3640 14
3650 14
3660 14
3670 13
3680 14
3690 12
3700 13
3710 12
3720 13
3730 13
3740 13
3750 13
3760 13
3770 13
3780 13
3790 12
3800 12
3810 12
3820 12
3830 12
3840 13
3850 13
3860 13
3870 13
3880 13
3890 13
3900 13
3910 13
3920 12
3930 12
3940 11
3950 10
3960 10
3970 9
3980 10
3990 10
4000 10
4010 11
4020 11
4030 11
4040 10
4050 10
4060 10
4070 10
4080 10
4090 10
4100 10
4110 12
4120 12
4130 12
4140 13
4150 13
4160 13
4170 12
4180 13
4190 15
4200 16
4210 17
4220 17
4230 18
4240 17
4250 17
4260 17
4270 18
4280 17
4290 17
4300 17
4310 17
4320 18
4330 19
4340 18
4350 20
4360 18
4370 18
4380 18
4390 17
4400 18
4410 17
4420 18
4430 18
4440 19
4450 19
4460 18
4470 18
4480 19
4490 19
4500 20
4510 21
4520 22
4530 22
4540 21
4550 21
4560 19
4570 19
4580 20
4590 20
4600 19
4610 19
4620 19
4630 20
4640 19
4650 20
4660 19
4670 18
4680 17
4690 16
4700 16
4710 15
4720 16
4730 17
4740 16
4750 17
4760 18
4770 18
4780 18
4790 20
4800 19
4810 19
4820 19
4830 20
4840 20
4850 18
4860 17
4870 16
4880 17
4890 17
4900 17
4910 17
4920 16
4930 16
4940 16
4950 15
4960 17
4970 18
4980 17
4990 17
5000 17
5010 17
5020 17
5030 16
5040 15
5050 15
5060 14
5070 14
5080 14
5090 14
5100 15
5110 15
5120 14
5130 13
5140 12
5150 12
5160 12
5170 12
5180 12
5190 12
5200 12
5210 12
5220 12
5230 11
5240 11
5250 11
5260 11
5270 11
5280 11
5290 11
5300 10
5310 11
5320 11
5330 11
5340 12
5350 12
5360 11
5370 10
5380 10
5390 10
5400 10
5410 12
5420 11
5430 11
5440 11
5450 13
5460 12
5470 13
5480 13
5490 13
5500 12
5510 10
5520 9
5530 10
5540 8
5550 8
5560 7
5570 7
5580 7
5590 7
5600 7
5610 7
5620 7
5630 8
5640 7
5650 7
5660 6
5670 7
5680 8
5690 8
5700 9
5710 8
5720 8
5730 8
5740 8
5750 8
5760 10
5770 10
5780 9
5790 9
5800 10
5810 12
5820 11
5830 10
5840 10
5850 10
5860 10
5870 10
5880 10
5890 12
5900 11
5910 11
5920 10
5930 8
5940 8
5950 8
5960 7
5970 7
5980 7
5990 7
6000 7
6010 7
6020 7
6030 7
6040 7
6050 7
6060 8
6070 7
6080 8
6090 7
6100 7
6110 7
6120 8
6130 7
6140 7
6150 7
6160 7
6170 7
6180 7
6190 7
6200 7
6210 8
6220 7
6230 8
6240 8
6250 7
6260 8
6270 7
6280 7
6290 8
6300 8
6310 8
6320 8
6330 8
6340 9
6350 8
6360 8
6370 8
6380 9
6390 8
6400 8
6410 8
6420 9
6430 8
6440 8
6450 7
6460 7
6470 7
6480 8
6490 7
6500 7
6510 7
6520 7
6530 7
6540 7
6550 7
6560 7
6570 7
6580 7
6590 7
6600 8
6610 8
6620 9
6630 9
6640 9
6650 9
6660 7
6670 7
6680 8
6690 8
6700 7
6710 7
6720 8
6730 8
6740 8
6750 8
6760 8
6770 8
6780 8
6790 8
6800 8
6810 8
6820 8
6830 8
6840 8
6850 8
6860 9
6870 9
6880 8
6890 8
6900 9
6910 9
6920 10
6930 10
6940 11
6950 11
6960 10
6970 9
6980 10
6990 9
7000 9
7010 9
7020 9
7030 9
7040 10
7050 10
7060 10
7070 10
7080 10
7090 10
7100 11
7110 11
7120 11
7130 11
7140 10
7150 11
7160 11
7170 11
7180 11
7190 12
7200 14
7210 14
7220 16
7230 15
7240 14
7250 14
7260 14
7270 14
7280 14
7290 13
7300 14
7310 13
7320 13
7330 13
7340 14
7350 14
7360 15
7370 15
7380 16
7390 14
7400 14
7410 12
7420 12
7430 12
7440 12
7450 12
7460 11
7470 11
7480 11
7490 12
7500 12
7510 13
7520 12
7530 13
7540 14
7550 13
7560 14
7570 14
7580 14
7590 14
7600 14
7610 15
7620 14
7630 14
7640 14
7650 14
7660 15
7670 15
7680 15
7690 15
7700 14
7710 14
7720 14
7730 14
7740 16
7750 18
7760 17
7770 15
7780 14
7790 13
7800 14
7810 15
7820 16
7830 17
7840 17
7850 18
7860 18
7870 18
7880 18
7890 18
7900 17
7910 18
7920 17
7930 17
7940 16
7950 18
7960 18
7970 18
7980 17
7990 17
8000 16
8010 16
8020 15
8030 15
8040 16
8050 15
8060 16
8070 17
8080 18
8090 17
8100 18
8110 17
8120 16
8130 16
8140 16
8150 15
8160 14
8170 14
8180 16
8190 16
8200 17
8210 18
8220 18
8230 16
8240 17
8250 17
8260 16
8270 17
8280 16
8290 16
8300 16
8310 15
8320 15
8330 15
8340 15
8350 16
8360 16
8370 15
8380 15
8390 15
8400 16
8410 16
8420 16
8430 17
8440 19
8450 19
8460 18
8470 18
8480 18
8490 18
8500 18
8510 17
8520 17
8530 15
8540 15
8550 14
8560 15
8570 15
8580 15
8590 15
8600 16
8610 16
8620 16
8630 16
8640 16
8650 17
8660 15
8670 14
8680 15
8690 15
8700 14
8710 14
8720 14
8730 14
8740 14
8750 13
8760 13
8770 14
8780 14
8790 15
8800 16
8810 17
8820 17
8830 15
8840 14
8850 14
8860 14
8870 14
8880 15
8890 14
8900 14
8910 13
8920 14
8930 14
8940 14
8950 13
8960 13
8970 12
8980 11
8990 11
9000 12
9010 13
9020 13
9030 14
9040 13
9050 12
9060 12
9070 12
9080 12
9090 11
9100 11
9110 11
9120 12
9130 12
9140 12
9150 10
9160 10
9170 10
9180 11
9190 10
9200 10
9210 10
9220 10
9230 10
9240 10
9250 10
9260 10
9270 12
9280 10
9290 10
9300 11
9310 12
9320 14
9330 12
9340 12
9350 12
9360 13
9370 13
9380 13
9390 13
9400 13
9410 14
9420 13
9430 14
9440 15
9450 17
9460 16
9470 17
9480 18
9490 16
9500 15
9510 13
9520 12
9530 12
9540 11
9550 10
9560 9
9570 9
9580 9
9590 9
9600 9
9610 10
9620 10
9630 10
9640 10
9650 11
9660 11
9670 10
9680 10
9690 11
9700 11
9710 11
9720 11
9730 11
9740 11
9750 13
9760 14
9770 16
9780 15
9790 16
9800 15
9810 15
9820 15
9830 14
9840 14
9850 14
9860 15
9870 15
9880 14
9890 13
9900 13
9910 13
9920 14
9930 14
9940 14
9950 15
9960 15
9970 16
9980 14
9990 15
10000 15
10010 15
10020 15
10030 15
10040 15
10050 15
10060 15
10070 15
10080 15
10090 14
10100 14
10110 16
10120 16
10130 15
10140 15
10150 16
10160 17
10170 16
10180 15
10190 15
10200 15
10210 14
10220 15
10230 15
10240 15
10250 15
10260 14
10270 14
10280 16
10290 13
10300 11
10310 12
10320 12
10330 11
10340 11
10350 11
10360 11
10370 11
10380 12
10390 12
10400 12
10410 13
10420 12
10430 11
10440 11
10450 11
10460 12
10470 12
10480 13
10490 13
10500 12
10510 11
10520 12
10530 12
10540 11
10550 11
10560 12
10570 12
10580 11
10590 11
10600 11
10610 11
10620 14
10630 15
10640 15
10650 15
10660 15
10670 16
10680 17
10690 17
10700 17
10710 16
10720 15
10730 16
10740 14
10750 15
10760 15
10770 15
10780 13
10790 13
10800 13
10810 13
10820 13
10830 12
10840 13
10850 14
10860 14
10870 12
10880 11
10890 11
10900 11
10910 10
10920 10
10930 11
10940 12
10950 12
10960 12
10970 11
10980 11
10990 10
11000 12
11010 10
11020 10
11030 10
11040 10
11050 10
11060 9
11070 10
11080 10
11090 11
11100 11
11110 11
11120 10
11130 11
11140 9
11150 9
11160 10
11170 10
11180 9
11190 8
11200 8
11210 9
11220 9
11230 13
11240 12
11250 11
11260 10
11270 10
11280 11
11290 10
11300 11
11310 12
11320 12
11330 12
11340 13
11350 15
11360 15
11370 15
11380 15
11390 16
11400 14
11410 13
11420 14
11430 15
11440 16
11450 17
11460 17
11470 17
11480 16
11490 16
11500 16
11510 14
11520 14
11530 13
11540 12
11550 13
11560 12
11570 12
11580 10
11590 10
11600 10
11610 10
11620 10
11630 10
11640 11
11650 11
11660 11
11670 12
11680 12
11690 12
11700 12
11710 13
11720 12
11730 11
11740 11
11750 13
11760 12
11770 9
11780 9
11790 8
11800 9
11810 9
11820 8
11830 8
11840 8
11850 8
11860 8
11870 8
11880 8
11890 9
11900 10
11910 11
11920 8
11930 8
11940 8
11950 8
11960 8
11970 8
11980 9
11990 9
12000 8
12010 9
12020 10
12030 10
12040 10
12050 10
12060 10
12070 10
12080 10
12090 10
12100 10
12110 10
12120 10
12130 9
12140 10
12150 10
12160 10
12170 11
12180 10
12190 11
12200 11
12210 11
12220 12
12230 12
12240 12
12250 12
12260 12
12270 10
12280 10
12290 10
12300 11
12310 11
12320 9
12330 10
12340 9
12350 9
12360 10
12370 10
12380 10
12390 10
12400 9
12410 10
12420 9
12430 9
12440 9
12450 10
12460 10
12470 11
12480 10
12490 11
12500 10
12510 10
12520 11
12530 11
12540 10
12550 10
12560 10
12570 11
12580 11
12590 11
12600 10
12610 11
12620 10
12630 10
12640 9
12650 9
12660 10
12670 10
12680 9
12690 8
12700 8
12710 8
12720 8
12730 8
12740 8
12750 8
12760 8
12770 9
12780 10
12790 10
12800 8
12810 7
12820 7
12830 7
12840 7
12850 6
12860 6
12870 6
12880 6
12890 7
12900 8
12910 8
12920 8
12930 10
12940 9
12950 8
12960 8
12970 9
12980 6
12990 6
13000 6
13010 6
13020 7
13030 8
13040 8
13050 8
13060 8
13070 10
13080 10
13090 10
13100 9
13110 10
13120 10
13130 11
13140 10
13150 10
13160 10
13170 10
13180 10
13190 10
13200 10
13210 9
13220 9
13230 9
13240 9
13250 8
13260 8
13270 8
13280 11
13290 9
13300 9
13310 9
13320 10
13330 11
13340 10
13350 10
13360 11
13370 11
13380 13
13390 14
13400 12
13410 13
13420 14
13430 14
13440 13
13450 11
13460 14
13470 12
13480 12
13490 12
13500 12
13510 13
13520 12
13530 12
13540 12
13550 12
13560 12
13570 12
13580 12
13590 12
13600 12
13610 12
13620 12
13630 11
13640 12
13650 11
13660 11
13670 11
13680 11
13690 11
13700 11
13710 10
13720 11
13730 10
13740 10
13750 11
13760 10
13770 11
13780 10
13790 10
13800 11
13810 11
13820 10
13830 10
13840 10
13850 10
13860 10
13870 9
13880 9
13890 9
13900 9
13910 10
13920 10
13930 10
13940 10
13950 10
13960 9
13970 9
13980 9
13990 9
14000 9
14010 9
14020 9
14030 9
14040 10
14050 9
14060 9
14070 9
14080 10
14090 10
14100 10
14110 10
14120 10
14130 11
14140 11
14150 11
14160 10
14170 10
14180 10
14190 10
14200 10
14210 11
14220 11
14230 10
14240 11
14250 11
14260 9
14270 9
14280 9
14290 9
14300 10
14310 13
14320 12
14330 12
14340 11
14350 11
14360 11
14370 11
14380 12
14390 13
14400 12
14410 13
14420 13
14430 13
14440 13
14450 13
14460 13
14470 14
14480 13
14490 12
14500 13
14510 13
14520 15
14530 14
14540 15
14550 14
14560 14
14570 13
14580 12
14590 12
14600 13
14610 12
14620 11
14630 10
14640 9
14650 10
14660 9
14670 8
14680 8
14690 9
14700 9
14710 9
14720 9
14730 9
14740 8
14750 8
14760 8
14770 9
14780 9
14790 10
14800 10
14810 10
14820 11
14830 9
14840 10
14850 10
14860 10
14870 10
14880 9
14890 10
14900 10
14910 10
14920 10
14930 10
14940 9
14950 10
14960 10
14970 10
14980 9
14990 9
15000 9
15010 9
15020 9
15030 9
15040 9
15050 11
15060 12
15070 12
15080 10
15090 10
15100 11
15110 11
15120 10
15130 11
15140 12
15150 13
15160 11
15170 11
15180 11
15190 11
15200 11
15210 11
15220 10
15230 10
15240 11
15250 10
15260 10
15270 11
15280 12
15290 11
15300 11
15310 11
15320 13
15330 11
15340 13
15350 13
15360 13
15370 11
15380 11
15390 11
15400 11
15410 12
15420 12
15430 13
15440 13
15450 15
15460 13
15470 13
15480 13
15490 13
15500 12
15510 12
15520 12
15530 12
15540 12
15550 12
15560 10
15570 10
15580 10
15590 10
15600 10
15610 10
15620 10
15630 10
15640 10
15650 11
15660 11
15670 11
15680 12
15690 10
15700 10
15710 10
15720 11
15730 11
15740 11
15750 11
15760 10
15770 10
15780 11
15790 11
15800 10
15810 10
15820 11
15830 11
15840 11
15850 11
15860 11
15870 11
15880 11
15890 12
15900 11
15910 11
15920 10
15930 11
15940 11
15950 12
15960 12
15970 12
15980 12
15990 12
16000 12
16010 10
16020 10
16030 9
16040 9
16050 10
16060 10
16070 10
16080 10
16090 10
16100 10
16110 12
16120 12
16130 12
16140 12
16150 11
16160 14
16170 13
16180 13
16190 13
16200 12
16210 12
16220 12
16230 11
16240 11
16250 11
16260 11
16270 12
16280 12
16290 13
16300 11
16310 11
16320 13
16330 12
16340 12
16350 13
16360 13
16370 13
16380 12
16390 12
16400 13
16410 12
16420 12
16430 12
16440 13
16450 12
16460 11
16470 12
16480 12
16490 12
16500 12
16510 13
16520 14
16530 14
16540 14
16550 14
16560 14
16570 13
16580 13
16590 14
16600 14
16610 14
16620 14
16630 14
16640 12
16650 12
16660 11
16670 11
16680 11
16690 11
16700 12
16710 12
16720 11
16730 11
16740 11
16750 11
16760 11
16770 11
16780 11
16790 11
16800 11
16810 11
16820 12
16830 12
16840 12
16850 11
16860 11
16870 12
16880 13
16890 12
16900 13
16910 13
16920 11
16930 11
16940 11
16950 11
16960 11
16970 11
16980 12
16990 11
17000 12
17010 12
17020 12
17030 13
17040 12
17050 12
17060 12
17070 12
17080 11
17090 11
17100 11
17110 11
17120 11
17130 12
17140 11
17150 11
17160 12
17170 12
17180 12
17190 11
17200 11
17210 12
17220 11
17230 10
17240 10
17250 10
17260 10
17270 9
17280 9
17290 9
17300 9
17310 9
17320 9
17330 10
17340 10
17350 10
17360 10
17370 10
17380 11
17390 13
17400 11
17410 10
17420 11
17430 12
17440 10
17450 9
17460 12
17470 10
17480 11
17490 12
17500 12
17510 12
17520 12
17530 11
17540 14
17550 14
17560 14
17570 14
17580 15
17590 14
17600 15
17610 13
17620 14
17630 14
17640 14
17650 16
17660 16
17670 15
17680 15
17690 14
17700 15
17710 15
17720 15
17730 15
17740 15
17750 15
17760 13
17770 13
17780 12
17790 12
17800 12
17810 12
17820 12
17830 11
17840 11
17850 11
17860 11
17870 11
17880 10
17890 10
17900 11
17910 11
17920 11
17930 10
17940 12
17950 12
17960 12
17970 12
17980 12
17990 11
18000 12
18010 12
18020 12
18030 13
18040 14
18050 14
18060 14
18070 14
18080 14
18090 15
18100 15
18110 15
18120 15
18130 14
18140 15
18150 15
18160 15
18170 17
18180 16
18190 16
18200 15
18210 15
18220 15
18230 15
18240 15
18250 14
18260 14
18270 14
18280 14
18290 14
18300 14
18310 14
18320 14
18330 15
18340 15
18350 15
18360 14
18370 14
18380 15
18390 15
18400 15
18410 16
18420 15
18430 16
18440 13
18450 13
18460 13
18470 13
18480 13
18490 13
18500 13
18510 13
18520 13
18530 13
18540 14
18550 14
18560 16
18570 15
18580 14
18590 13
18600 12
18610 13
18620 13
18630 13
18640 13
18650 14
18660 14
18670 13
18680 13
18690 11
18700 11
18710 10
18720 10
18730 10
18740 10
18750 10
18760 10
18770 11
18780 11
18790 11
18800 12
18810 12
18820 12
18830 11
18840 11
18850 11
18860 10
18870 11
18880 12
18890 13
18900 11
18910 13
18920 10
18930 10
18940 9
18950 8
18960 9
18970 10
18980 9
18990 10
19000 10
19010 10
19020 10
19030 10
19040 11
19050 10
19060 10
19070 10
19080 11
19090 11
19100 10
19110 10
19120 11
19130 9
19140 9
19150 9
19160 9
19170 9
19180 9
19190 9
19200 9
19210 8
19220 7
19230 6
19240 6
19250 6
19260 6
19270 6
19280 6
19290 7
19300 7
19310 7
19320 7
19330 6
19340 7
19350 7
19360 7
19370 7
19380 8
19390 8
19400 9
19410 10
19420 10
19430 9
19440 10
19450 11
19460 11
19470 11
19480 11
19490 12
19500 10
19510 11
19520 13
19530 14
19540 13
19550 14
19560 12
19570 12
19580 11
19590 11
19600 11
19610 12
19620 12
19630 13
19640 13
19650 14
19660 13
19670 12
19680 11
19690 12
19700 14
19710 14
19720 12
19730 12
19740 13
19750 13
19760 12
19770 12
19780 12
19790 13
19800 13
19810 12
19820 12
19830 12
19840 11
19850 11
19860 11
19870 11
19880 11
19890 11
19900 12
19910 12
19920 13
19930 11
19940 12
19950 12
19960 11
19970 11
19980 11
19990 11
20000 10
20010 10
20020 10
20030 9
20040 9
20050 9
20060 9
20070 9
20080 10
20090 10
20100 9
20110 10
20120 11
20130 12
20140 11
20150 11
20160 11
20170 10
20180 10
20190 11
20200 11
20210 11
20220 11
20230 11
20240 10
20250 10
20260 10
20270 11
20280 11
20290 11
20300 10
20310 10
20320 10
20330 10
20340 10
20350 10
20360 10
20370 10
20380 11
20390 11
20400 10
20410 10
20420 10
20430 10
20440 10
20450 10
20460 10
20470 12
20480 12
20490 12
20500 11
20510 11
20520 11
20530 11
20540 11
20550 10
20560 10
20570 10
20580 10
20590 9
20600 9
20610 9
20620 10
20630 11
20640 9
20650 9
20660 8
20670 8
20680 9
20690 9
20700 9
20710 9
20720 9
20730 10
20740 10
20750 10
20760 10
20770 9
20780 9
20790 9
20800 9
20810 10
20820 10
20830 9
20840 9
20850 9
20860 9
20870 9
20880 9
20890 9
20900 10
20910 10
20920 10
20930 10
20940 10
20950 10
20960 10
20970 10
20980 10
20990 9
21000 10
21010 10
21020 10
21030 10
21040 10
21050 10
21060 9
21070 9
21080 10
21090 9
21100 8
21110 8
21120 8
21130 8
21140 8
21150 8
21160 9
21170 9
21180 8
21190 8
21200 9
21210 9
21220 9
21230 9
21240 11
21250 11
21260 11
21270 11
21280 11
21290 10
21300 10
21310 11
21320 13
21330 12
21340 13
21350 10
21360 10
21370 10
21380 10
21390 10
21400 11
21410 10
21420 10
21430 10
21440 11
21450 10
21460 10
21470 11
21480 11
21490 11
21500 11
21510 12
21520 9
21530 10
21540 11
21550 11
21560 10
21570 10
21580 10
21590 10
21600 10
21610 10
21620 9
21630 12
21640 9
21650 9
21660 9
21670 9
21680 8
21690 8
21700 10
21710 9
21720 9
21730 10
21740 10
21750 10
21760 10
21770 9
21780 10
21790 10
21800 10
21810 10
21820 9
21830 10
21840 9
21850 9
21860 9
21870 9
21880 8
21890 8
21900 8
21910 8
21920 10
21930 9
21940 9
21950 9
21960 8
21970 9
21980 9
21990 10
22000 9
22010 9
22020 9
22030 9
22040 8
22050 7
22060 7
22070 8
22080 8
22090 9
22100 9
22110 10
22120 10
22130 10
22140 12
22150 12
22160 10
22170 10
22180 10
22190 9
22200 8
22210 8
22220 8
22230 8
22240 9
22250 9
22260 8
22270 8
22280 8
22290 9
22300 9
22310 9
22320 8
22330 8
22340 8
22350 8
22360 8
22370 8
22380 7
22390 8
22400 7
22410 8
22420 6
22430 6
22440 6
22450 6
22460 6
22470 7
22480 7
22490 6
22500 7
22510 5
22520 5
22530 4
22540 4
22550 5
22560 7
22570 7
22580 7
22590 7
22600 7
22610 7
22620 8
22630 8
22640 8
22650 8
22660 8
22670 9
22680 9
22690 9
22700 9
22710 11
22720 11
22730 12
22740 13
22750 12
22760 12
22770 12
22780 12
22790 12
22800 12
22810 11
22820 11
22830 11
22840 12
22850 11
22860 11
22870 11
22880 10
22890 10
22900 10
22910 11
22920 11
22930 11
22940 10
22950 9
22960 9
22970 9
22980 9
22990 9
23000 9
23010 9
23020 10
23030 10
23040 10
23050 10
23060 10
23070 9
23080 8
23090 8
23100 8
23110 9
23120 7
23130 8
23140 8
23150 8
23160 8
23170 8
23180 8
23190 8
23200 8
23210 8
23220 8
23230 7
23240 7
23250 7
23260 7
23270 7
23280 9
23290 8
23300 8
23310 9
23320 10
23330 10
23340 9
23350 7
23360 8
23370 8
23380 7
23390 8
23400 8
23410 8
23420 8
23430 8
23440 9
23450 8
23460 8
23470 7
23480 8
23490 8
23500 9
23510 9
23520 9
23530 9
23540 10
23550 10
23560 9
23570 9
23580 10
23590 10
23600 10
23610 10
23620 10
23630 11
23640 10
23650 11
23660 10
23670 9
23680 9
23690 9
23700 10
23710 9
23720 10
23730 10
23740 10
23750 10
23760 11
23770 12
23780 11
23790 10
23800 10
23810 10
23820 10
23830 10
23840 12
23850 12
23860 13
23870 12
23880 12
23890 12
23900 12
23910 11
23920 12
23930 12
23940 12
23950 12
23960 13
23970 14
23980 14
23990 13
24000 15
24010 14
24020 14
24030 14
24040 14
24050 14
24060 14
24070 14
24080 14
24090 16
24100 16
24110 16
24120 15
24130 15
24140 15
24150 14
24160 15
24170 14
24180 16
24190 15
24200 15
24210 15
24220 16
24230 17
24240 17
24250 17
24260 15
24270 14
24280 14
24290 13
24300 13
24310 12
24320 14
24330 14
24340 14
24350 14
24360 11
24370 11
24380 10
24390 10
24400 10
24410 9
24420 8
24430 8
24440 9
24450 9
24460 9
24470 9
24480 9
24490 10
24500 10
24510 10
24520 10
24530 10
24540 11
24550 12
24560 11
24570 11
24580 11
24590 11
24600 9
24610 9
24620 9
24630 9
24640 9
24650 10
24660 10
24670 10
24680 10
24690 10
24700 9
24710 9
24720 10
24730 11
24740 11
24750 10
24760 11
24770 11
24780 11
24790 10
24800 11
24810 10
24820 10
24830 10
24840 10
24850 11
24860 12
24870 12
24880 12
24890 12
24900 13
24910 14
24920 14
24930 13
24940 14
24950 14
24960 15
24970 16
24980 15
24990 14
25000 13
25010 13
25020 13
25030 13
25040 13
25050 14
25060 14
25070 12
25080 12
25090 13
25100 13
25110 13
25120 15
25130 13
25140 13
25150 13
25160 13
25170 13
25180 13
25190 14
25200 14
25210 15
25220 16
25230 16
25240 16
25250 16
25260 16
25270 17
25280 16
25290 15
25300 15
25310 15
25320 13
25330 13
25340 13
25350 12
25360 13
25370 13
25380 13
25390 14
25400 14
25410 13
25420 16
25430 16
25440 15
25450 14
25460 14
25470 14
25480 15
25490 15
25500 14
25510 14
25520 15
25530 15
25540 15
25550 15
25560 16
25570 16
25580 16
25590 16
25600 16
25610 16
25620 17
25630 16
25640 16
25650 16
25660 16
25670 16
25680 16
25690 17
25700 16
25710 17
25720 18
25730 18
25740 19
25750 18
25760 18
25770 17
25780 17
25790 17
25800 18
25810 18
25820 18
25830 17
25840 17
25850 17
25860 17
25870 17
25880 18
25890 17
25900 17
25910 16
25920 16
25930 16
25940 16
25950 16
25960 17
25970 16
25980 17
25990 17
26000 16
26010 17
26020 17
26030 17
26040 17
26050 16
26060 16
26070 17
26080 17
26090 15
26100 15
26110 16
26120 16
26130 16
26140 16
26150 15
26160 14
26170 13
26180 13
26190 14
26200 14
26210 14
26220 14
26230 14
26240 15
26250 15
26260 15
26270 15
26280 15
26290 15
26300 15
26310 15
26320 16
26330 15
26340 15
26350 14
26360 15
26370 13
26380 13
26390 13
26400 12
26410 12
26420 12
26430 13
26440 13
26450 14
26460 13
26470 10
26480 10
26490 10
26500 10
26510 10
26520 10
26530 10
26540 11
26550 9
26560 9
26570 10
26580 10
26590 11
26600 12
26610 12
26620 10
26630 10
26640 11
26650 11
26660 11
26670 11
26680 11
26690 11
26700 11
26710 12
26720 13
26730 11
26740 11
26750 12
26760 12
26770 11
26780 10
26790 10
26800 10
26810 11
26820 10
26830 10
26840 9
26850 9
26860 9
26870 10
26880 11
26890 12
26900 10
26910 10
26920 11
26930 11
26940 9
26950 8
26960 8
26970 8
26980 7
26990 7
27000 8
27010 9
27020 9
27030 8
27040 8
27050 9
27060 9
27070 9
27080 10
27090 9
27100 9
27110 9
27120 10
27130 10
27140 10
27150 10
27160 11
27170 11
27180 11
27190 11
27200 12
27210 13
27220 12
27230 14
27240 14
27250 14
27260 15
27270 14
27280 15
27290 15
27300 16
27310 14
27320 14
27330 16
27340 15
27350 15
27360 15
27370 15
27380 15
27390 14
27400 14
27410 13
27420 14
27430 14
27440 14
27450 13
27460 14
27470 13
27480 12
27490 12
27500 10
27510 10
27520 11
27530 11
27540 11
27550 13
27560 12
27570 13
27580 11
27590 12
27600 11
27610 11
27620 10
27630 10
27640 10
27650 10
27660 9
27670 9
27680 9
27690 9
27700 9
27710 9
27720 9
27730 8
27740 7
27750 7
27760 7
27770 7
27780 7
27790 7
27800 8
27810 9
27820 9
27830 9
27840 10
27850 9
27860 8
27870 8
27880 8
27890 8
27900 8
27910 8
27920 8
27930 8
27940 8
27950 10
27960 10
27970 11
27980 11
27990 11
28000 12
28010 12
28020 12
28030 11
28040 11
28050 10
28060 11
28070 10
28080 12
28090 10
28100 9
28110 9
28120 9
28130 9
28140 9
28150 9
28160 9
28170 9
28180 9
28190 8
28200 8
28210 7
28220 7
28230 9
28240 9
28250 9
28260 8
28270 9
28280 10
28290 10
28300 11
28310 11
28320 12
28330 11
28340 12
28350 11
28360 11
28370 11
28380 10
28390 10
28400 10
28410 10
28420 10
28430 10
28440 10
28450 9
28460 9
28470 10
28480 10
28490 11
28500 11
28510 10
28520 10
28530 8
28540 9
28550 9
28560 8
28570 8
28580 9
28590 9
28600 9
28610 9
28620 8
28630 7
28640 7
28650 9
28660 9
28670 10
28680 10
28690 11
28700 10
28710 8
28720 8
28730 8
28740 9
28750 10
28760 8
28770 7
28780 8
28790 7
28800 8
28810 8
28820 8
28830 9
28840 9
28850 9
28860 9
28870 10
28880 11
28890 12
28900 13
28910 11
28920 11
28930 10
28940 10
28950 11
28960 10
28970 10
28980 10
28990 11
29000 11
29010 11
29020 10
29030 10
29040 11
29050 11
29060 11
29070 11
29080 12
29090 10
29100 10
29110 9
29120 9
29130 10
29140 9
29150 10
29160 10
29170 10
29180 10
29190 10
29200 10
29210 10
29220 11
29230 12
29240 12
29250 12
29260 11
29270 12
29280 12
29290 12
29300 12
29310 12
29320 12
29330 12
29340 10
29350 8
29360 8
29370 8
29380 8
29390 8
29400 8
29410 8
29420 8
29430 8
29440 8
29450 9
29460 8
29470 8
29480 6
29490 6
29500 6
29510 6
29520 6
29530 6
29540 7
29550 7
29560 6
29570 6
29580 7
29590 7
29600 8
29610 8
29620 8
29630 9
29640 9
29650 9
29660 9
29670 10
29680 10
29690 10
29700 10
29710 11
29720 12
29730 11
29740 11
29750 12
29760 13
29770 13
29780 13
29790 12
29800 12
29810 13
29820 12
29830 11
29840 11
29850 11
29860 9
29870 10
29880 10
29890 10
29900 10
29910 11
29920 10
29930 9
29940 9
29950 9
29960 9
29970 9
29980 11
29990 10
30000 11
30010 13
30020 12
30030 11
30040 11
30050 11
30060 11
30070 10
30080 10
30090 10
30100 11
30110 13
30120 12
30130 12
30140 12
30150 13
30160 13
30170 12
30180 12
30190 12
30200 12
30210 11
30220 11
30230 13
30240 13
30250 13
30260 13
30270 13
30280 12
30290 12
30300 12
30310 12
30320 12
30330 12
30340 12
30350 12
30360 12
30370 12
30380 12
30390 13
30400 13
30410 12
30420 12
30430 12
30440 11
30450 11
30460 10
30470 10
30480 12
30490 12
30500 12
30510 12
30520 12
30530 12
30540 12
30550 13
30560 13
30570 12
30580 13
30590 13
30600 12
30610 12
30620 12
30630 14
30640 14
30650 13
30660 13
30670 13
30680 13
30690 13
30700 12
30710 12
30720 13
30730 13
30740 14
30750 13
30760 12
30770 12
30780 12
30790 11
30800 11
30810 12
30820 11
30830 11
30840 10
30850 11
30860 10
30870 10
30880 11
30890 11
30900 12
30910 12
30920 11
30930 11
30940 11
30950 12
30960 10
30970 11
30980 11
30990 10
31000 10
31010 8
31020 8
31030 8
31040 9
31050 9
31060 9
31070 8
31080 8
31090 9
31100 8
31110 8
31120 9
31130 10
31140 10
31150 10
31160 10
31170 10
31180 10
31190 10
31200 11
31210 11
31220 12
31230 11
31240 12
31250 13
31260 13
31270 14
31280 14
31290 14
31300 13
31310 13
31320 11
31330 11
31340 11
31350 11
31360 11
31370 11
31380 10
31390 10
31400 11
31410 11
31420 11
31430 12
31440 12
31450 11
31460 11
31470 11
31480 11
31490 11
31500 11
31510 11
31520 10
31530 10
31540 11
31550 11
31560 11
31570 11
31580 11
31590 11
31600 11
31610 11
31620 12
31630 11
31640 12
31650 14
31660 14
31670 14
31680 14
31690 14
31700 15
31710 14
31720 14
31730 14
31740 13
31750 14
31760 13
31770 14
31780 14
31790 15
31800 15
31810 16
31820 16
31830 14
31840 14
31850 11
31860 12
31870 12
31880 12
31890 13
31900 11
31910 11
31920 11
31930 12
31940 12
31950 11
31960 10
31970 10
31980 10
31990 10
32000 10
32010 12
32020 11
32030 10
32040 12
32050 11
32060 11
32070 11
32080 12
32090 11
32100 12
32110 12
32120 11
32130 11
32140 12
32150 12
32160 11
32170 11
32180 11
32190 11
32200 11
32210 12
32220 12
32230 11
32240 11
32250 11
32260 12
32270 12
32280 12
32290 12
32300 12
32310 12
32320 12
32330 12
32340 12
32350 12
32360 12
32370 11
32380 12
32390 10
32400 12
32410 11
32420 9
32430 8
32440 8
32450 8
32460 8
32470 7
32480 6
32490 6
32500 6
32510 6
32520 6
32530 6
32540 7
32550 7
32560 6
32570 6
32580 6
32590 7
32600 6
32610 6
32620 6
32630 6
32640 7
32650 7
32660 7
32670 7
32680 7
32690 8
32700 8
32710 8
32720 9
32730 8
32740 8
32750 8
32760 8
32770 8
32780 9
32790 8
32800 9
32810 9
32820 9
32830 8
32840 8
32850 10
32860 9
32870 9
32880 9
32890 9
32900 9
32910 9
32920 9
32930 9
32940 9
32950 11
32960 10
32970 11
32980 12
32990 12
33000 11
33010 9
33020 9
33030 8
33040 9
33050 7
33060 7
33070 7
33080 7
33090 7
33100 7
33110 7
33120 7
33130 7
33140 7
33150 7
33160 8
33170 6
33180 6
33190 7
33200 7
33210 7
33220 8
33230 10
33240 8
33250 8
33260 8
33270 8
33280 7
33290 8
33300 7
33310 7
33320 7
33330 7
33340 7
33350 7
33360 7
33370 7
33380 7
33390 7
33400 8
33410 9
33420 9
33430 11
33440 9
33450 9
33460 8
33470 8
33480 8
33490 8
33500 7
33510 7
33520 8
33530 8
33540 8
33550 8
33560 8
33570 9
33580 8
33590 8
33600 8
33610 9
33620 8
33630 8
33640 8
33650 8
33660 7
33670 8
33680 8
33690 8
33700 8
33710 8
33720 9
33730 9
33740 9
33750 9
33760 8
33770 8
33780 8
33790 9
33800 10
33810 9
33820 10
33830 11
33840 10
33850 10
33860 9
33870 9
33880 9
33890 8
33900 8
33910 8
33920 8
33930 8
33940 8
33950 7
33960 7
33970 8
33980 8
33990 9
34000 10
34010 7
34020 9
34030 9
34040 9
34050 10
34060 8
34070 7
34080 8
34090 7
34100 7
34110 7
34120 7
34130 7
34140 7
34150 7
34160 7
34170 9
34180 10
34190 11
34200 12
34210 12
34220 11
34230 11
34240 11
34250 12
34260 11
34270 10
34280 10
34290 10
34300 10
34310 9
34320 9
34330 9
34340 8
34350 9
34360 9
34370 10
34380 9
34390 8
34400 9
34410 8
34420 9
34430 11
34440 10
34450 11
34460 10
34470 11
34480 11
34490 11
34500 11
34510 11
34520 10
34530 10
34540 9
34550 9
34560 9
34570 9
34580 8
34590 9
34600 10
34610 10
34620 9
34630 8
34640 7
34650 7
34660 7
34670 7
34680 8
34690 9
34700 9
34710 8
34720 8
34730 8
34740 9
34750 10
34760 8
34770 9
34780 10
34790 10
34800 11
34810 11
34820 11
34830 10
34840 10
34850 10
34860 10
34870 10
34880 10
34890 11
34900 11
34910 11
34920 11
34930 11
34940 11
34950 11
34960 12
34970 12
34980 12
34990 13
35000 14
35010 14
35020 12
35030 12
35040 11
35050 11
35060 10
35070 10
35080 10
35090 10
35100 10
35110 10
35120 9
35130 9
35140 9
35150 8
35160 8
35170 8
35180 10
35190 10
35200 10
35210 10
35220 9
35230 9
35240 9
35250 10
35260 10
35270 10
35280 11
35290 11
35300 12
35310 12
35320 11
35330 10
35340 10
35350 10
35360 11
35370 12
35380 11
35390 11
35400 11
35410 11
35420 12
35430 12
35440 12
35450 12
35460 13
35470 14
35480 13
35490 12
35500 13
35510 13
35520 13
35530 12
35540 12
35550 12
35560 12
35570 13
35580 12
35590 12
35600 12
35610 12
35620 13
35630 12
35640 12
35650 12
35660 11
35670 11
35680 12
35690 12
35700 12
35710 11
35720 11
35730 11
35740 12
35750 12
35760 12
35770 12
35780 13
35790 11
35800 10
35810 10
35820 10
35830 11
35840 11
35850 11
35860 12
35870 11
35880 11
35890 12
35900 14
35910 14
35920 14
35930 12
35940 12
35950 12
35960 12
35970 13
35980 14
35990 15
36000 14
36010 14
36020 14
36030 14
36040 14
36050 13
36060 13
36070 13
36080 13
36090 12
36100 12
36110 11
36120 11
36130 11
36140 11
36150 12
36160 13
36170 12
36180 14
36190 13
36200 13
36210 13
36220 12
36230 11
36240 11
36250 10
36260 10
36270 9
36280 9
36290 10
36300 8
36310 8
36320 7
36330 8
36340 8
36350 8
36360 9
36370 9
36380 10
36390 12
36400 12
36410 11
36420 10
36430 11
36440 11
36450 10
36460 10
36470 10
36480 13
36490 12
36500 12
36510 12
36520 11
36530 11
36540 12
36550 10
36560 10
36570 11
36580 12
36590 12
36600 12
36610 11
36620 11
36630 11
36640 10
36650 9
36660 9
36670 9
36680 8
36690 8
36700 9
36710 9
36720 9
36730 11
36740 11
36750 12
36760 14
36770 14
36780 13
36790 11
36800 10
36810 10
36820 10
36830 11
36840 11
36850 11
36860 11
36870 11
36880 12
36890 11
36900 11
36910 12
36920 12
36930 11
36940 11
36950 10
36960 11
36970 10
36980 11
36990 11
37000 11
37010 12
37020 11
37030 11
37040 11
37050 11
37060 11
37070 12
37080 13
37090 13
37100 14
37110 15
37120 15
37130 15
37140 15
37150 15
37160 16
37170 15
37180 15
37190 16
37200 16
37210 17
37220 17
37230 17
37240 16
37250 15
37260 16
37270 16
37280 16
37290 15
37300 13
37310 13
37320 13
37330 13
37340 11
37350 11
37360 12
37370 12
37380 12
37390 12
37400 12
37410 12
37420 13
37430 13
37440 13
37450 14
37460 15
37470 14
37480 13
37490 13
37500 14
37510 14
37520 14
37530 14
37540 14
37550 15
37560 15
37570 16
37580 16
37590 15
37600 14
37610 12
37620 12
37630 12
37640 12
37650 14
37660 15
37670 14
37680 13
37690 13
37700 13
37710 12
37720 14
37730 12
37740 12
37750 12
37760 13
37770 13
37780 14
37790 15
37800 15
37810 15
37820 15
37830 14
37840 14
37850 15
37860 14
37870 14
37880 17
37890 16
37900 18
37910 17
37920 18
37930 19
37940 17
37950 17
37960 18
37970 16
37980 16
37990 16
38000 16
38010 15
38020 14
38030 14
38040 14
38050 14
38060 14
38070 14
38080 15
38090 14
38100 14
38110 14
38120 14
38130 15
38140 15
38150 14
38160 14
38170 14
38180 14
38190 14
38200 14
38210 15
38220 15
38230 15
38240 16
38250 16
38260 16
38270 15
38280 15
38290 15
38300 15
38310 15
38320 15
38330 15
38340 16
38350 16
38360 16
38370 16
38380 14
38390 14
38400 14
38410 14
38420 14
38430 14
38440 14
38450 14
38460 13
38470 14
38480 13
38490 13
38500 13
38510 13
38520 13
38530 14
38540 15
38550 15
38560 14
38570 13
38580 12
38590 13
38600 13
38610 14
38620 12
38630 12
38640 11
38650 11
38660 11
38670 11
38680 13
38690 12
38700 13
38710 13
38720 13
38730 13
38740 13
38750 12
38760 11
38770 12
38780 12
38790 12
38800 11
38810 11
38820 11
38830 11
38840 10
38850 10
38860 10
38870 10
38880 10
38890 11
38900 10
38910 9
38920 9
38930 9
38940 9
38950 9
38960 9
38970 10
38980 11
38990 10
39000 11
39010 11
39020 12
39030 12
39040 13
39050 13
39060 14
39070 14
39080 14
39090 15
39100 16
39110 17
39120 17
39130 16
39140 17
39150 17
39160 17
39170 17
39180 18
39190 17
39200 17
39210 16
39220 16
39230 12
39240 12
39250 11
39260 12
39270 12
39280 12
39290 13
39300 13
39310 13
39320 13
39330 13
39340 13
39350 14
39360 14
39370 15
39380 15
39390 14
39400 14
39410 15
39420 15
39430 15
39440 14
39450 14
39460 14
39470 13
39480 12
39490 13
39500 13
39510 13
39520 14
39530 14
39540 12
39550 12
39560 12
39570 13
39580 13
39590 13
39600 12
39610 12
39620 12
39630 13
39640 13
39650 13
39660 12
39670 12
39680 14
39690 14
39700 14
39710 14
39720 14
39730 13
39740 13
39750 13
39760 12
39770 12
39780 12
39790 12
39800 12
39810 12
39820 12
39830 12
39840 11
39850 11
39860 12
39870 12
39880 13
39890 11
39900 11
39910 12
39920 12
39930 13
39940 14
39950 14
39960 13
39970 11
39980 9
39990 9
40000 9
40010 9
40020 10
40030 12
40040 10
40050 9
40060 8
40070 9
40080 8
40090 8
40100 7
40110 6
40120 5
40130 5
40140 5
40150 5
40160 5
40170 5
40180 6
40190 7
40200 8
40210 8
40220 8
40230 7
40240 7
40250 6
40260 6
40270 7
40280 7
40290 7
40300 7
40310 7
40320 7
40330 7
40340 7
40350 7
40360 6
40370 7
40380 7
40390 8
40400 8
40410 8
40420 10
40430 9
40440 9
40450 8
40460 9
40470 10
40480 8
40490 8
40500 8
40510 8
40520 8
40530 10
40540 13
40550 13
40560 13
40570 13
40580 12
40590 12
40600 13
40610 11
40620 11
40630 11
40640 10
40650 10
40660 9
40670 9
40680 8
40690 8
40700 8
40710 8
40720 9
40730 10
40740 10
40750 11
40760 10
40770 10
40780 9
40790 8
40800 9
40810 9
40820 9
40830 10
40840 8
40850 8
40860 8
40870 8
40880 8
40890 8
40900 8
40910 8
40920 8
40930 8
40940 8
40950 8
40960 9
40970 10
40980 9
40990 10
41000 9
41010 8
41020 8
41030 8
41040 8
41050 7
41060 7
41070 7
41080 8
41090 7
41100 7
41110 9
41120 7
41130 6
41140 7
41150 7
41160 7
41170 6
41180 5
41190 5
41200 5
41210 5
41220 6
41230 7
41240 7
41250 6
41260 6
41270 6
41280 7
41290 7
41300 6
41310 7
41320 7
41330 6
41340 6
41350 7
41360 7
41370 7
41380 7
41390 6
41400 6
41410 6
41420 6
41430 7
41440 6
41450 6
41460 6
41470 6
41480 6
41490 6
41500 6
41510 7
41520 7
41530 6
41540 6
41550 6
41560 5
41570 5
41580 6
41590 7
41600 5
41610 6
41620 5
41630 5
41640 5
41650 5
41660 5
41670 4
41680 4
41690 4
41700 5
41710 5
41720 5
41730 5
41740 5
41750 6
41760 6
41770 7
41780 7
41790 8
41800 7
41810 7
41820 7
41830 7
41840 8
41850 8
41860 9
41870 7
41880 7
41890 8
41900 8
41910 7
41920 9
41930 9
41940 8
41950 8
41960 8
41970 8
41980 7
41990 7
42000 7
42010 7
42020 7
42030 7
42040 7
42050 7
42060 7
42070 6
42080 6
42090 4
42100 4
42110 4
42120 2
42130 4
42140 4
42150 4
42160 4
42170 4
42180 4
42190 5
42200 4
42210 6
42220 6
42230 5
42240 5
42250 5
42260 6
42270 5
42280 5
42290 5
42300 6
42310 6
42320 6
42330 5
42340 5
42350 4
42360 4
42370 5
42380 5
42390 4
42400 4
42410 5
42420 5
42430 5
42440 4
42450 5
42460 5
42470 5
42480 5
42490 7
42500 6
42510 6
42520 7
42530 7
42540 7
42550 7
42560 7
42570 7
42580 7
42590 8
42600 8
42610 8
42620 8
42630 8
42640 7
42650 7
42660 7
42670 7
42680 8
42690 7
42700 8
42710 10
42720 9
42730 9
42740 9
42750 9
42760 8
42770 10
42780 11
42790 10
42800 11
42810 10
42820 10
42830 10
42840 10
42850 11
42860 11
42870 11
42880 11
42890 11
42900 11
42910 10
42920 10
42930 10
42940 10
42950 10
42960 12
42970 11
42980 11
42990 11
43000 11
43010 11
43020 11
43030 12
43040 13
43050 13
43060 13
43070 13
43080 13
43090 12
43100 11
43110 9
43120 8
43130 7
43140 9
43150 7
43160 7
43170 6
43180 6
43190 7
43200 7
43210 5
43220 5
43230 6
43240 6
43250 7
43260 7
43270 8
43280 8
43290 8
43300 8
43310 9
43320 8
43330 8
43340 9
43350 9
43360 9
43370 9
43380 8
43390 7
43400 8
43410 8
43420 9
43430 8
43440 8
43450 10
43460 11
43470 10
43480 10
43490 10
43500 9
43510 9
43520 9
43530 8
43540 8
43550 9
43560 9
43570 9
43580 9
43590 9
43600 8
43610 8
43620 9
43630 9
43640 8
43650 8
43660 8
43670 7
43680 6
43690 6
43700 6
43710 7
43720 8
43730 9
43740 8
43750 9
43760 7
43770 7
43780 7
43790 7
43800 7
43810 8
43820 8
43830 9
43840 8
43850 8
43860 8
43870 8
43880 7
43890 7
43900 8
43910 8
43920 8
43930 8
43940 8
43950 9
43960 9
43970 10
43980 10
43990 10
44000 10
44010 9
44020 9
44030 7
44040 7
44050 7
44060 7
44070 7
44080 7
44090 7
44100 7
44110 7
44120 7
44130 7
44140 7
44150 8
44160 9
44170 8
44180 8
44190 8
44200 8
44210 7
44220 7
44230 9
44240 9
44250 9
44260 10
44270 10
44280 10
44290 10
44300 10
44310 10
44320 10
44330 11
44340 10
44350 10
44360 9
44370 9
44380 10
44390 10
44400 10
44410 10
44420 10
44430 10
44440 10
44450 12
44460 14
44470 15
44480 13
44490 13
44500 12
44510 13
44520 12
44530 12
44540 11
44550 11
44560 11
44570 12
44580 11
44590 11
44600 11
44610 12
44620 12
44630 13
44640 12
44650 13
44660 13
44670 12
44680 12
44690 12
44700 12
44710 13
44720 13
44730 13
44740 13
44750 12
44760 12
44770 12
44780 12
44790 12
44800 13
44810 13
44820 11
44830 11
44840 11
44850 11
44860 12
44870 12
44880 12
44890 13
44900 13
44910 14
44920 15
44930 15
44940 15
44950 15
44960 15
44970 16
44980 16
44990 16
45000 17
45010 17
45020 17
45030 16
45040 15
45050 15
45060 15
45070 16
45080 14
45090 14
45100 14
45110 13
45120 12
45130 13
45140 12
45150 13
45160 12
45170 12
45180 12
45190 12
45200 12
45210 14
45220 13
45230 13
45240 13
45250 13
45260 12
45270 12
45280 13
45290 13
45300 12
45310 11
45320 13
45330 14
45340 14
45350 14
45360 14
45370 14
45380 13
45390 13
45400 14
45410 14
45420 13
45430 13
45440 14
45450 14
45460 14
45470 14
45480 14
45490 14
45500 14
45510 15
45520 15
45530 15
45540 15
45550 14
45560 14
45570 16
45580 15
45590 15
45600 15
45610 15
45620 15
45630 15
45640 15
45650 15
45660 15
45670 15
45680 16
45690 17
45700 17
45710 16
45720 15
45730 14
45740 14
45750 15
45760 14
45770 14
45780 13
45790 11
45800 11
45810 11
45820 13
45830 13
45840 12
45850 12
45860 11
45870 12
45880 12
45890 13
45900 13
45910 12
45920 12
45930 13
45940 13
45950 13
45960 13
45970 13
45980 13
45990 12
46000 11
46010 11
46020 11
46030 12
46040 10
46050 10
46060 10
46070 10
46080 10
46090 10
46100 12
46110 11
46120 11
46130 11
46140 11
46150 11
46160 11
46170 11
46180 11
46190 11
46200 11
46210 11
46220 10
46230 11
46240 11
46250 10
46260 10
46270 10
46280 10
46290 10
46300 10
46310 9
46320 9
46330 9
46340 10
46350 10
46360 10
46370 10
46380 11
46390 11
46400 11
46410 11
46420 11
46430 11
46440 11
46450 10
46460 10
46470 10
46480 10
46490 9
46500 10
46510 8
46520 8
46530 8
46540 8
46550 7
46560 7
46570 7
46580 7
46590 7
46600 7
46610 7
46620 7
46630 7
46640 7
46650 6
46660 7
46670 6
46680 6
46690 6
46700 6
46710 6
46720 7
46730 7
46740 7
46750 6
46760 6
46770 8
46780 9
46790 9
46800 8
46810 8
46820 8
46830 9
46840 8
46850 8
46860 9
46870 9
46880 9
46890 9
46900 9
46910 9
46920 10
46930 10
46940 12
46950 11
46960 11
46970 9
46980 9
46990 8
47000 8
47010 8
47020 8
47030 9
47040 8
47050 8
47060 8
47070 8
47080 8
47090 8
47100 8
47110 8
47120 8
47130 9
47140 9
47150 9
47160 9
47170 9
47180 8
47190 8
47200 9
47210 12
47220 12
47230 12
47240 11
47250 12
47260 14
47270 14
47280 14
47290 13
47300 13
47310 14
47320 14
47330 14
47340 14
47350 15
47360 14
47370 13
47380 15
47390 13
47400 14
47410 14
47420 12
47430 13
47440 14
47450 14
47460 13
47470 13
47480 11
47490 12
47500 12
47510 12
47520 10
47530 10
47540 10
47550 10
47560 10
47570 10
47580 11
47590 11
47600 11
47610 11
47620 11
47630 11
47640 12
47650 12
47660 13
47670 13
47680 13
47690 13
47700 13
47710 12
47720 12
47730 12
47740 12
47750 12
47760 13
47770 14
47780 13
47790 13
47800 13
47810 13
47820 13
47830 13
47840 13
47850 14
47860 14
47870 14
47880 15
47890 15
47900 14
47910 14
47920 14
47930 14
47940 13
47950 14
47960 13
47970 14
47980 15
47990 13
48000 13
48010 13
48020 13
48030 13
48040 13
48050 13
48060 12
48070 12
48080 12
48090 12
48100 12
48110 13
48120 13
48130 13
48140 15
48150 15
48160 15
48170 15
48180 15
48190 15
48200 16
48210 16
48220 15
48230 15
48240 15
48250 14
48260 14
48270 14
48280 14
48290 15
48300 16
48310 17
48320 17
48330 17
48340 16
48350 16
48360 16
48370 16
48380 16
48390 16
48400 16
48410 16
48420 16
48430 16
48440 16
48450 15
48460 14
48470 15
48480 16
48490 15
48500 15
48510 15
48520 15
48530 15
48540 16
48550 18
48560 16
48570 17
48580 17
48590 18
48600 20
48610 19
48620 19
48630 19
48640 17
48650 17
48660 17
48670 17
48680 17
48690 16
48700 16
48710 18
48720 18
48730 18
48740 18
48750 16
48760 16
48770 16
48780 16
48790 15
48800 17
48810 17
48820 16
48830 16
48840 17
48850 18
48860 16
48870 15
48880 14
48890 15
48900 15
48910 15
48920 15
48930 15
48940 14
48950 13
48960 13
48970 13
48980 13
48990 13
49000 13
49010 13
49020 13
49030 13
49040 14
49050 14
49060 15
49070 14
49080 15
49090 15
49100 14
49110 14
49120 14
49130 14
49140 13
49150 15
49160 13
49170 13
49180 13
49190 13
49200 13
49210 13
49220 13
49230 13
49240 13
49250 13
49260 13
49270 13
49280 12
49290 13
49300 13
49310 13
49320 13
49330 13
49340 12
49350 12
49360 12
49370 12
49380 10
49390 10
49400 11
49410 11
49420 11
49430 12
49440 12
49450 12
49460 12
49470 11
49480 11
49490 11
49500 11
49510 11
49520 11
49530 11
49540 11
49550 11
49560 12
49570 13
49580 12
49590 11
49600 10
49610 10
49620 10
49630 10
49640 9
49650 9
49660 9
49670 9
49680 9
49690 10
49700 9
49710 10
49720 10
49730 10
49740 10
49750 10
49760 10
49770 11
49780 11
49790 11
49800 11
49810 9
49820 9
49830 8
49840 9
49850 9
49860 10
49870 10
49880 10
49890 9
49900 9
49910 9
49920 10
49930 10
49940 9
49950 9
49960 11
49970 9
49980 9
49990 9
50000 10
50010 9
50020 9
50030 9
50040 10
50050 11
50060 11
50070 10
50080 10
50090 10
50100 11
50110 11
50120 11
50130 11
50140 11
50150 13
50160 13
50170 14
50180 13
50190 10
50200 10
50210 10
50220 11
50230 11
50240 11
50250 12
50260 12
50270 10
50280 8
50290 7
50300 7
50310 6
50320 6
50330 6
50340 6
50350 6
50360 6
50370 6
50380 7
50390 7
50400 7
50410 7
50420 7
50430 7
50440 6
50450 6
50460 8
50470 6
50480 6
50490 5
50500 6
50510 6
50520 7
50530 7
50540 7
50550 7
50560 8
50570 12
50580 11
50590 11
50600 11
50610 11
50620 11
50630 11
50640 11
50650 13
50660 12
50670 12
50680 13
50690 11
50700 11
50710 11
50720 11
50730 11
50740 11
50750 10
50760 9
50770 8
50780 8
50790 7
50800 7
50810 7
50820 7
50830 11
50840 10
50850 8
50860 7
50870 8
50880 7
50890 7
50900 7
50910 7
50920 8
50930 8
50940 8
50950 8
50960 8
50970 8
50980 9
50990 9
51000 9
51010 10
51020 10
51030 9
51040 9
51050 10
51060 10
51070 10
51080 10
51090 10
51100 8
51110 8
51120 8
51130 8
51140 8
51150 8
51160 8
51170 8
51180 8
51190 8
51200 8
51210 7
51220 8
51230 8
51240 8
51250 8
51260 8
51270 9
51280 9
51290 9
51300 8
51310 9
51320 11
51330 11
51340 11
51350 10
51360 9
51370 10
51380 9
51390 9
51400 10
51410 9
51420 8
51430 8
51440 9
51450 10
51460 10
51470 9
51480 9
51490 8
51500 8
51510 8
51520 8
51530 8
51540 8
51550 8
51560 6
51570 6
51580 6
51590 6
51600 6
51610 6
51620 6
51630 6
51640 7
51650 5
51660 5
51670 5
51680 4
51690 4
51700 4
51710 4
51720 4
51730 5
51740 4
51750 6
51760 5
51770 6
51780 6
51790 6
51800 6
51810 6
51820 6
51830 6
51840 7
51850 7
51860 7
51870 8
51880 8
51890 8
51900 9
51910 7
51920 7
51930 7
51940 7
51950 6
51960 6
51970 6
51980 7
51990 7
52000 7
52010 6
52020 6
52030 6
52040 6
52050 6
52060 6
52070 5
52080 5
52090 6
52100 7
52110 9
52120 8
52130 7
52140 5
52150 6
52160 6
52170 5
52180 5
52190 4
52200 5
52210 6
52220 6
52230 6
52240 6
52250 8
52260 6
52270 6
52280 6
52290 6
52300 6
52310 6
52320 6
52330 7
52340 7
52350 7
52360 7
52370 8
52380 8
52390 7
52400 6
52410 6
52420 6
52430 7
52440 6
52450 6
52460 6
52470 6
52480 7
52490 6
52500 6
52510 6
52520 6
52530 7
52540 8
52550 7
52560 5
52570 5
52580 6
52590 6
52600 6
52610 6
52620 7
52630 7
52640 7
52650 7
52660 7
52670 7
52680 8
52690 9
52700 9
52710 7
52720 8
52730 7
52740 8
52750 8
52760 7
52770 7
52780 8
52790 7
52800 7
52810 7
52820 8
52830 8
52840 7
52850 7
52860 7
52870 7
52880 7
52890 7
52900 7
52910 8
52920 7
52930 6
52940 7
52950 7
52960 7
52970 7
52980 6
52990 7
53000 8
53010 8
53020 7
53030 7
53040 7
53050 8
53060 8
53070 10
53080 8
53090 8
53100 8
53110 8
53120 8
53130 8
53140 8
53150 8
53160 8
53170 8
53180 8
53190 9
53200 8
53210 8
53220 8
53230 8
53240 8
53250 8
53260 8
53270 8
53280 9
53290 9
53300 10
53310 9
53320 9
53330 9
53340 9
53350 9
53360 9
53370 9
53380 10
53390 9
53400 8
53410 8
53420 8
53430 8
53440 9
53450 9
53460 9
53470 9
53480 9
53490 9
53500 8
53510 8
53520 9
53530 9
53540 8
53550 7
53560 7
53570 8
53580 9
53590 9
53600 9
53610 8
53620 8
53630 9
53640 8
53650 8
53660 8
53670 8
53680 9
53690 8
53700 8
53710 8
53720 9
53730 9
53740 9
53750 9
53760 9
53770 9
53780 9
53790 8
53800 5
53810 4
53820 4
53830 4
53840 5
53850 5
53860 5
53870 5
53880 3
53890 4
53900 4
53910 4
53920 4
53930 3
53940 4
53950 5
53960 6
53970 6
53980 6
53990 6
54000 4
54010 4
54020 4
54030 4
54040 4
54050 4
54060 4
54070 5
54080 5
54090 5
54100 5
54110 5
54120 5
54130 6
54140 6
54150 7
54160 7
54170 8
54180 7
54190 7
54200 8
54210 8
54220 8
54230 8
54240 8
54250 7
54260 8
54270 8
54280 8
54290 8
54300 8
54310 8
54320 8
54330 8
54340 9
54350 8
54360 8
54370 8
54380 11
54390 9
54400 9
54410 9
54420 9
54430 8
54440 8
54450 8
54460 9
54470 9
54480 9
54490 9
54500 7
54510 7
54520 7
54530 7
54540 7
54550 8
54560 8
54570 8
54580 8
54590 8
54600 7
54610 8
54620 8
54630 9
54640 8
54650 8
54660 9
54670 9
54680 8
54690 8
54700 8
54710 8
54720 8
54730 9
54740 9
54750 10
54760 9
54770 9
54780 7
54790 7
54800 7
54810 8
54820 8
54830 8
54840 8
54850 9
54860 9
54870 8
54880 8
54890 8
54900 9
54910 9
54920 9
54930 9
54940 9
54950 9
54960 9
54970 9
54980 10
54990 9
55000 9
55010 9
55020 9
55030 9
55040 9
55050 10
55060 10
55070 9
55080 9
55090 9
55100 9
55110 10
55120 11
55130 12
55140 14
55150 12
55160 13
55170 13
55180 13
55190 13
55200 12
55210 10
55220 10
55230 10
55240 8
55250 8
55260 8
55270 7
55280 8
55290 7
55300 7
55310 7
55320 7
55330 8
55340 8
55350 9
55360 9
55370 10
55380 10
55390 9
55400 8
55410 9
55420 8
55430 7
55440 7
55450 7
55460 8
55470 8
55480 8
55490 8
55500 7
55510 7
55520 7
55530 7
55540 7
55550 7
55560 7
55570 7
55580 8
55590 8
55600 8
55610 7
55620 7
55630 7
55640 8
55650 7
55660 7
55670 7
55680 7
55690 7
55700 7
55710 7
55720 8
55730 8
55740 8
55750 8
55760 8
55770 8
55780 8
55790 7
55800 7
55810 7
55820 7
55830 7
55840 7
55850 7
55860 7
55870 6
55880 6
55890 7
55900 7
55910 7
55920 6
55930 8
55940 9
55950 8
55960 8
55970 9
55980 8
55990 7
56000 7
56010 7
56020 8
56030 7
56040 7
56050 8
56060 8
56070 8
56080 7
56090 7
56100 7
56110 7
56120 8
56130 8
56140 8
56150 8
56160 9
56170 9
56180 11
56190 10
56200 10
56210 12
56220 11
56230 13
56240 14
56250 14
56260 15
56270 15
56280 13
56290 14
56300 13
56310 12
56320 13
56330 13
56340 13
56350 12
56360 13
56370 14
56380 14
56390 14
56400 13
56410 13
56420 13
56430 13
56440 14
56450 15
56460 14
56470 14
56480 13
56490 12
56500 11
56510 12
56520 12
56530 12
56540 11
56550 10
56560 10
56570 10
56580 11
56590 11
56600 10
56610 10
56620 10
56630 10
56640 11
56650 11
56660 11
56670 11
56680 11
56690 12
56700 13
56710 14
56720 13
56730 12
56740 12
56750 12
56760 11
56770 10
56780 10
56790 10
56800 11
56810 11
56820 12
56830 12
56840 14
56850 13
56860 12
56870 12
56880 14
56890 14
56900 15
56910 15
56920 16
56930 15
56940 15
56950 15
56960 15
56970 15
56980 13
56990 12
57000 13
57010 11
57020 10
57030 10
57040 12
57050 12
57060 12
57070 12
57080 12
57090 12
57100 11
57110 11
57120 10
57130 10
57140 10
57150 10
57160 10
57170 11
57180 10
57190 10
57200 10
57210 10
57220 10
57230 9
57240 10
57250 9
57260 9
57270 11
57280 10
57290 10
57300 10
57310 10
57320 8
57330 7
57340 7
57350 8
57360 8
57370 8
57380 8
57390 8
57400 8
57410 7
57420 7
57430 6
57440 6
57450 7
57460 7
57470 7
57480 6
57490 6
57500 5
57510 5
57520 6
57530 7
57540 6
57550 6
57560 7
57570 8
57580 7
57590 7
57600 7
57610 7
57620 7
57630 5
57640 5
57650 5
57660 5
57670 4
57680 4
57690 5
57700 4
57710 4
57720 4
57730 4
57740 5
57750 4
57760 4
57770 4
57780 4
57790 5
57800 6
57810 6
57820 6
57830 6
57840 5
57850 5
57860 5
57870 5
57880 6
57890 6
57900 6
57910 6
57920 6
57930 6
57940 6
57950 6
57960 6
57970 7
57980 7
57990 7
58000 6
58010 5
58020 5
58030 6
58040 6
58050 6
58060 7
58070 8
58080 9
58090 9
58100 6
58110 6
58120 6
58130 7
58140 7
58150 7
58160 6
58170 6
58180 5
58190 5
58200 9
58210 8
58220 7
58230 6
58240 6
58250 6
58260 7
58270 7
58280 7
58290 7
58300 7
58310 7
58320 9
58330 7
58340 7
58350 9
58360 8
58370 7
58380 8
58390 8
58400 8
58410 8
58420 8
58430 7
58440 7
58450 9
58460 8
58470 7
58480 7
58490 9
58500 9
58510 9
58520 9
58530 9
58540 9
58550 9
58560 9
58570 8
58580 9
58590 7
58600 8
58610 9
58620 9
58630 8
58640 8
58650 9
58660 9
58670 10
58680 8
58690 9
58700 7
58710 8
58720 8
58730 9
58740 10
58750 9
58760 9
58770 8
58780 9
58790 8
58800 9
58810 8
58820 8
58830 8
58840 8
58850 8
58860 8
58870 8
58880 8
58890 9
58900 10
58910 10
58920 10
58930 11
58940 12
58950 12
58960 13
58970 15
58980 15
58990 13
59000 13
59010 13
59020 13
59030 11
59040 11
59050 10
59060 9
59070 9
59080 9
59090 9
59100 9
59110 9
59120 9
59130 9
59140 10
59150 10
59160 11
59170 10
59180 11
59190 10
59200 10
59210 10
59220 10
59230 10
59240 9
59250 9
59260 9
59270 9
59280 9
59290 9
59300 8
59310 8
59320 9
59330 8
59340 8
59350 7
59360 7
59370 7
59380 7
59390 7
59400 7
59410 7
59420 8
59430 7
59440 9
59450 9
59460 9
59470 9
59480 9
59490 8
59500 8
59510 8
59520 9
59530 9
59540 10
59550 9
59560 11
59570 11
59580 10
59590 10
59600 11
59610 10
59620 10
59630 10
59640 10
59650 10
59660 11
59670 11
59680 12
59690 11
59700 12
59710 11
59720 11
59730 11
59740 11
59750 11
59760 11
59770 9
59780 10
59790 10
59800 9
59810 8
59820 8
59830 8
59840 9
59850 8
59860 8
59870 7
59880 8
59890 7
59900 7
59910 7
59920 7
59930 7
59940 7
59950 8
59960 8
59970 10
59980 11
59990 11
60000 11
60010 11
60020 10
60030 10
60040 10
60050 8
60060 8
60070 8
60080 8
60090 10
60100 10
60110 9
60120 9
60130 10
60140 10
60150 9
60160 8
60170 10
60180 12
60190 12
60200 12
60210 12
60220 12
60230 12
60240 12
60250 12
60260 12
60270 12
60280 12
60290 13
60300 12
60310 11
60320 12
60330 12
60340 12
60350 13
60360 12
60370 11
60380 11
60390 10
60400 10
60410 10
60420 10
60430 9
60440 9
60450 9
60460 9
60470 10
60480 11
60490 11
60500 12
60510 13
60520 11
60530 12
60540 12
60550 11
60560 11
60570 12
60580 12
60590 13
60600 13
60610 13
60620 13
60630 12
60640 11
60650 11
60660 11
60670 11
60680 10
60690 10
60700 10
60710 11
60720 11
60730 11
60740 10
60750 10
60760 10
60770 10
60780 10
60790 10
60800 11
60810 10
60820 10
60830 10
60840 11
60850 10
60860 10
60870 10
60880 10
60890 11
60900 12
60910 13
60920 14
60930 14
60940 14
60950 13
60960 14
60970 14
60980 15
60990 17
61000 17
61010 16
61020 16
61030 16
61040 17
61050 17
61060 15
61070 16
61080 15
61090 15
61100 15
61110 15
61120 15
61130 14
61140 14
61150 14
61160 15
61170 15
61180 15
61190 15
61200 15
61210 15
61220 15
61230 15
61240 15
61250 14
61260 14
61270 14
61280 14
61290 14
61300 14
61310 14
61320 15
61330 14
61340 15
61350 16
61360 14
61370 15
61380 16
61390 17
61400 18
61410 18
61420 17
61430 18
61440 18
61450 17
61460 18
61470 18
61480 18
61490 18
61500 15
61510 13
61520 13
61530 14
61540 14
61550 13
61560 12
61570 12
61580 12
61590 11
61600 11
61610 11
61620 11
61630 12
61640 11
61650 10
61660 10
61670 12
61680 10
61690 10
61700 10
61710 10
61720 11
61730 12
61740 12
61750 12
61760 11
61770 13
61780 13
61790 13
61800 13
61810 13
61820 14
61830 13
61840 13
61850 14
61860 13
61870 12
61880 12
61890 12
61900 12
61910 12
61920 11
61930 12
61940 12
61950 12
61960 12
61970 12
61980 12
61990 13
62000 13
62010 15
62020 15
62030 16
62040 14
62050 13
62060 14
62070 14
62080 14
62090 14
62100 14
62110 14
62120 12
62130 12
62140 12
62150 12
62160 12
62170 12
62180 12
62190 13
62200 13
62210 13
62220 12
62230 12
62240 12
62250 12
62260 12
62270 13
62280 12
62290 11
62300 10
62310 10
62320 10
62330 10
62340 10
62350 11
62360 10
62370 11
62380 11
62390 11
62400 10
62410 9
62420 8
62430 9
62440 9
62450 8
62460 9
62470 9
62480 8
62490 8
62500 8
62510 8
62520 8
62530 8
62540 8
62550 8
62560 8
62570 8
62580 8
62590 8
62600 8
62610 9
62620 9
62630 9
62640 9
62650 10
62660 11
62670 11
62680 9
62690 9
62700 9
62710 9
62720 9
62730 10
62740 9
62750 9
62760 9
62770 9
62780 8
62790 8
62800 8
62810 7
62820 7
62830 7
62840 7
62850 7
62860 7
62870 8
62880 7
62890 9
62900 9
62910 7
62920 10
62930 10
62940 9
62950 9
62960 10
62970 10
62980 10
62990 9
63000 10
63010 10
63020 10
63030 10
63040 10
63050 10
63060 10
63070 9
63080 9
63090 10
63100 10
63110 10
63120 10
63130 11
63140 11
63150 11
63160 12
63170 11
63180 10
63190 10
63200 11
63210 11
63220 10
63230 10
63240 11
63250 11
63260 11
63270 11
63280 11
63290 11
63300 10
63310 10
63320 10
63330 12
63340 12
63350 12
63360 13
63370 12
63380 12
63390 12
63400 12
63410 11
63420 11
63430 12
63440 11
63450 11
63460 11
63470 12
63480 13
63490 13
63500 13
63510 12
63520 12
63530 10
63540 10
63550 10
63560 10
63570 10
63580 11
63590 11
63600 11
63610 11
63620 11
63630 11
63640 11
63650 12
63660 11
63670 11
63680 11
63690 11
63700 12
63710 12
63720 12
63730 12
63740 12
63750 12
63760 13
63770 13
63780 13
63790 13
63800 13
63810 13
63820 12
63830 11
63840 11
63850 12
63860 12
63870 12
63880 12
63890 12
63900 12
63910 12
63920 11
63930 11
63940 10
63950 10
63960 9
63970 9
63980 9
63990 9
64000 10
64010 9
64020 9
64030 10
64040 12
64050 11
64060 11
64070 11
64080 11
64090 11
64100 11
64110 10
64120 10
64130 11
64140 11
64150 11
64160 11
64170 12
64180 12
64190 12
64200 12
64210 12
64220 11
64230 12
64240 10
64250 12
64260 11
64270 11
64280 11
64290 10
64300 11
64310 11
64320 10
64330 11
64340 12
64350 12
64360 12
64370 12
64380 12
64390 11
64400 9
64410 9
64420 9
64430 9
64440 9
64450 10
64460 9
64470 10
64480 9
64490 9
64500 8
64510 8
64520 7
64530 6
64540 6
64550 7
64560 6
64570 5
64580 5
64590 4
64600 4
64610 4
64620 5
64630 4
64640 4
64650 5
64660 5
64670 5
64680 5
64690 5
64700 5
64710 4
64720 3
64730 4
64740 4
64750 5
64760 5
64770 6
64780 7
64790 7
64800 7
64810 8
64820 8
64830 6
64840 6
64850 6
64860 7
64870 8
64880 8
64890 8
64900 8
64910 8
64920 8
64930 8
64940 8
64950 8
64960 8
64970 8
64980 8
64990 9
65000 8
65010 8
65020 7
65030 7
65040 8
65050 7
65060 7
65070 6
65080 6
65090 6
65100 7
65110 5
65120 5
65130 6
65140 7
65150 6
65160 5
65170 5
65180 5
65190 5
65200 6
65210 6
65220 6
65230 5
65240 5
65250 5
65260 6
65270 6
65280 6
65290 4
65300 4
65310 3
65320 4
65330 4
65340 6
65350 5
65360 4
65370 3
65380 4
65390 3
65400 3
65410 3
65420 4
65430 5
65440 7
65450 5
65460 5
65470 6
65480 7
65490 6
65500 4
65510 4
65520 3
65530 3
65540 5
65550 4
65560 4
65570 4
65580 5
65590 6
65600 7
65610 7
65620 6
65630 5
65640 5
65650 5
65660 5
65670 5
65680 5
65690 5
65700 6
65710 6
65720 6
65730 6
65740 6
65750 6
65760 6
65770 6
65780 7
65790 7
65800 7
65810 7
65820 7
65830 7
65840 7
65850 6
65860 5
65870 5
65880 5
65890 5
65900 5
65910 5
65920 6
65930 6
65940 6
65950 6
65960 6
65970 5
65980 5
65990 5
66000 5
66010 5
66020 5
66030 4
66040 6
66050 7
66060 6
66070 6
66080 5
66090 6
66100 6
66110 6
66120 8
66130 7
66140 7
66150 8
66160 8
66170 7
66180 7
66190 7
66200 7
66210 6
66220 7
66230 7
66240 8
66250 7
66260 7
66270 7
66280 7
66290 8
66300 6
66310 6
66320 6
66330 7
66340 7
66350 7
66360 7
66370 8
66380 8
66390 8
66400 8
66410 9
66420 8
66430 8
66440 7
66450 7
66460 7
66470 6
66480 7
66490 6
66500 6
66510 6
66520 5
66530 6
66540 6
66550 6
66560 6
66570 7
66580 6
66590 6
66600 6
66610 5
66620 5
66630 6
66640 8
66650 10
66660 10
66670 7
66680 7
66690 6
66700 7
66710 8
66720 7
66730 7
66740 6
66750 7
66760 7
66770 7
66780 6
66790 6
66800 7
66810 6
66820 5
66830 6
66840 6
66850 6
66860 5
66870 5
66880 5
66890 4
66900 4
66910 5
66920 5
66930 5
66940 6
66950 6
66960 6
66970 6
66980 6
66990 6
67000 6
67010 5
67020 5
67030 4
67040 4
67050 3
67060 3
67070 3
67080 3
67090 3
67100 4
67110 4
67120 4
67130 5
67140 7
67150 6
67160 6
67170 6
67180 6
67190 6
67200 6
67210 6
67220 5
67230 6
67240 8
67250 9
67260 7
67270 7
67280 8
67290 7
67300 8
67310 9
67320 9
67330 9
67340 7
67350 7
67360 7
67370 8
67380 7
67390 7
67400 7
67410 6
67420 6
67430 6
67440 7
67450 7
67460 7
67470 7
67480 7
67490 7
67500 7
67510 7
67520 7
67530 7
67540 7
67550 7
67560 9
67570 8
67580 8
67590 9
67600 8
67610 8
67620 8
67630 8
67640 8
67650 8
67660 8
67670 8
67680 8
67690 8
67700 8
67710 7
67720 7
67730 9
67740 9
67750 9
67760 9
67770 9
67780 6
67790 5
67800 5
67810 6
67820 6
67830 6
67840 6
67850 6
67860 6
67870 6
67880 6
67890 7
67900 7
67910 7
67920 6
67930 6
67940 7
67950 8
67960 8
67970 7
67980 7
67990 7
68000 8
68010 8
68020 8
68030 7
68040 6
68050 6
68060 6
68070 6
68080 7
68090 7
68100 7
68110 8
68120 6
68130 6
68140 6
68150 8
68160 8
68170 7
68180 7
68190 7
68200 6
68210 7
68220 7
68230 7
68240 6
68250 5
68260 5
68270 5
68280 5
68290 5
68300 5
68310 6
68320 5
68330 5
68340 5
68350 6
68360 5
68370 5
68380 5
68390 5
68400 5
68410 6
68420 6
68430 6
68440 6
68450 6
68460 5
68470 5
68480 5
68490 5
68500 5
68510 5
68520 6
68530 7
68540 8
68550 8
68560 9
68570 10
68580 10
68590 9
68600 8
68610 8
68620 8
68630 7
68640 9
68650 9
68660 9
68670 8
68680 8
68690 8
68700 8
68710 9
68720 9
68730 9
68740 9
68750 9
68760 7
68770 8
68780 7
68790 6
68800 7
68810 7
68820 7
68830 8
68840 8
68850 8
68860 10
68870 8
68880 7
68890 7
68900 7
68910 7
68920 7
68930 6
68940 6
68950 7
68960 6
68970 6
68980 6
68990 6
69000 7
69010 7
69020 7
69030 7
69040 9
69050 8
69060 8
69070 8
69080 9
69090 9
69100 9
69110 8
69120 8
69130 7
69140 8
69150 7
69160 6
69170 6
69180 6
69190 6
69200 6
69210 6
69220 7
69230 6
69240 6
69250 6
69260 6
69270 5
69280 5
69290 5
69300 4
69310 4
69320 5
69330 5
69340 5
69350 4
69360 5
69370 5
69380 5
69390 4
69400 4
69410 5
69420 5
69430 6
69440 5
69450 5
69460 5
69470 5
69480 5
69490 5
69500 5
69510 6
69520 6
69530 5
69540 5
69550 5
69560 5
69570 5
69580 5
69590 5
69600 5
69610 5
69620 5
69630 6
69640 7
69650 7
69660 6
69670 6
69680 7
69690 8
69700 9
69710 8
69720 7
69730 6
69740 7
69750 6
69760 6
69770 7
69780 7
69790 7
69800 7
69810 7
69820 8
69830 9
69840 9
69850 8
69860 10
69870 8
69880 8
69890 9
69900 9
69910 8
69920 8
69930 7
69940 7
69950 6
69960 7
69970 6
69980 6
69990 6
70000 6
70010 6
70020 6
70030 6
70040 6
70050 5
70060 5
70070 5
70080 5
70090 5
70100 4
70110 4
70120 5
70130 3
70140 4
70150 4
70160 3
70170 3
70180 4
70190 5
70200 6
70210 6
70220 6
70230 6
70240 8
70250 6
70260 6
70270 6
70280 6
70290 9
70300 9
70310 8
70320 8
70330 9
70340 9
70350 8
70360 9
70370 8
70380 8
70390 8
70400 7
70410 8
70420 7
70430 5
70440 5
70450 5
70460 6
70470 5
70480 6
70490 6
70500 5
70510 5
70520 5
70530 5
70540 5
70550 5
70560 6
70570 6
70580 6
70590 6
70600 6
70610 6
70620 6
70630 6
70640 6
70650 5
70660 5
70670 5
70680 6
70690 6
70700 6
70710 5
70720 5
70730 5
70740 5
70750 5
70760 5
70770 5
70780 5
70790 6
70800 5
70810 5
70820 5
70830 6
70840 6
70850 7
70860 7
70870 7
70880 7
70890 7
70900 8
70910 7
70920 8
70930 7
70940 8
70950 9
70960 9
70970 9
70980 9
70990 9
71000 9
71010 9
71020 9
71030 10
71040 10
71050 9
71060 9
71070 9
71080 9
71090 9
71100 9
71110 10
71120 10
71130 8
71140 8
71150 9
71160 10
71170 10
71180 12
71190 12
71200 10
71210 10
71220 9
71230 8
71240 8
71250 7
71260 7
71270 6
71280 7
71290 6
71300 6
71310 7
71320 8
71330 8
71340 8
71350 8
71360 8
71370 8
71380 7
71390 7
71400 8
71410 8
71420 8
71430 8
71440 8
71450 8
71460 9
71470 9
71480 10
71490 12
71500 11
71510 11
71520 11
71530 10
71540 10
71550 10
71560 10
71570 9
71580 9
71590 9
71600 9
71610 9
71620 8
71630 8
71640 10
71650 10
71660 10
71670 10
71680 9
71690 9
71700 9
71710 10
71720 11
71730 11
71740 11
71750 11
71760 11
71770 11
71780 11
71790 11
71800 11
71810 11
71820 11
71830 11
71840 11
71850 11
71860 11
71870 12
71880 12
71890 13
71900 13
71910 12
71920 12
71930 12
71940 12
71950 12
71960 14
71970 14
71980 14
71990 12
72000 11
72010 11
72020 12
72030 12
72040 13
72050 13
72060 13
72070 13
72080 12
72090 12
72100 12
72110 12
72120 14
72130 12
72140 10
72150 9
72160 11
72170 10
72180 10
72190 10
72200 9
72210 8
72220 8
72230 8
72240 8
72250 9
72260 8
72270 8
72280 8
72290 8
72300 10
72310 10
72320 10
72330 10
72340 10
72350 11
72360 11
72370 10
72380 10
72390 12
72400 11
72410 10
72420 11
72430 10
72440 8
72450 9
72460 9
72470 8
72480 9
72490 9
72500 9
72510 10
72520 11
72530 10
72540 12
72550 11
72560 13
72570 12
72580 12
72590 12
72600 12
72610 12
72620 12
72630 11
72640 11
72650 11
72660 11
72670 10
72680 10
72690 9
72700 9
72710 9
72720 10
72730 9
72740 9
72750 9
72760 9
72770 11
72780 9
72790 10
72800 9
72810 10
72820 10
72830 10
72840 10
72850 10
72860 11
72870 10
72880 10
72890 10
72900 9
72910 10
72920 12
72930 11
72940 11
72950 11
72960 11
72970 10
72980 11
72990 11
73000 11
73010 12
73020 11
73030 11
73040 10
73050 11
73060 11
73070 10
73080 10
73090 10
73100 10
73110 10
73120 10
73130 11
73140 11
73150 13
73160 13
73170 13
73180 13
73190 13
73200 13
73210 11
73220 12
73230 12
73240 11
73250 10
73260 10
73270 10
73280 9
73290 9
73300 9
73310 10
73320 10
73330 9
73340 10
73350 10
73360 10
73370 10
73380 11
73390 12
73400 13
73410 12
73420 11
73430 10
73440 9
73450 10
73460 10
73470 10
73480 11
73490 11
73500 11
73510 10
73520 10
73530 11
73540 11
73550 11
73560 10
73570 10
73580 10
73590 11
73600 11
73610 11
73620 11
73630 11
73640 10
73650 10
73660 9
73670 9
73680 9
73690 10
73700 12
73710 11
73720 10
73730 9
73740 9
73750 9
73760 10
73770 10
73780 9
73790 10
73800 10
73810 9
73820 9
73830 9
73840 10
73850 9
73860 9
73870 9
73880 10
73890 10
73900 10
73910 10
73920 10
73930 11
73940 12
73950 11
73960 11
73970 11
73980 10
73990 9
74000 10
74010 9
74020 9
74030 9
74040 9
74050 10
74060 10
74070 10
74080 11
74090 11
74100 10
74110 9
74120 10
74130 9
74140 9
74150 10
74160 10
74170 11
74180 11
74190 11
74200 12
74210 11
74220 11
74230 11
74240 11
74250 11
74260 11
74270 10
74280 12
74290 11
74300 12
74310 12
74320 12
74330 12
74340 10
74350 11
74360 12
74370 12
74380 13
74390 13
74400 13
74410 13
74420 14
74430 14
74440 13
74450 12
74460 12
74470 10
74480 10
74490 10
74500 10
74510 11
74520 9
74530 9
74540 10
74550 10
74560 10
74570 9
74580 9
74590 9
74600 9
74610 9
74620 9
74630 9
74640 9
74650 7
74660 7
74670 8
74680 7
74690 7
74700 7
74710 7
74720 7
74730 7
74740 7
74750 7
74760 8
74770 11
74780 9
74790 8
74800 8
74810 8
74820 7
74830 7
74840 7
74850 6
74860 6
74870 6
74880 6
74890 6
74900 6
74910 7
74920 6
74930 7
74940 7
74950 7
74960 7
74970 7
74980 7
74990 7
75000 7
75010 7
75020 6
75030 7
75040 7
75050 7
75060 6
75070 7
75080 7
75090 8
75100 7
75110 7
75120 8
75130 8
75140 9
75150 9
75160 8
75170 9
75180 9
75190 9
75200 9
75210 9
75220 8
75230 8
75240 9
75250 9
75260 11
75270 9
75280 8
75290 8
75300 9
75310 9
75320 10
75330 10
75340 9
75350 7
75360 7
75370 7
75380 7
75390 7
75400 7
75410 7
75420 7
75430 8
75440 7
75450 7
75460 7
75470 7
75480 7
75490 7
75500 8
75510 8
75520 8
75530 7
75540 7
75550 7
75560 7
75570 7
75580 7
75590 6
75600 7
75610 7
75620 7
75630 7
75640 7
75650 6
75660 6
75670 7
75680 7
75690 7
75700 7
75710 7
75720 5
75730 5
75740 4
75750 4
75760 4
75770 4
75780 4
75790 5
75800 5
75810 5
75820 5
75830 5
75840 6
75850 6
75860 6
75870 6
75880 6
75890 7
75900 7
75910 7
75920 7
75930 7
75940 7
75950 8
75960 8
75970 9
75980 9
75990 9
76000 12
76010 12
76020 13
76030 11
76040 12
76050 9
76060 7
76070 7
76080 7
76090 7
76100 7
76110 7
76120 7
76130 7
76140 7
76150 7
76160 7
76170 8
76180 8
76190 7
76200 7
76210 7
76220 8
76230 8
76240 9
76250 8
76260 8
76270 8
76280 8
76290 8
76300 8
76310 8
76320 8
76330 8
76340 8
76350 8
76360 8
76370 8
76380 8
76390 9
76400 8
76410 7
76420 9
76430 10
76440 7
76450 7
76460 8
76470 8
76480 8
76490 8
76500 8
76510 7
76520 7
76530 7
76540 7
76550 8
76560 8
76570 8
76580 8
76590 6
76600 6
76610 6
76620 7
76630 8
76640 7
76650 7
76660 7
76670 7
76680 7
76690 6
76700 7
76710 5
76720 4
76730 4
76740 4
76750 4
76760 4
76770 4
76780 4
76790 4
76800 5
76810 6
76820 6
76830 6
76840 6
76850 5
76860 6
76870 7
76880 8
76890 9
76900 8
76910 8
76920 6
76930 6
76940 5
76950 5
76960 6
76970 4
76980 4
76990 5
77000 4
77010 5
77020 5
77030 5
77040 4
77050 5
77060 3
77070 3
77080 3
77090 3
77100 3
77110 3
77120 3
77130 3
77140 3
77150 2
77160 3
77170 2
77180 2
77190 2
77200 2
77210 2
77220 4
77230 4
77240 3
77250 4
77260 5
77270 5
77280 6
77290 6
77300 5
77310 6
77320 7
77330 6
77340 6
77350 5
77360 6
77370 5
77380 5
77390 5
77400 5
77410 5
77420 6
77430 7
77440 7
77450 7
77460 8
77470 7
77480 7
77490 9
77500 9
77510 9
77520 11
77530 10
77540 9
77550 12
77560 11
77570 11
77580 12
77590 13
77600 11
77610 11
77620 11
77630 11
77640 11
77650 12
77660 11
77670 10
77680 9
77690 9
77700 10
77710 8
77720 8
77730 8
77740 8
77750 8
77760 9
77770 9
77780 9
77790 8
77800 8
77810 8
77820 8
77830 8
77840 7
77850 8
77860 8
77870 8
77880 8
77890 8
77900 8
77910 8
77920 8
77930 8
77940 8
77950 7
77960 7
77970 7
77980 7
77990 7
78000 7
78010 6
78020 7
78030 7
78040 6
78050 6
78060 6
78070 6
78080 8
78090 7
78100 6
78110 6
78120 6
78130 6
78140 6
78150 6
78160 5
78170 5
78180 5
78190 5
78200 6
78210 6
78220 6
78230 6
78240 6
78250 6
78260 6
78270 5
78280 5
78290 7
78300 6
78310 7
78320 7
78330 7
78340 7
78350 7
78360 8
78370 7
78380 7
78390 7
78400 8
78410 8
78420 8
78430 9
78440 10
78450 11
78460 10
78470 9
78480 7
78490 7
78500 7
78510 9
78520 7
78530 7
78540 8
78550 9
78560 11
78570 10
78580 10
78590 9
78600 10
78610 10
78620 10
78630 8
78640 9
78650 9
78660 9
78670 10
78680 9
78690 8
78700 8
78710 7
78720 7
78730 7
78740 7
78750 8
78760 7
78770 7
78780 7
78790 7
78800 7
78810 7
78820 7
78830 7
78840 7
78850 7
78860 8
78870 8
78880 8
78890 8
78900 6
78910 7
78920 7
78930 8
78940 10
78950 9
78960 9
78970 9
78980 9
78990 9
79000 9
79010 9
79020 9
79030 10
79040 10
79050 11
79060 10
79070 10
79080 10
79090 10
79100 11
79110 9
79120 9
79130 9
79140 9
79150 8
79160 8
79170 8
79180 8
79190 8
79200 8
79210 8
79220 8
79230 10
79240 9
79250 9
79260 9
79270 10
79280 11
79290 9
79300 9
79310 10
79320 10
79330 10
79340 9
79350 9
79360 9
79370 10
79380 11
79390 8
79400 9
79410 10
79420 11
79430 10
79440 10
79450 9
79460 9
79470 8
79480 7
79490 8
79500 9
79510 9
79520 9
79530 9
79540 9
79550 10
79560 8
79570 8
79580 8
79590 11
79600 12
79610 13
79620 12
79630 12
79640 11
79650 11
79660 10
79670 10
79680 10
79690 10
79700 11
79710 10
79720 10
79730 10
79740 10
79750 7
79760 7
79770 7
79780 9
79790 8
79800 8
79810 8
79820 9
79830 10
79840 8
79850 8
79860 8
79870 9
79880 10
79890 9
79900 9
79910 9
79920 8
79930 10
79940 8
79950 8
79960 8
79970 10
79980 7
79990 7
80000 7
80010 7
80020 7
80030 7
80040 8
80050 8
80060 8
80070 8
80080 8
80090 8
80100 8
80110 8
80120 8
80130 8
80140 8
80150 8
80160 8
80170 8
80180 8
80190 8
80200 9
80210 10
80220 8
80230 8
80240 8
80250 7
80260 7
80270 7
80280 8
80290 8
80300 8
80310 8
80320 9
80330 12
80340 11
80350 12
80360 10
80370 10
80380 10
80390 10
80400 10
80410 10
80420 9
80430 9
80440 9
80450 9
80460 9
80470 9
80480 8
80490 8
80500 8
80510 8
80520 8
80530 9
80540 9
80550 9
80560 10
80570 10
80580 11
80590 10
80600 11
80610 11
80620 11
80630 11
80640 11
80650 11
80660 11
80670 11
80680 11
80690 11
80700 11
80710 11
80720 12
80730 11
80740 12
80750 11
80760 11
80770 11
80780 11
80790 11
80800 11
80810 11
80820 11
80830 13
80840 13
80850 12
80860 14
80870 13
80880 14
80890 14
80900 15
80910 14
80920 14
80930 16
80940 14
80950 14
80960 12
80970 12
80980 12
80990 13
81000 13
81010 13
81020 13
81030 13
81040 13
81050 12
81060 12
81070 11
81080 12
81090 12
81100 11
81110 11
81120 11
81130 12
81140 12
81150 12
81160 12
81170 12
81180 12
81190 12
81200 11
81210 11
81220 12
81230 12
81240 11
81250 11
81260 11
81270 11
81280 11
81290 11
81300 11
81310 10
81320 10
81330 10
81340 10
81350 9
81360 10
81370 10
81380 9
81390 10
81400 10
81410 11
81420 10
81430 10
81440 11
81450 11
81460 11
81470 12
81480 13
81490 13
81500 14
81510 12
81520 12
81530 12
81540 12
81550 10
81560 10
81570 10
81580 10
81590 10
81600 10
81610 10
81620 10
81630 10
81640 10
81650 10
81660 10
81670 10
81680 11
81690 11
81700 11
81710 11
81720 11
81730 11
81740 11
81750 11
81760 10
81770 10
81780 10
81790 10
81800 10
81810 10
81820 10
81830 10
81840 9
81850 11
81860 10
81870 12
81880 11
81890 11
81900 12
81910 12
81920 13
81930 13
81940 15
81950 15
81960 15
81970 15
81980 15
81990 15
82000 15
82010 14
82020 14
82030 14
82040 14
82050 13
82060 13
82070 12
82080 12
82090 12
82100 12
82110 12
82120 12
82130 12
82140 12
82150 13
82160 13
82170 12
82180 12
82190 13
82200 12
82210 12
82220 12
82230 12
82240 15
82250 14
82260 14
82270 14
82280 13
82290 12
82300 12
82310 13
82320 13
82330 13
82340 13
82350 13
82360 12
82370 12
82380 12
82390 12
82400 12
82410 12
82420 12
82430 12
82440 12
82450 13
82460 13
82470 12
82480 14
82490 14
82500 15
82510 15
82520 15
82530 15
82540 14
82550 14
82560 13
82570 14
82580 13
82590 14
82600 14
82610 15
82620 15
82630 15
82640 15
82650 15
82660 15
82670 16
82680 17
82690 17
82700 17
82710 18
82720 17
82730 18
82740 19
82750 20
82760 20
82770 20
82780 19
82790 18
82800 18
82810 18
82820 18
82830 18
82840 17
82850 17
82860 15
82870 15
82880 15
82890 15
82900 15
82910 16
82920 18
82930 18
82940 18
82950 18
82960 16
82970 17
82980 17
82990 17
83000 17
83010 17
83020 16
83030 16
83040 16
83050 16
83060 16
83070 16
83080 17
83090 16
83100 17
83110 16
83120 14
83130 12
83140 12
83150 12
83160 12
83170 12
83180 12
83190 11
83200 10
83210 10
83220 10
83230 10
83240 10
83250 11
83260 11
83270 11
83280 10
83290 9
83300 9
83310 9
83320 9
83330 9
83340 9
83350 9
83360 9
83370 9
83380 9
83390 9
83400 9
83410 11
83420 11
83430 12
83440 12
83450 12
83460 11
83470 11
83480 12
83490 11
83500 11
83510 11
83520 10
83530 11
83540 10
83550 10
83560 10
83570 10
83580 10
83590 9
83600 9
83610 9
83620 10
83630 10
83640 11
83650 10
83660 10
83670 11
83680 11
83690 10
83700 9
83710 9
83720 8
83730 8
83740 8
83750 8
83760 8
83770 8
83780 8
83790 7
83800 7
83810 8
83820 9
83830 9
83840 8
83850 8
83860 7
83870 8
83880 7
83890 7
83900 8
83910 7
83920 8
83930 9
83940 9
83950 9
83960 9
83970 9
83980 9
83990 10
84000 9
84010 9
84020 9
84030 8
84040 9
84050 9
84060 9
84070 9
84080 9
84090 8
84100 8
84110 8
84120 8
84130 8
84140 9
84150 10
84160 11
84170 9
84180 9
84190 9
84200 8
84210 8
84220 9
84230 8
84240 8
84250 9
84260 11
84270 8
84280 8
84290 9
84300 9
84310 9
84320 8
84330 8
84340 8
84350 8
84360 8
84370 9
84380 9
84390 10
84400 10
84410 9
84420 10
84430 10
84440 9
84450 9
84460 10
84470 10
84480 10
84490 10
84500 10
84510 10
84520 10
84530 10
84540 10
84550 10
84560 10
84570 9
84580 9
84590 8
84600 9
84610 10
84620 8
84630 8
84640 8
84650 8
84660 8
84670 8
84680 9
84690 9
84700 9
84710 9
84720 9
84730 9
84740 8
84750 9
84760 9
84770 9
84780 9
84790 9
84800 10
84810 10
84820 10
84830 12
84840 13
84850 13
84860 14
84870 14
84880 13
84890 13
84900 13
84910 13
84920 13
84930 13
84940 14
84950 14
84960 11
84970 11
84980 11
84990 12
85000 13
85010 11
85020 11
85030 11
85040 11
85050 10
85060 11
85070 10
85080 10
85090 10
85100 10
85110 10
85120 12
85130 11
85140 11
85150 11
85160 11
85170 10
85180 11
85190 11
85200 11
85210 12
85220 12
85230 12
85240 11
85250 9
85260 9
85270 9
85280 10
85290 11
85300 11
85310 11
85320 11
85330 11
85340 12
85350 12
85360 12
85370 12
85380 10
85390 10
85400 11
85410 11
85420 12
85430 11
85440 11
85450 11
85460 12
85470 13
85480 14
85490 13
85500 14
85510 14
85520 14
85530 15
85540 14
85550 13
85560 13
85570 13
85580 13
85590 13
85600 13
85610 15
85620 15
85630 14
85640 14
85650 16
85660 15
85670 15
85680 16
85690 17
85700 16
85710 16
85720 16
85730 15
85740 16
85750 14
85760 14
85770 14
85780 14
85790 14
85800 14
85810 14
85820 14
85830 16
85840 16
85850 17
85860 18
85870 18
85880 18
85890 19
85900 20
85910 19
85920 20
85930 19
85940 21
85950 21
85960 19
85970 18
85980 18
85990 19
86000 19
86010 19
86020 19
86030 20
86040 21
86050 21
86060 19
86070 20
86080 20
86090 20
86100 21
86110 20
86120 21
86130 21
86140 21
86150 20
86160 20
86170 20
86180 20
86190 21
86200 21
86210 21
86220 21
86230 20
86240 19
86250 18
86260 17
86270 17
86280 15
86290 15
86300 15
86310 15
86320 16
86330 16
86340 16
86350 16
86360 15
86370 14
86380 14
86390 15
86400 14
86410 13
86420 13
86430 13
86440 11
86450 10
86460 9
86470 9
86480 9
86490 9
86500 9
86510 10
86520 10
86530 10
86540 10
86550 9
86560 9
86570 10
86580 11
86590 11
86600 13
86610 12
86620 11
86630 11
86640 12
86650 12
86660 12
86670 12
86680 13
86690 13
86700 13
86710 12
86720 12
86730 12
86740 12
86750 12
86760 12
86770 13
86780 12
86790 12
86800 12
86810 11
86820 10
86830 8
86840 8
86850 8
86860 8
86870 8
86880 9
86890 9
86900 9
86910 9
86920 8
86930 8
86940 8
86950 8
86960 8
86970 8
86980 9
86990 9
87000 9
87010 9
87020 9
87030 8
87040 8
87050 8
87060 8
87070 8
87080 9
87090 9
87100 9
87110 9
87120 8
87130 8
87140 7
87150 7
87160 6
87170 8
87180 8
87190 8
87200 8
87210 8
87220 9
87230 9
87240 8
87250 8
87260 8
87270 9
87280 9
87290 9
87300 9
87310 9
87320 8
87330 9
87340 9
87350 9
87360 8
87370 8
87380 8
87390 8
87400 8
87410 9
87420 8
87430 7
87440 9
87450 10
87460 9
87470 9
87480 8
87490 8
87500 6
87510 6
87520 6
87530 6
87540 6
87550 7
87560 6
87570 6
87580 6
87590 7
87600 7
87610 8
87620 7
87630 5
87640 5
87650 5
87660 5
87670 5
87680 5
87690 6
87700 6
87710 5
87720 5
87730 7
87740 6
87750 7
87760 6
87770 7
87780 7
87790 8
87800 8
87810 9
87820 9
87830 9
87840 9
87850 8
87860 7
87870 9
87880 9
87890 9
87900 7
87910 7
87920 7
87930 7
87940 7
87950 7
87960 9
87970 8
87980 8
87990 7
88000 9
88010 9
88020 10
88030 9
88040 9
88050 9
88060 10
88070 9
88080 9
88090 9
88100 9
88110 9
88120 9
88130 9
88140 10
88150 9
88160 11
88170 10
88180 9
88190 10
88200 9
88210 9
88220 10
88230 10
88240 10
88250 10
88260 11
88270 11
88280 11
88290 10
88300 10
88310 10
88320 10
88330 11
88340 11
88350 11
88360 11
88370 11
88380 11
88390 11
88400 9
88410 8
88420 8
88430 8
88440 9
88450 10
88460 10
88470 10
88480 11
88490 10
88500 8
88510 7
88520 9
88530 9
88540 8
88550 8
88560 7
88570 7
88580 7
88590 8
88600 8
88610 9
88620 9
88630 10
88640 11
88650 11
88660 12
88670 12
88680 11
88690 10
88700 9
88710 8
88720 8
88730 8
88740 6
88750 6
88760 6
88770 6
88780 6
88790 7
88800 7
88810 7
88820 5
88830 6
88840 6
88850 6
88860 6
88870 6
88880 6
88890 7
88900 6
88910 7
88920 5
88930 5
88940 6
88950 5
88960 5
88970 5
88980 6
88990 5
89000 5
89010 5
89020 5
89030 4
89040 4
89050 4
89060 5
89070 4
89080 5
89090 5
89100 4
89110 5
89120 4
89130 5
89140 6
89150 5
89160 4
89170 4
89180 7
89190 7
89200 7
89210 7
89220 7
89230 6
89240 6
89250 5
89260 5
89270 4
89280 5
89290 5
89300 4
89310 3
89320 4
89330 5
89340 6
89350 6
89360 6
89370 6
89380 6
89390 6
89400 5
89410 5
89420 5
89430 5
89440 6
89450 6
89460 6
89470 6
89480 7
89490 7
89500 8
89510 8
89520 7
89530 8
89540 9
89550 8
89560 8
89570 9
89580 8
89590 7
89600 8
89610 7
89620 7
89630 8
89640 8
89650 8
89660 8
89670 8
89680 8
89690 7
89700 7
89710 7
89720 7
89730 7
89740 7
89750 7
89760 7
89770 7
89780 7
89790 8
89800 8
89810 9
89820 9
89830 9
89840 9
89850 7
89860 7
89870 7
89880 7
89890 7
89900 7
89910 7
89920 8
89930 7
89940 7
89950 8
89960 9
89970 10
89980 10
89990 10
90000 10
90010 10
90020 8
90030 8
90040 8
90050 8
90060 9
90070 9
90080 9
90090 10
90100 11
90110 12
90120 13
90130 12
90140 12
90150 12
90160 12
90170 11
90180 11
90190 11
90200 11
90210 11
90220 10
90230 10
90240 10
90250 10
90260 9
90270 9
90280 9
90290 9
90300 9
90310 9
90320 9
90330 10
90340 9
90350 9
90360 10
90370 10
90380 10
90390 11
90400 10
90410 10
90420 11
90430 11
90440 11
90450 13
90460 11
90470 11
90480 11
90490 11
90500 10
90510 10
90520 10
90530 10
90540 9
90550 9
90560 9
90570 9
90580 9
90590 9
90600 9
90610 10
90620 10
90630 8
90640 8
90650 8
90660 8
90670 8
90680 8
90690 9
90700 10
90710 10
90720 10
90730 11
90740 11
90750 11
90760 10
90770 10
90780 10
90790 10
90800 10
90810 10
90820 9
90830 9
90840 9
90850 9
90860 10
90870 9
90880 7
90890 7
90900 6
90910 7
90920 7
90930 8
90940 7
90950 8
90960 8
90970 8
90980 8
90990 8
91000 9
91010 10
91020 9
91030 8
91040 8
91050 8
91060 8
91070 9
91080 9
91090 8
91100 8
91110 8
91120 8
91130 8
91140 8
91150 8
91160 8
91170 8
91180 7
91190 9
91200 10
91210 10
91220 10
91230 10
91240 10
91250 10
91260 9
91270 10
91280 10
91290 9
91300 9
91310 9
91320 7
91330 7
91340 4
91350 4
91360 4
91370 5
91380 6
91390 6
91400 6
91410 6
91420 4
91430 5
91440 6
91450 6
91460 6
91470 7
91480 6
91490 5
91500 5
91510 4
91520 4
91530 5
91540 5
91550 4
91560 3
91570 3
91580 2
91590 3
91600 3
91610 3
91620 3
91630 3
91640 3
91650 3
91660 3
91670 3
91680 2
91690 2
91700 2
91710 1
91720 1
91730 1
91740 1
91750 1
91760 2
91770 2
91780 2
91790 2
91800 2
91810 4
91820 4
91830 4
91840 4
91850 4
91860 5
91870 5
91880 5
91890 5
91900 5
91910 5
91920 5
91930 7
91940 8
91950 7
91960 7
91970 7
91980 6
91990 6
92000 5
92010 6
92020 6
92030 6
92040 6
92050 6
92060 6
92070 6
92080 6
92090 6
92100 7
92110 7
92120 7
92130 7
92140 7
92150 5
92160 6
92170 6
92180 6
92190 5
92200 6
92210 6
92220 6
92230 6
92240 6
92250 7
92260 7
92270 6
92280 7
92290 8
92300 6
92310 6
92320 6
92330 6
92340 6
92350 5
92360 6
92370 5
92380 5
92390 6
92400 6
92410 7
92420 7
92430 6
92440 6
92450 6
92460 6
92470 6
92480 6
92490 5
92500 6
92510 6
92520 8
92530 8
92540 9
92550 11
92560 10
92570 10
92580 10
92590 9
92600 9
92610 10
92620 10
92630 10
92640 9
92650 9
92660 9
92670 9
92680 9
92690 9
92700 8
92710 8
92720 8
92730 8
92740 8
92750 8
92760 8
92770 8
92780 8
92790 8
92800 8
92810 8
92820 9
92830 9
92840 8
92850 8
92860 8
92870 7
92880 6
92890 6
92900 6
92910 6
92920 6
92930 7
92940 7
92950 6
92960 7
92970 5
92980 5
92990 5
93000 5
93010 5
93020 6
93030 6
93040 6
93050 6
93060 7
93070 6
93080 6
93090 6
93100 5
93110 6
93120 7
93130 7
93140 7
93150 7
93160 7
93170 7
93180 8
93190 6
93200 6
93210 6
93220 6
93230 6
93240 7
93250 7
93260 6
93270 5
93280 5
93290 7
93300 6
93310 6
93320 6
93330 6
93340 8
93350 8
93360 8
93370 7
93380 7
93390 8
93400 8
93410 8
93420 9
93430 9
93440 10
93450 9
93460 9
93470 9
93480 9
93490 8
93500 7
93510 8
93520 9
93530 9
93540 9
93550 9
93560 9
93570 9
93580 9
93590 9
93600 9
93610 9
93620 8
93630 7
93640 7
93650 7
93660 8
93670 9
93680 8
93690 8
93700 7
93710 7
93720 8
93730 9
93740 10
93750 11
93760 10
93770 10
93780 10
93790 10
93800 10
93810 10
93820 10
93830 10
93840 9
93850 10
93860 10
93870 9
93880 8
93890 8
93900 8
93910 8
93920 9
93930 8
93940 9
93950 9
93960 9
93970 8
93980 8
93990 9
94000 9
94010 9
94020 10
94030 11
94040 11
94050 11
94060 11
94070 11
94080 12
94090 12
94100 10
94110 10
94120 10
94130 11
94140 10
94150 10
94160 10
94170 10
94180 9
94190 11
94200 11
94210 11
94220 11
94230 12
94240 12
94250 12
94260 12
94270 11
94280 10
94290 11
94300 11
94310 11
94320 10
94330 10
94340 11
94350 10
94360 10
94370 10
94380 10
94390 10
94400 11
94410 11
94420 11
94430 11
94440 11
94450 11
94460 11
94470 12
94480 12
94490 12
94500 12
94510 12
94520 13
94530 13
94540 13
94550 13
94560 13
94570 13
94580 13
94590 13
94600 14
94610 15
94620 13
94630 13
94640 13
94650 14
94660 13
94670 14
94680 13
94690 14
94700 14
94710 14
94720 14
94730 14
94740 13
94750 12
94760 12
94770 12
94780 12
94790 12
94800 12
94810 12
94820 12
94830 13
94840 12
94850 12
94860 11
94870 10
94880 10
94890 9
94900 9
94910 8
94920 10
94930 10
94940 11
94950 10
94960 11
94970 10
94980 10
94990 10
95000 10
95010 10
95020 11
95030 10
95040 10
95050 11
95060 10
95070 9
95080 9
95090 10
95100 10
95110 10
95120 10
95130 10
95140 9
95150 9
95160 9
95170 9
95180 9
95190 9
95200 10
95210 11
95220 9
95230 9
95240 9
95250 9
95260 9
95270 9
95280 9
95290 8
95300 8
95310 8
95320 8
95330 8
95340 8
95350 9
95360 11
95370 10
95380 10
95390 9
95400 8
95410 8
95420 9
95430 9
95440 9
95450 8
95460 9
95470 9
95480 9
95490 9
95500 10
95510 10
95520 8
95530 8
95540 8
95550 8
95560 8
95570 9
95580 8
95590 7
95600 8
95610 7
95620 7
95630 8
95640 7
95650 7
95660 8
95670 9
95680 10
95690 10
95700 10
95710 9
95720 9
95730 9
95740 9
95750 9
95760 9
95770 10
95780 9
95790 9
95800 9
95810 9
95820 9
95830 9
95840 9
95850 8
95860 8
95870 8
95880 8
95890 8
95900 8
95910 10
95920 10
95930 10
95940 8
95950 10
95960 10
95970 8
95980 8
95990 8
96000 8
96010 10
96020 10
96030 10
96040 10
96050 10
96060 11
96070 11
96080 12
96090 13
96100 13
96110 12
96120 12
96130 12
96140 12
96150 11
96160 11
96170 12
96180 12
96190 11
96200 10
96210 10
96220 10
96230 10
96240 10
96250 10
96260 11
96270 11
96280 12
96290 11
96300 11
96310 11
96320 10
96330 13
96340 12
96350 12
96360 10
96370 9
96380 9
96390 9
96400 11
96410 11
96420 10
96430 10
96440 11
96450 10
96460 10
96470 10
96480 11
96490 11
96500 11
96510 11
96520 11
96530 12
96540 10
96550 11
96560 10
96570 9
96580 9
96590 10
96600 11
96610 11
96620 13
96630 15
96640 16
96650 17
96660 17
96670 15
96680 15
96690 15
96700 15
96710 15
96720 16
96730 13
96740 13
96750 14
96760 14
96770 12
96780 12
96790 13
96800 14
96810 13
96820 13
96830 13
96840 12
96850 12
96860 13
96870 13
96880 13
96890 13
96900 13
96910 13
96920 13
96930 13
96940 13
96950 13
96960 14
96970 14
96980 14
96990 14
97000 14
97010 14
97020 14
97030 13
97040 13
97050 13
97060 14
97070 14
97080 14
97090 14
97100 14
97110 14
97120 14
97130 14
97140 16
97150 17
97160 15
97170 14
97180 14
97190 15
97200 14
97210 14
97220 15
97230 16
97240 14
97250 14
97260 14
97270 15
