   1.0000000e-08   6.0198964e+02   6.0198296e+02   6.0198047e+02   6.0197093e+02   6.0195365e+02
   1.0328281e-08   6.0198930e+02   6.0198240e+02   6.0197983e+02   6.0196998e+02   6.0195212e+02
   1.0667339e-08   6.0198894e+02   6.0198183e+02   6.0197917e+02   6.0196899e+02   6.0195055e+02
   1.1017528e-08   6.0198858e+02   6.0198123e+02   6.0197848e+02   6.0196797e+02   6.0194893e+02
   1.1379213e-08   6.0198821e+02   6.0198061e+02   6.0197777e+02   6.0196692e+02   6.0194725e+02
   1.1752771e-08   6.0198782e+02   6.0197998e+02   6.0197705e+02   6.0196583e+02   6.0194552e+02
   1.2138593e-08   6.0198742e+02   6.0197932e+02   6.0197629e+02   6.0196471e+02   6.0194373e+02
   1.2537080e-08   6.0198701e+02   6.0197864e+02   6.0197551e+02   6.0196356e+02   6.0194189e+02
   1.2948649e-08   6.0198658e+02   6.0197794e+02   6.0197471e+02   6.0196236e+02   6.0193998e+02
   1.3373729e-08   6.0198614e+02   6.0197722e+02   6.0197388e+02   6.0196112e+02   6.0193801e+02
   1.3812763e-08   6.0198568e+02   6.0197647e+02   6.0197302e+02   6.0195985e+02   6.0193597e+02
   1.4266210e-08   6.0198521e+02   6.0197570e+02   6.0197214e+02   6.0195853e+02   6.0193387e+02
   1.4734543e-08   6.0198473e+02   6.0197490e+02   6.0197122e+02   6.0195717e+02   6.0193170e+02
   1.5218251e-08   6.0198423e+02   6.0197407e+02   6.0197028e+02   6.0195576e+02   6.0192946e+02
   1.5717837e-08   6.0198371e+02   6.0197322e+02   6.0196930e+02   6.0195431e+02   6.0192714e+02
   1.6233824e-08   6.0198317e+02   6.0197234e+02   6.0196829e+02   6.0195281e+02   6.0192475e+02
   1.6766750e-08   6.0198262e+02   6.0197144e+02   6.0196725e+02   6.0195126e+02   6.0192228e+02
   1.7317171e-08   6.0198205e+02   6.0197050e+02   6.0196618e+02   6.0194966e+02   6.0191973e+02
   1.7885662e-08   6.0198146e+02   6.0196953e+02   6.0196507e+02   6.0194801e+02   6.0191709e+02
   1.8472814e-08   6.0198085e+02   6.0196853e+02   6.0196392e+02   6.0194630e+02   6.0191437e+02
   1.9079242e-08   6.0198023e+02   6.0196750e+02   6.0196274e+02   6.0194454e+02   6.0191156e+02
   1.9705578e-08   6.0197958e+02   6.0196643e+02   6.0196151e+02   6.0194272e+02   6.0190866e+02
   2.0352475e-08   6.0197891e+02   6.0196533e+02   6.0196025e+02   6.0194084e+02   6.0190566e+02
   2.1020609e-08   6.0197821e+02   6.0196419e+02   6.0195894e+02   6.0193889e+02   6.0190256e+02
   2.1710676e-08   6.0197750e+02   6.0196301e+02   6.0195760e+02   6.0193689e+02   6.0189936e+02
   2.2423397e-08   6.0197676e+02   6.0196180e+02   6.0195620e+02   6.0193482e+02   6.0189606e+02
   2.3159515e-08   6.0197600e+02   6.0196055e+02   6.0195477e+02   6.0193268e+02   6.0189265e+02
   2.3919798e-08   6.0197521e+02   6.0195925e+02   6.0195328e+02   6.0193047e+02   6.0188912e+02
   2.4705041e-08   6.0197439e+02   6.0195791e+02   6.0195175e+02   6.0192818e+02   6.0188548e+02
   2.5516061e-08   6.0197355e+02   6.0195653e+02   6.0195016e+02   6.0192583e+02   6.0188172e+02
   2.6353705e-08   6.0197269e+02   6.0195510e+02   6.0194853e+02   6.0192339e+02   6.0187784e+02
   2.7218848e-08   6.0197179e+02   6.0195363e+02   6.0194684e+02   6.0192088e+02   6.0187383e+02
   2.8112392e-08   6.0197086e+02   6.0195211e+02   6.0194509e+02   6.0191828e+02   6.0186969e+02
   2.9035269e-08   6.0196991e+02   6.0195054e+02   6.0194329e+02   6.0191560e+02   6.0186541e+02
   2.9988442e-08   6.0196892e+02   6.0194891e+02   6.0194143e+02   6.0191282e+02   6.0186099e+02
   3.0972907e-08   6.0196790e+02   6.0194724e+02   6.0193951e+02   6.0190996e+02   6.0185643e+02
   3.1989689e-08   6.0196684e+02   6.0194550e+02   6.0193752e+02   6.0190701e+02   6.0185172e+02
   3.3039851e-08   6.0196576e+02   6.0194371e+02   6.0193547e+02   6.0190395e+02   6.0184685e+02
   3.4124487e-08   6.0196463e+02   6.0194187e+02   6.0193335e+02   6.0190080e+02   6.0184182e+02
   3.5244730e-08   6.0196347e+02   6.0193996e+02   6.0193116e+02   6.0189754e+02   6.0183663e+02
   3.6401748e-08   6.0196227e+02   6.0193799e+02   6.0192890e+02   6.0189418e+02   6.0183126e+02
   3.7596750e-08   6.0196103e+02   6.0193595e+02   6.0192657e+02   6.0189071e+02   6.0182573e+02
   3.8830980e-08   6.0195975e+02   6.0193385e+02   6.0192416e+02   6.0188712e+02   6.0182000e+02
   4.0105729e-08   6.0195843e+02   6.0193168e+02   6.0192167e+02   6.0188341e+02   6.0181410e+02
   4.1422325e-08   6.0195707e+02   6.0192943e+02   6.0191910e+02   6.0187959e+02   6.0180799e+02
   4.2782142e-08   6.0195566e+02   6.0192712e+02   6.0191644e+02   6.0187563e+02   6.0180169e+02
   4.4186600e-08   6.0195420e+02   6.0192472e+02   6.0191370e+02   6.0187155e+02   6.0179518e+02
   4.5637163e-08   6.0195270e+02   6.0192225e+02   6.0191086e+02   6.0186733e+02   6.0178846e+02
   4.7135345e-08   6.0195115e+02   6.0191970e+02   6.0190794e+02   6.0186298e+02   6.0178151e+02
   4.8682710e-08   6.0194954e+02   6.0191707e+02   6.0190492e+02   6.0185848e+02   6.0177434e+02
   5.0280873e-08   6.0194789e+02   6.0191434e+02   6.0190180e+02   6.0185383e+02   6.0176693e+02
   5.1931499e-08   6.0194618e+02   6.0191153e+02   6.0189857e+02   6.0184904e+02   6.0175928e+02
   5.3636313e-08   6.0194441e+02   6.0190863e+02   6.0189524e+02   6.0184408e+02   6.0175138e+02
   5.5397093e-08   6.0194258e+02   6.0190563e+02   6.0189180e+02   6.0183896e+02   6.0174321e+02
   5.7215676e-08   6.0194070e+02   6.0190253e+02   6.0188825e+02   6.0183368e+02   6.0173478e+02
   5.9093959e-08   6.0193875e+02   6.0189933e+02   6.0188458e+02   6.0182822e+02   6.0172608e+02
   6.1033903e-08   6.0193674e+02   6.0189602e+02   6.0188079e+02   6.0182258e+02   6.0171709e+02
   6.3037532e-08   6.0193467e+02   6.0189261e+02   6.0187688e+02   6.0181675e+02   6.0170780e+02
   6.5106936e-08   6.0193252e+02   6.0188909e+02   6.0187284e+02   6.0181074e+02   6.0169821e+02
   6.7244274e-08   6.0193031e+02   6.0188544e+02   6.0186866e+02   6.0180452e+02   6.0168830e+02
   6.9451778e-08   6.0192802e+02   6.0188168e+02   6.0186435e+02   6.0179811e+02   6.0167807e+02
   7.1731749e-08   6.0192565e+02   6.0187780e+02   6.0185990e+02   6.0179148e+02   6.0166750e+02
   7.4086568e-08   6.0192321e+02   6.0187379e+02   6.0185530e+02   6.0178463e+02   6.0165658e+02
   7.6518692e-08   6.0192069e+02   6.0186964e+02   6.0185055e+02   6.0177756e+02   6.0164531e+02
   7.9030657e-08   6.0191809e+02   6.0186537e+02   6.0184564e+02   6.0177026e+02   6.0163366e+02
   8.1625085e-08   6.0191540e+02   6.0186095e+02   6.0184058e+02   6.0176272e+02   6.0162164e+02
   8.4304684e-08   6.0191262e+02   6.0185638e+02   6.0183534e+02   6.0175493e+02   6.0160922e+02
   8.7072248e-08   6.0190976e+02   6.0185167e+02   6.0182994e+02   6.0174688e+02   6.0159639e+02
   8.9930667e-08   6.0190679e+02   6.0184680e+02   6.0182435e+02   6.0173857e+02   6.0158314e+02
   9.2882923e-08   6.0190373e+02   6.0184177e+02   6.0181859e+02   6.0172999e+02   6.0156945e+02
   9.5932095e-08   6.0190057e+02   6.0183657e+02   6.0181263e+02   6.0172113e+02   6.0155532e+02
   9.9081366e-08   6.0189731e+02   6.0183121e+02   6.0180648e+02   6.0171197e+02   6.0154072e+02
   1.0233402e-07   6.0189394e+02   6.0182567e+02   6.0180013e+02   6.0170252e+02   6.0152564e+02
   1.0569346e-07   6.0189046e+02   6.0181994e+02   6.0179357e+02   6.0169275e+02   6.0151007e+02
   1.0916317e-07   6.0188686e+02   6.0181403e+02   6.0178679e+02   6.0168267e+02   6.0149399e+02
   1.1274680e-07   6.0188314e+02   6.0180793e+02   6.0177979e+02   6.0167225e+02   6.0147738e+02
   1.1644806e-07   6.0187931e+02   6.0180162e+02   6.0177256e+02   6.0166149e+02   6.0146022e+02
   1.2027083e-07   6.0187535e+02   6.0179511e+02   6.0176510e+02   6.0165038e+02   6.0144250e+02
   1.2421910e-07   6.0187125e+02   6.0178838e+02   6.0175738e+02   6.0163890e+02   6.0142420e+02
   1.2829698e-07   6.0186703e+02   6.0178144e+02   6.0174942e+02   6.0162704e+02   6.0140530e+02
   1.3250873e-07   6.0186266e+02   6.0177426e+02   6.0174119e+02   6.0161480e+02   6.0138577e+02
   1.3685874e-07   6.0185815e+02   6.0176685e+02   6.0173270e+02   6.0160215e+02   6.0136561e+02
   1.4135156e-07   6.0185350e+02   6.0175920e+02   6.0172392e+02   6.0158909e+02   6.0134478e+02
   1.4599187e-07   6.0184869e+02   6.0175129e+02   6.0171486e+02   6.0157561e+02   6.0132328e+02
   1.5078450e-07   6.0184372e+02   6.0174313e+02   6.0170550e+02   6.0156167e+02   6.0130106e+02
   1.5573448e-07   6.0183859e+02   6.0173469e+02   6.0169583e+02   6.0154728e+02   6.0127811e+02
   1.6084695e-07   6.0183329e+02   6.0172598e+02   6.0168585e+02   6.0153242e+02   6.0125442e+02
   1.6612725e-07   6.0182782e+02   6.0171699e+02   6.0167553e+02   6.0151707e+02   6.0122994e+02
   1.7158090e-07   6.0182217e+02   6.0170770e+02   6.0166488e+02   6.0150122e+02   6.0120466e+02
   1.7721358e-07   6.0181633e+02   6.0169810e+02   6.0165388e+02   6.0148484e+02   6.0117855e+02
   1.8303117e-07   6.0181030e+02   6.0168819e+02   6.0164252e+02   6.0146793e+02   6.0115158e+02
   1.8903974e-07   6.0180407e+02   6.0167796e+02   6.0163078e+02   6.0145047e+02   6.0112373e+02
   1.9524556e-07   6.0179764e+02   6.0166738e+02   6.0161866e+02   6.0143243e+02   6.0109497e+02
   2.0165510e-07   6.0179100e+02   6.0165646e+02   6.0160614e+02   6.0141379e+02   6.0106526e+02
   2.0827506e-07   6.0178414e+02   6.0164519e+02   6.0159321e+02   6.0139455e+02   6.0103457e+02
   2.1511234e-07   6.0177705e+02   6.0163354e+02   6.0157986e+02   6.0137467e+02   6.0100288e+02
   2.2217408e-07   6.0176973e+02   6.0162151e+02   6.0156607e+02   6.0135415e+02   6.0097048e+02
   2.2946764e-07   6.0176217e+02   6.0160908e+02   6.0155182e+02   6.0133294e+02   6.0093705e+02
   2.3700063e-07   6.0175436e+02   6.0159625e+02   6.0153711e+02   6.0131104e+02   6.0090253e+02
   2.4478092e-07   6.0174630e+02   6.0158300e+02   6.0152191e+02   6.0128843e+02   6.0086687e+02
   2.5281661e-07   6.0173797e+02   6.0156931e+02   6.0150622e+02   6.0126507e+02   6.0083004e+02
   2.6111611e-07   6.0172937e+02   6.0155517e+02   6.0149001e+02   6.0124094e+02   6.0079200e+02
   2.6968806e-07   6.0172049e+02   6.0154057e+02   6.0147327e+02   6.0121602e+02   6.0075272e+02
   2.7854142e-07   6.0171131e+02   6.0152548e+02   6.0145597e+02   6.0119029e+02   6.0071214e+02
   2.8768541e-07   6.0170183e+02   6.0150991e+02   6.0143811e+02   6.0116371e+02   6.0067023e+02
   2.9712958e-07   6.0169204e+02   6.0149382e+02   6.0141967e+02   6.0113625e+02   6.0062695e+02
   3.0688379e-07   6.0168193e+02   6.0147720e+02   6.0140062e+02   6.0110790e+02   6.0058225e+02
   3.1695821e-07   6.0167149e+02   6.0146004e+02   6.0138094e+02   6.0107861e+02   6.0053607e+02
   3.2736335e-07   6.0166071e+02   6.0144231e+02   6.0136062e+02   6.0104836e+02   6.0048839e+02
   3.3811008e-07   6.0164957e+02   6.0142400e+02   6.0133963e+02   6.0101712e+02   6.0043913e+02
   3.4920960e-07   6.0163807e+02   6.0140509e+02   6.0131795e+02   6.0098573e+02   6.0038826e+02
   3.6067350e-07   6.0162618e+02   6.0138556e+02   6.0129556e+02   6.0095434e+02   6.0033572e+02
   3.7251373e-07   6.0161391e+02   6.0136539e+02   6.0127243e+02   6.0092192e+02   6.0028146e+02
   3.8474266e-07   6.0160124e+02   6.0134456e+02   6.0124855e+02   6.0088844e+02   6.0022541e+02
   3.9737304e-07   6.0158815e+02   6.0132304e+02   6.0122388e+02   6.0085385e+02   6.0016752e+02
   4.1041805e-07   6.0157463e+02   6.0130082e+02   6.0119840e+02   6.0081813e+02   6.0010774e+02
   4.2389131e-07   6.0156066e+02   6.0127787e+02   6.0117209e+02   6.0078124e+02   6.0004599e+02
   4.3780686e-07   6.0154624e+02   6.0125416e+02   6.0114491e+02   6.0074314e+02   5.9998221e+02
   4.5217924e-07   6.0153134e+02   6.0122968e+02   6.0111684e+02   6.0070378e+02   5.9991634e+02
   4.6702344e-07   6.0151596e+02   6.0120439e+02   6.0108784e+02   6.0066313e+02   5.9984831e+02
   4.8235494e-07   6.0150007e+02   6.0117827e+02   6.0105790e+02   6.0062115e+02   5.9977804e+02
   4.9818975e-07   6.0148366e+02   6.0115130e+02   6.0102697e+02   6.0057779e+02   5.9970547e+02
   5.1454439e-07   6.0146671e+02   6.0112343e+02   6.0099323e+02   6.0053301e+02   5.9963051e+02
   5.3143592e-07   6.0144920e+02   6.0109466e+02   6.0094825e+02   6.0048676e+02   5.9955310e+02
   5.4888196e-07   6.0143112e+02   6.0106494e+02   6.0090181e+02   6.0043899e+02   5.9947314e+02
   5.6690073e-07   6.0141244e+02   6.0103424e+02   6.0085383e+02   6.0038965e+02   5.9939056e+02
   5.8551102e-07   6.0139315e+02   6.0100254e+02   6.0080428e+02   6.0033869e+02   5.9930527e+02
   6.0473224e-07   6.0137323e+02   6.0096633e+02   6.0075311e+02   6.0028606e+02   5.9921717e+02
   6.2458447e-07   6.0135266e+02   6.0092863e+02   6.0070025e+02   6.0023170e+02   5.9912619e+02
   6.4508841e-07   6.0133141e+02   6.0088969e+02   6.0064566e+02   6.0017555e+02   5.9903222e+02
   6.6626545e-07   6.0130946e+02   6.0084948e+02   6.0058928e+02   6.0011756e+02   5.9893516e+02
   6.8813770e-07   6.0128679e+02   6.0080794e+02   6.0053105e+02   6.0005767e+02   5.9883492e+02
   7.1072797e-07   6.0126337e+02   6.0076504e+02   6.0047091e+02   5.9999582e+02   5.9873138e+02
   7.3405984e-07   6.0123919e+02   6.0072074e+02   6.0040879e+02   5.9993193e+02   5.9862445e+02
   7.5815765e-07   6.0121422e+02   6.0067498e+02   6.0034463e+02   5.9986594e+02   5.9851401e+02
   7.8304654e-07   6.0118842e+02   6.0062771e+02   6.0027836e+02   5.9979779e+02   5.9839994e+02
   8.0875249e-07   6.0116178e+02   6.0057890e+02   6.0020992e+02   5.9972740e+02   5.9828212e+02
   8.3530232e-07   6.0113426e+02   6.0052848e+02   6.0013924e+02   5.9965470e+02   5.9816044e+02
   8.6272373e-07   6.0110584e+02   6.0047641e+02   6.0006623e+02   5.9957962e+02   5.9803477e+02
   8.9104533e-07   6.0107649e+02   6.0042263e+02   5.9999083e+02   5.9950207e+02   5.9790497e+02
   9.2029668e-07   6.0104617e+02   6.0036708e+02   5.9991295e+02   5.9942197e+02   5.9777091e+02
   9.5050830e-07   6.0101486e+02   6.0030971e+02   5.9983251e+02   5.9933924e+02   5.9763244e+02
   9.8171170e-07   6.0097439e+02   6.0025045e+02   5.9974944e+02   5.9925380e+02   5.9748943e+02
   1.0139395e-06   6.0092547e+02   6.0018925e+02   5.9966363e+02   5.9916555e+02   5.9734173e+02
   1.0472252e-06   6.0087493e+02   6.0012604e+02   5.9957501e+02   5.9907441e+02   5.9718918e+02
   1.0816036e-06   6.0082274e+02   6.0006076e+02   5.9948348e+02   5.9898027e+02   5.9703162e+02
   1.1171107e-06   6.0076884e+02   5.9999333e+02   5.9938895e+02   5.9888305e+02   5.9686888e+02
   1.1537833e-06   6.0071316e+02   5.9992369e+02   5.9929131e+02   5.9878263e+02   5.9670081e+02
   1.1916598e-06   6.0065566e+02   5.9985177e+02   5.9919047e+02   5.9867892e+02   5.9652722e+02
   1.2307798e-06   6.0059627e+02   5.9977748e+02   5.9908632e+02   5.9857180e+02   5.9634793e+02
   1.2711840e-06   6.0053493e+02   5.9970075e+02   5.9897874e+02   5.9846116e+02   5.9616275e+02
   1.3129146e-06   6.0047158e+02   5.9962151e+02   5.9886764e+02   5.9834689e+02   5.9597706e+02
   1.3560151e-06   6.0040615e+02   5.9953966e+02   5.9875289e+02   5.9822887e+02   5.9581814e+02
   1.4005305e-06   6.0033857e+02   5.9945513e+02   5.9863437e+02   5.9810698e+02   5.9565399e+02
   1.4465073e-06   6.0026877e+02   5.9936782e+02   5.9851196e+02   5.9798109e+02   5.9548446e+02
   1.4939935e-06   6.0019668e+02   5.9927764e+02   5.9838553e+02   5.9785106e+02   5.9530936e+02
   1.5430385e-06   6.0012222e+02   5.9918451e+02   5.9825496e+02   5.9771676e+02   5.9512851e+02
   1.5936935e-06   6.0004532e+02   5.9908831e+02   5.9812009e+02   5.9757806e+02   5.9494173e+02
   1.6460115e-06   5.9996590e+02   5.9898896e+02   5.9798080e+02   5.9743480e+02   5.9474881e+02
   1.7000470e-06   5.9988386e+02   5.9888635e+02   5.9783694e+02   5.9728684e+02   5.9454956e+02
   1.7558563e-06   5.9979914e+02   5.9878037e+02   5.9768835e+02   5.9713402e+02   5.9434377e+02
   1.8134978e-06   5.9971163e+02   5.9867091e+02   5.9753488e+02   5.9697618e+02   5.9413123e+02
   1.8730315e-06   5.9962125e+02   5.9855786e+02   5.9737638e+02   5.9681317e+02   5.9391170e+02
   1.9345197e-06   5.9952790e+02   5.9844109e+02   5.9721267e+02   5.9664480e+02   5.9368497e+02
   1.9980263e-06   5.9943149e+02   5.9832050e+02   5.9704359e+02   5.9647090e+02   5.9345080e+02
   2.0636178e-06   5.9933191e+02   5.9819594e+02   5.9686896e+02   5.9629130e+02   5.9320894e+02
   2.1313625e-06   5.9922907e+02   5.9806729e+02   5.9668860e+02   5.9610580e+02   5.9295914e+02
   2.2013311e-06   5.9912285e+02   5.9793443e+02   5.9650231e+02   5.9595224e+02   5.9270114e+02
   2.2735967e-06   5.9901314e+02   5.9779720e+02   5.9630991e+02   5.9584208e+02   5.9243467e+02
   2.3482346e-06   5.9889983e+02   5.9765546e+02   5.9611120e+02   5.9572830e+02   5.9215945e+02
   2.4253227e-06   5.9878280e+02   5.9750907e+02   5.9584370e+02   5.9561079e+02   5.9187520e+02
   2.5049415e-06   5.9866192e+02   5.9735788e+02   5.9549141e+02   5.9548942e+02   5.9158161e+02
   2.5871741e-06   5.9853708e+02   5.9720172e+02   5.9512755e+02   5.9536406e+02   5.9127839e+02
   2.6721062e-06   5.9840815e+02   5.9704044e+02   5.9475174e+02   5.9523459e+02   5.9098073e+02
   2.7598264e-06   5.9827497e+02   5.9687386e+02   5.9436360e+02   5.9510087e+02   5.9080157e+02
   2.8504263e-06   5.9813743e+02   5.9670181e+02   5.9396272e+02   5.9496276e+02   5.9061653e+02
   2.9440005e-06   5.9799537e+02   5.9652412e+02   5.9354867e+02   5.9482012e+02   5.9042542e+02
   3.0406465e-06   5.9784865e+02   5.9634059e+02   5.9312103e+02   5.9467279e+02   5.9022802e+02
   3.1404652e-06   5.9769711e+02   5.9615103e+02   5.9267936e+02   5.9452063e+02   5.9002415e+02
   3.2435608e-06   5.9754060e+02   5.9592817e+02   5.9222318e+02   5.9436347e+02   5.8981359e+02
   3.3500408e-06   5.9737895e+02   5.9560353e+02   5.9175203e+02   5.9420116e+02   5.8959612e+02
   3.4600164e-06   5.9721199e+02   5.9526824e+02   5.9126541e+02   5.9403351e+02   5.8937150e+02
   3.5736022e-06   5.9703955e+02   5.9492194e+02   5.9086732e+02   5.9386036e+02   5.8913951e+02
   3.6909169e-06   5.9686145e+02   5.9456428e+02   5.9057694e+02   5.9368153e+02   5.8889991e+02
   3.8120828e-06   5.9667751e+02   5.9419487e+02   5.9027702e+02   5.9349683e+02   5.8865244e+02
   3.9372263e-06   5.9648752e+02   5.9381333e+02   5.8996726e+02   5.9330606e+02   5.8839685e+02
   4.0664781e-06   5.9629130e+02   5.9341927e+02   5.8964733e+02   5.9310903e+02   5.8813286e+02
   4.1999729e-06   5.9608864e+02   5.9301228e+02   5.8931690e+02   5.9290553e+02   5.8786021e+02
   4.3378502e-06   5.9554314e+02   5.9259192e+02   5.8897562e+02   5.9269535e+02   5.8757861e+02
   4.4802537e-06   5.9472471e+02   5.9215776e+02   5.8862313e+02   5.9247827e+02   5.8728776e+02
   4.6273320e-06   5.9387942e+02   5.9170935e+02   5.8825908e+02   5.9225407e+02   5.8698737e+02
   4.7792386e-06   5.9300637e+02   5.9124622e+02   5.8788307e+02   5.9202250e+02   5.8667712e+02
   4.9361321e-06   5.9210467e+02   5.9076789e+02   5.8749472e+02   5.9178334e+02   5.8635668e+02
   5.0981761e-06   5.9117336e+02   5.9027385e+02   5.8709362e+02   5.9153632e+02   5.8602572e+02
   5.2655396e-06   5.8918189e+02   5.8976360e+02   5.8667936e+02   5.9128119e+02   5.8571928e+02
   5.4383974e-06   5.8689125e+02   5.8923659e+02   5.8625149e+02   5.9101769e+02   5.8540577e+02
   5.6169298e-06   5.8580268e+02   5.8869229e+02   5.8590311e+02   5.9050021e+02   5.8508195e+02
   5.8013231e-06   5.8547569e+02   5.8813011e+02   5.8567088e+02   5.8994813e+02   5.8474751e+02
   5.9917697e-06   5.8513797e+02   5.8754948e+02   5.8543102e+02   5.8937794e+02   5.8440209e+02
   6.1884682e-06   5.8478917e+02   5.8694979e+02   5.8518329e+02   5.8878902e+02   5.8404533e+02
   6.3916241e-06   5.8442892e+02   5.8633041e+02   5.8492743e+02   5.8818077e+02   5.8367686e+02
   6.6014491e-06   5.8405684e+02   5.8577456e+02   5.8466316e+02   5.8755255e+02   5.8329630e+02
   6.8181623e-06   5.8367254e+02   5.8529297e+02   5.8439022e+02   5.8690371e+02   5.8290324e+02
   7.0419898e-06   5.8327563e+02   5.8479558e+02   5.8410833e+02   5.8623356e+02   5.8249727e+02
   7.2731651e-06   5.8286569e+02   5.8428186e+02   5.8381717e+02   5.8535645e+02   5.8207798e+02
   7.5119295e-06   5.8244229e+02   5.8375127e+02   5.8351646e+02   5.8435324e+02   5.8164493e+02
   7.7585321e-06   5.8200499e+02   5.8320326e+02   5.8320588e+02   5.8331709e+02   5.8119765e+02
   8.0132301e-06   5.8155334e+02   5.8263727e+02   5.8288510e+02   5.8224693e+02   5.8069725e+02
   8.2762895e-06   5.8108685e+02   5.8205269e+02   5.8255379e+02   5.8114164e+02   5.8015072e+02
   8.5479845e-06   5.8048439e+02   5.8144892e+02   5.8221161e+02   5.8037041e+02   5.7958626e+02
   8.8285988e-06   5.7983474e+02   5.8089792e+02   5.8185819e+02   5.7962805e+02   5.7900326e+02
   9.1184252e-06   5.7916377e+02   5.8052153e+02   5.8149317e+02   5.7886131e+02   5.7840112e+02
   9.4177660e-06   5.7847076e+02   5.8013277e+02   5.8111616e+02   5.7806940e+02   5.7777922e+02
   9.7269336e-06   5.7775501e+02   5.7973126e+02   5.8048102e+02   5.7725150e+02   5.7713690e+02
   1.0046251e-05   5.7701576e+02   5.7931656e+02   5.7971710e+02   5.7640674e+02   5.7647349e+02
   1.0376050e-05   5.7625224e+02   5.7888825e+02   5.7892811e+02   5.7519977e+02   5.7520524e+02
   1.0716676e-05   5.7561412e+02   5.7844587e+02   5.7811321e+02   5.7365147e+02   5.7254844e+02
   1.1068485e-05   5.7502813e+02   5.7798898e+02   5.7727157e+02   5.7205234e+02   5.7055426e+02
   1.1431843e-05   5.7442290e+02   5.7751709e+02   5.7640229e+02   5.7074646e+02   5.6949766e+02
   1.1807128e-05   5.7379780e+02   5.7702970e+02   5.7556848e+02   5.7002475e+02   5.6840636e+02
   1.2194734e-05   5.7315218e+02   5.7652632e+02   5.7476097e+02   5.6927936e+02   5.6727924e+02
   1.2595065e-05   5.7248537e+02   5.7600641e+02   5.7392695e+02   5.6850949e+02   5.6611512e+02
   1.3008537e-05   5.7179667e+02   5.7536166e+02   5.7306555e+02   5.6771435e+02   5.6237751e+02
   1.3435583e-05   5.7108536e+02   5.7469440e+02   5.7217587e+02   5.6689311e+02   5.5902048e+02
   1.3876648e-05   5.6988095e+02   5.7400524e+02   5.7125698e+02   5.6604491e+02   5.5598996e+02
   1.4332192e-05   5.6857322e+02   5.7329345e+02   5.7038483e+02   5.6559982e+02   5.5527438e+02
   1.4802691e-05   5.6722255e+02   5.7255829e+02   5.6951353e+02   5.6516417e+02   5.5453530e+02
   1.5288636e-05   5.6588009e+02   5.7179901e+02   5.6861364e+02   5.6471423e+02   5.5377197e+02
   1.5790533e-05   5.6487826e+02   5.7101479e+02   5.6768420e+02   5.6424951e+02   5.5298357e+02
   1.6308907e-05   5.6384355e+02   5.6972773e+02   5.6672425e+02   5.6376953e+02   5.5216930e+02
   1.6844298e-05   5.6277487e+02   5.6838926e+02   5.6572250e+02   5.6327380e+02   5.5132829e+02
   1.7397264e-05   5.6167110e+02   5.6700684e+02   5.6465911e+02   5.6276179e+02   5.5008522e+02
   1.7968384e-05   5.6062167e+02   5.6555688e+02   5.6356080e+02   5.6223298e+02   5.4856638e+02
   1.8558252e-05   5.5967168e+02   5.6400460e+02   5.6242644e+02   5.6168680e+02   5.4699768e+02
   1.9167485e-05   5.5869050e+02   5.6240136e+02   5.6125484e+02   5.6112270e+02   5.4552004e+02
   1.9796718e-05   5.5767710e+02   5.6071554e+02   5.5969285e+02   5.5962023e+02   5.4422989e+02
   2.0446607e-05   5.5663045e+02   5.5880410e+02   5.5798261e+02   5.5781498e+02   5.4289738e+02
   2.1117830e-05   5.5438122e+02   5.5682991e+02   5.5621624e+02   5.5590094e+02   5.4152112e+02
   2.1811089e-05   5.5056402e+02   5.5453182e+02   5.5420268e+02   5.5204950e+02   5.4052190e+02
   2.2527106e-05   5.4769718e+02   5.5197462e+02   5.5209675e+02   5.4944969e+02   5.3974229e+02
   2.3266629e-05   5.4501071e+02   5.5031378e+02   5.4998159e+02   5.4727462e+02   5.3893709e+02
   2.4030429e-05   5.4261677e+02   5.4919055e+02   5.4785992e+02   5.4496741e+02   5.3810545e+02
   2.4819303e-05   5.4028917e+02   5.4803044e+02   5.4554114e+02   5.4250218e+02   5.3724651e+02
   2.5634074e-05   5.3816797e+02   5.4683224e+02   5.4240741e+02   5.3980688e+02   5.3635937e+02
   2.6475593e-05   5.3599001e+02   5.4540089e+02   5.4030060e+02   5.3680145e+02   5.3542717e+02
   2.7344737e-05   5.3500205e+02   5.4351144e+02   5.3902245e+02   5.3517341e+02   5.3445375e+02
   2.8242413e-05   5.3398165e+02   5.4155997e+02   5.3770233e+02   5.3402255e+02   5.3344836e+02
   2.9169559e-05   5.3292776e+02   5.3923800e+02   5.3633888e+02   5.3283390e+02   5.3240997e+02
   3.0127141e-05   5.3183927e+02   5.3671805e+02   5.3515449e+02   5.3160623e+02   5.3133749e+02
   3.1116158e-05   5.3068126e+02   5.3480640e+02   5.3400447e+02   5.2948189e+02   5.2796675e+02
   3.2137643e-05   5.2938249e+02   5.3310393e+02   5.3281669e+02   5.2647752e+02   5.2487734e+02
   3.3192662e-05   5.2804108e+02   5.3134556e+02   5.3158993e+02   5.2434692e+02   5.2281958e+02
   3.4282315e-05   5.2665564e+02   5.2505895e+02   5.3002948e+02   5.2232905e+02   5.2074489e+02
   3.5407739e-05   5.2444498e+02   5.2130754e+02   5.2815377e+02   5.2018452e+02   5.1891319e+02
   3.6570109e-05   5.2148069e+02   5.1613587e+02   5.2621649e+02   5.1785978e+02   5.1702137e+02
   3.7770637e-05   5.1928966e+02   5.1149755e+02   5.2432713e+02   5.1476983e+02   5.1433337e+02
   3.9010576e-05   5.1719417e+02   5.0791507e+02   5.2238972e+02   5.0953366e+02   5.1073418e+02
   4.0291220e-05   5.1465378e+02   5.0476829e+02   5.1977744e+02   5.0502927e+02   5.0711019e+02
   4.1613906e-05   5.1155179e+02   5.0201270e+02   5.1587344e+02   5.0071524e+02   5.0436100e+02
   4.2980012e-05   5.0826915e+02   4.9841173e+02   5.1435554e+02   4.9729997e+02   5.0195438e+02
   4.4390965e-05   5.0426553e+02   4.9452259e+02   5.1278782e+02   4.9397508e+02   5.0018513e+02
   4.5848238e-05   4.9999669e+02   4.9085812e+02   5.1116862e+02   4.9050587e+02   4.9881896e+02
   4.7353349e-05   4.9734696e+02   4.8643133e+02   5.0648884e+02   4.8548884e+02   4.9740794e+02
   4.8907871e-05   4.9425116e+02   4.8392960e+02   5.0229508e+02   4.8061505e+02   4.9580889e+02
   5.0513425e-05   4.9073981e+02   4.8156849e+02   4.9752055e+02   4.7764181e+02   4.9060237e+02
   5.2171686e-05   4.8761344e+02   4.7948609e+02   4.9321027e+02   4.7278464e+02   4.8824386e+02
   5.3884384e-05   4.8466198e+02   4.7744716e+02   4.8893583e+02   4.6878554e+02   4.8579805e+02
   5.5653308e-05   4.8189990e+02   4.7402390e+02   4.8491115e+02   4.6580345e+02   4.8315291e+02
   5.7480302e-05   4.7686005e+02   4.6842026e+02   4.8186616e+02   4.6346115e+02   4.8065432e+02
   5.9367272e-05   4.7282684e+02   4.6427273e+02   4.7837063e+02   4.6104196e+02   4.7896995e+02
   6.1316188e-05   4.6944049e+02   4.6055312e+02   4.7542243e+02   4.5871882e+02   4.7723028e+02
   6.3329084e-05   4.6633900e+02   4.5487962e+02   4.7379913e+02   4.5632252e+02   4.7470497e+02
   6.5408059e-05   4.6265502e+02   4.5207019e+02   4.7212253e+02   4.5298657e+02   4.7051048e+02
   6.7555283e-05   4.5738216e+02   4.4900694e+02   4.6995100e+02   4.4935296e+02   4.6651855e+02
   6.9772996e-05   4.5181130e+02   4.4575973e+02   4.6687084e+02   4.4545401e+02   4.6169985e+02
   7.2063513e-05   4.4509872e+02   4.4257845e+02   4.6092943e+02   4.4092439e+02   4.5889693e+02
   7.4429223e-05   4.4230511e+02   4.3690259e+02   4.5830086e+02   4.3810807e+02   4.5637780e+02
   7.6872595e-05   4.3928054e+02   4.3225415e+02   4.5490413e+02   4.3423001e+02   4.5139445e+02
   7.9396178e-05   4.3603792e+02   4.2672338e+02   4.4969981e+02   4.2979983e+02   4.4497346e+02
   8.2002606e-05   4.3132461e+02   4.2390672e+02   4.4686673e+02   4.2738648e+02   4.4104099e+02
   8.4694598e-05   4.2601798e+02   4.2145946e+02   4.4447210e+02   4.2434084e+02   4.3591835e+02
   8.7474963e-05   4.2097905e+02   4.1426619e+02   4.4222987e+02   4.1966085e+02   4.3009111e+02
   9.0346602e-05   4.1671699e+02   4.0996756e+02   4.3965340e+02   4.1035814e+02   4.2730448e+02
   9.3312512e-05   4.1083190e+02   4.0635060e+02   4.3668749e+02   4.0497915e+02   4.2421912e+02
   9.6375787e-05   4.0493201e+02   4.0021420e+02   4.2885156e+02   3.9724563e+02   4.1739169e+02
   9.9539623e-05   3.9877093e+02   3.9653532e+02   4.2264420e+02   3.9327813e+02   4.1187714e+02
   1.0280732e-04   3.9383294e+02   3.9249085e+02   4.1632113e+02   3.8898169e+02   4.0585900e+02
   1.0618229e-04   3.8896665e+02   3.8881771e+02   4.0902951e+02   3.8054426e+02   4.0125805e+02
   1.0966806e-04   3.8358038e+02   3.8488657e+02   4.0433194e+02   3.7182985e+02   3.9593638e+02
   1.1326826e-04   3.8026378e+02   3.7941468e+02   4.0077645e+02   3.6032936e+02   3.9182813e+02
   1.1698664e-04   3.7563966e+02   3.7517780e+02   3.9767780e+02   3.5351670e+02   3.8901978e+02
   1.2082709e-04   3.6907085e+02   3.7197742e+02   3.9295484e+02   3.4917291e+02   3.7777867e+02
   1.2479362e-04   3.6507550e+02   3.6750797e+02   3.8750797e+02   3.4401595e+02   3.7393478e+02
   1.2889036e-04   3.5743178e+02   3.5964974e+02   3.7988705e+02   3.3859137e+02   3.6579888e+02
   1.3312159e-04   3.5015606e+02   3.5662744e+02   3.7413068e+02   3.3319602e+02   3.6021852e+02
   1.3749172e-04   3.4397085e+02   3.4913535e+02   3.6850828e+02   3.2477069e+02   3.5668165e+02
   1.4200532e-04   3.3523171e+02   3.4099335e+02   3.6099335e+02   3.1599114e+02   3.5387151e+02
   1.4666709e-04   3.2970647e+02   3.3533291e+02   3.5433228e+02   3.0961076e+02   3.4564016e+02
   1.5148189e-04   3.2334825e+02   3.2886351e+02   3.4664763e+02   3.0539763e+02   3.3384626e+02
   1.5645476e-04   3.1849539e+02   3.2428770e+02   3.3793155e+02   2.9954524e+02   3.2472460e+02
   1.6159088e-04   3.1087465e+02   3.1540912e+02   3.3240912e+02   2.9334854e+02   3.1406031e+02
   1.6689560e-04   3.0237848e+02   3.0576100e+02   3.2613050e+02   2.8710440e+02   3.0767650e+02
   1.7237447e-04   2.9697887e+02   2.9706382e+02   3.2152127e+02   2.7803191e+02   3.0105992e+02
   1.7803320e-04   2.9022745e+02   2.8722510e+02   3.1196680e+02   2.6970850e+02   2.9358638e+02
   1.8387770e-04   2.8499779e+02   2.8020384e+02   3.0693525e+02   2.6120384e+02   2.8558516e+02
   1.8991406e-04   2.7405028e+02   2.7208594e+02   2.9985743e+02   2.5523828e+02   2.8280636e+02
   1.9614858e-04   2.6620070e+02   2.6212855e+02   2.9206427e+02   2.5017959e+02   2.8026607e+02
   2.0258777e-04   2.6038121e+02   2.5051529e+02   2.8151529e+02   2.4541223e+02   2.6949518e+02
   2.0923835e-04   2.5346273e+02   2.4220206e+02   2.7445206e+02   2.3876165e+02   2.6455506e+02
   2.1610725e-04   2.4806161e+02   2.2982125e+02   2.6572319e+02   2.3418297e+02   2.5781338e+02
   2.2320165e-04   2.4232974e+02   2.1816529e+02   2.6079835e+02   2.2349794e+02   2.4862975e+02
   2.3052894e-04   2.3581728e+02   2.1247933e+02   2.5392837e+02   2.1468264e+02   2.4244095e+02
   2.3809677e-04   2.3051144e+02   2.0495161e+02   2.4694624e+02   2.0812904e+02   2.2996003e+02
   2.4591304e-04   2.2469704e+02   2.0104348e+02   2.4260387e+02   1.9785870e+02   2.2325554e+02
   2.5398591e-04   2.1486704e+02   1.9409732e+02   2.3752114e+02   1.8984508e+02   2.1873824e+02
   2.6232379e-04   2.0642416e+02   1.9030737e+02   2.2949085e+02   1.8237858e+02   2.1122657e+02
   2.7093539e-04   1.9981359e+02   1.8702423e+02   2.2617870e+02   1.7688718e+02   2.0573281e+02
   2.7982969e-04   1.9356196e+02   1.8080859e+02   2.2105677e+02   1.6817031e+02   1.9911064e+02
   2.8901597e-04   1.8253299e+02   1.7461502e+02   2.1799468e+02   1.6366134e+02   1.8965347e+02
   2.9850382e-04   1.7611612e+02   1.7006011e+02   2.1137022e+02   1.6065296e+02   1.8247735e+02
   3.0830315e-04   1.7177780e+02   1.6393553e+02   2.0457571e+02   1.5839158e+02   1.7369127e+02
   3.1842416e-04   1.6425249e+02   1.5498274e+02   1.9857584e+02   1.5264653e+02   1.6445590e+02
   3.2887743e-04   1.5919763e+02   1.4545161e+02   1.8412257e+02   1.4451612e+02   1.5642719e+02
   3.3967386e-04   1.5362480e+02   1.3640768e+02   1.7232614e+02   1.4039784e+02   1.5031485e+02
   3.5082471e-04   1.4697176e+02   1.2776405e+02   1.6829819e+02   1.3649117e+02   1.3959396e+02
   3.6234163e-04   1.4176804e+02   1.1924378e+02   1.6365837e+02   1.2848108e+02   1.3366567e+02
   3.7423663e-04   1.4104671e+02   1.1167605e+02   1.5538169e+02   1.2318430e+02   1.2663730e+02
   3.8652212e-04   1.3489152e+02   1.0778245e+02   1.4723894e+02   1.1723894e+02   1.2228136e+02
   3.9921091e-04   1.3243200e+02   1.0213506e+02   1.3698636e+02   1.1292970e+02   1.1215881e+02
   4.1231626e-04   1.2606806e+02   9.6844801e+01   1.3090512e+02   1.0918647e+02   1.0509181e+02
   4.2585183e-04   1.2196334e+02   9.4287758e+01   1.2651853e+02   1.0471606e+02   1.0193525e+02
   4.3983175e-04   1.1819766e+02   8.9528042e+01   1.2179206e+02   9.6315696e+01   1.0130162e+02
   4.5427060e-04   1.1460096e+02   8.7121567e+01   1.1808668e+02   8.9720584e+01   9.1516615e+01
   4.6918345e-04   1.1048213e+02   8.3440392e+01   1.1404496e+02   8.2140125e+01   8.0701107e+01
   4.8458586e-04   1.0676896e+02   7.5928514e+01   1.0842256e+02   7.8773448e+01   7.5590118e+01
   5.0049391e-04   1.0240370e+02   7.2751015e+01   9.9970653e+01   7.6500870e+01   7.3440369e+01
   5.1692419e-04   1.0007513e+02   6.9160908e+01   9.3852642e+01   6.8358604e+01   6.9009617e+01
   5.3389384e-04   9.5620886e+01   6.5178345e+01   8.4836756e+01   6.4021232e+01   6.1211533e+01
   5.5142057e-04   9.1242280e+01   6.2136914e+01   7.7859809e+01   6.0299875e+01   5.8738678e+01
   5.6952268e-04   8.2457914e+01   5.4208886e+01   7.2915085e+01   5.5106662e+01   5.6481102e+01
   5.8821904e-04   8.1350546e+01   4.9136057e+01   6.3718618e+01   5.1861310e+01   5.0233779e+01
   6.0752917e-04   7.8155453e+01   4.4050154e+01   6.1514713e+01   4.9724038e+01   4.9804613e+01
   6.2747321e-04   7.3625193e+01   4.0871362e+01   5.8105656e+01   4.6218112e+01   4.6657717e+01
   6.4807198e-04   6.9461067e+01   4.0108445e+01   5.3418288e+01   4.4364632e+01   4.4181384e+01
   6.6934697e-04   6.3411303e+01   3.7961448e+01   4.9358363e+01   4.1438041e+01   4.3159026e+01
   6.9132038e-04   5.6522977e+01   3.5969965e+01   4.6633625e+01   3.8768878e+01   3.6643339e+01
   7.1401513e-04   5.1438439e+01   3.3842332e+01   4.3050243e+01   3.8138469e+01   3.2270503e+01
   7.3745491e-04   4.8647791e+01   2.9714793e+01   4.0235007e+01   3.7290196e+01   3.0121647e+01
   7.6166417e-04   4.8049161e+01   2.7359070e+01   3.8463597e+01   3.1136265e+01   2.4191999e+01
   7.8666818e-04   4.1619447e+01   2.4388637e+01   3.6599887e+01   2.6843048e+01   1.8860217e+01
   8.1249302e-04   3.6608063e+01   2.0988074e+01   3.4625582e+01   2.5323940e+01   1.5447857e+01
   8.3916564e-04   3.2817256e+01   1.8671599e+01   3.2402863e+01   2.3693703e+01   1.4301767e+01
   8.6671388e-04   2.9963138e+01   1.7825412e+01   3.1417593e+01   2.1668097e+01   1.5473284e+01
   8.9516647e-04   2.9182697e+01   1.6887882e+01   2.9648170e+01   1.9575995e+01   1.6683260e+01
   9.2455311e-04   2.5156483e+01   1.6353580e+01   2.7683628e+01   1.7367189e+01   1.6364892e+01
   9.5490446e-04   2.3108686e+01   1.6259630e+01   2.7023816e+01   1.5067844e+01   1.4416903e+01
   9.8625218e-04   2.3694953e+01   1.6993613e+01   2.3906520e+01   1.3553041e+01   1.4260508e+01
   1.0186290e-03   2.3270155e+01   1.6173657e+01   2.2923373e+01   1.3272911e+01   1.5785165e+01
   1.0520687e-03   2.1751049e+01   1.4697332e+01   1.9869242e+01   1.3942992e+01   1.5134245e+01
   1.0866061e-03   1.8218587e+01   1.3004846e+01   1.7111055e+01   1.3457281e+01   1.4744855e+01
   1.1222774e-03   1.8700046e+01   1.1417811e+01   1.4985225e+01   1.3056451e+01   1.4415585e+01
   1.1591196e-03   1.8070029e+01   1.0120880e+01   1.2392598e+01   1.3715585e+01   1.4075505e+01
   1.1971713e-03   1.7660011e+01   1.0949225e+01   1.0056226e+01   1.3265269e+01   1.3557763e+01
   1.2364722e-03   1.7266512e+01   1.0051495e+01   8.0252071e+00   1.3816630e+01   1.3046034e+01
   1.2770633e-03   1.6611688e+01   1.0733641e+01   1.2061012e+01   1.2066948e+01   1.3901607e+01
   1.3189869e-03   1.5446629e+01   1.1526193e+01   1.3793538e+01   1.1672189e+01   1.3304553e+01
   1.3622868e-03   1.4243322e+01   1.2404419e+01   1.3312471e+01   1.0610996e+01   1.3409853e+01
   1.4070081e-03   1.4711009e+01   1.2688357e+01   1.2415686e+01   8.7120492e+00   1.4897970e+01
   1.4531975e-03   9.8476590e+00   1.2429489e+01   9.6972992e+00   8.4853291e+00   1.6239039e+01
   1.5009033e-03   9.0512371e+00   1.4153211e+01   8.5262039e+00   1.0399736e+01   1.3896972e+01
   1.5501751e-03   9.7049360e+00   1.4357183e+01   7.8086056e+00   9.9124611e+00   1.1852113e+01
   1.6010645e-03   9.7917623e+00   1.0737774e+01   6.5315021e+00   8.4643478e+00   1.2652472e+01
   1.6536244e-03   9.4448576e+00   7.9132262e+00   6.4414509e+00   8.2655070e+00   1.3679782e+01
   1.7079098e-03   9.0865646e+00   6.4376788e+00   7.7473089e+00   8.9565076e+00   1.3054594e+01
   1.7639773e-03   9.5717420e+00   5.0213580e+00   8.9430391e+00   8.8474557e+00   1.3543559e+01
   1.8218853e-03   9.6407799e+00   5.4108681e+00   8.1168197e+00   1.0585547e+01   1.3695108e+01
   1.8816944e-03   9.1542905e+00   5.8131650e+00   9.1680033e+00   1.0371399e+01   1.0246113e+01
   1.9434669e-03   9.8398555e+00   5.7884813e+00   9.8526832e+00   1.0154831e+01   1.1174885e+01
   2.0072673e-03   1.0506478e+01   5.3915227e+00   1.0972043e+01   8.5380217e+00   1.1783552e+01
   2.0731621e-03   1.1309650e+01   5.0498275e+00   9.6539656e+00   8.4368394e+00   1.0189869e+01
   2.1412202e-03   1.3015594e+01   6.2251686e+00   1.1140140e+01   8.3249327e+00   7.1344094e+00
   2.2115124e-03   1.7354776e+01   6.7891729e+00   1.4510638e+01   8.8884699e+00   8.2275910e+00
   2.2841122e-03   1.9809281e+01   6.2932455e+00   1.4725276e+01   8.3140856e+00   8.2117656e+00
   2.3590953e-03   1.6042696e+01   5.7445076e+00   1.3720405e+01   6.6421116e+00   7.0967125e+00
   2.4365400e-03   1.8312227e+01   5.1272267e+00   9.1255275e+00   5.2012916e+00   8.2465700e+00
   2.5165271e-03   1.7353758e+01   6.4831028e+00   7.0369325e+00   5.9917623e+00   8.4315128e+00
   2.5991399e-03   1.6092612e+01   7.8046027e+00   5.7333316e+00   6.9435077e+00   1.1057298e+01
   2.6844648e-03   1.9622066e+01   7.1137027e+00   5.2700148e+00   8.4182698e+00   1.2604832e+01
   2.7725908e-03   1.7817439e+01   7.7911152e+00   6.6169228e+00   9.6634374e+00   1.1653141e+01
   2.8636097e-03   1.5247175e+01   8.9248435e+00   1.0979469e+01   8.1116031e+00   1.0140238e+01
   2.9576167e-03   1.0850048e+01   1.1817058e+01   1.0012094e+01   1.3167248e+01   6.6680867e+00
   3.0547097e-03   9.2924923e+00   9.8057599e+00   1.3717488e+01   1.7547701e+01   7.8922734e+00
   3.1549901e-03   1.1441839e+01   8.2323110e+00   1.0737213e+01   1.7104327e+01   9.6270663e+00
   3.2585625e-03   8.6806522e+00   9.4480556e+00   1.5402419e+01   1.3897861e+01   1.3572571e+01
   3.3655350e-03   1.1879991e+01   1.3866909e+01   1.5976926e+01   1.3011256e+01   8.7806581e+00
   3.4760192e-03   8.8261298e+00   1.2447845e+01   1.6880363e+01   1.0713056e+01   5.5748307e+00
   3.5901304e-03   6.4047793e+00   9.4522394e+00   1.8211875e+01   1.0383232e+01   5.9439234e+00
   3.7079876e-03   6.7265674e+00   1.0597983e+01   1.2431459e+01   9.2361340e+00   8.4250708e+00
   3.8297139e-03   2.3082796e+00   8.2410342e+00   9.3483336e+00   1.0763494e+01   1.1404218e+01
   3.9554362e-03   5.4564058e+00   9.8466282e+00   5.0276236e+00   1.2512608e+01   1.1782901e+01
   4.0852858e-03   8.5597905e+00   1.3302831e+01   1.0301852e+01   9.5119239e+00   1.2739044e+01
   4.2193981e-03   7.1652329e+00   1.4562006e+01   7.0626246e+00   1.0586255e+01   1.2903963e+01
   4.3579130e-03   4.4210244e+00   1.5781545e+01   6.4600918e+00   1.1765193e+01   1.4907734e+01
   4.5009751e-03   2.2201041e+00   1.2967450e+01   1.5632908e+01   1.6488496e+01   1.2809874e+01
   4.6487337e-03   6.0116155e+00   8.9951866e+00   1.6842855e+01   1.0801339e+01   1.4847445e+01
   4.8013429e-03   7.9425712e+00   8.7623824e+00   1.8978787e+01   1.2095813e+01   8.4691547e+00
   4.9589620e-03   7.0343093e+00   8.5998737e+00   1.4770344e+01   1.1200742e+01   1.0821983e+01
   5.1217554e-03   8.3402838e+00   7.7220132e+00   1.3361557e+01   9.9099601e+00   7.0677011e+00
   5.2898931e-03   7.8274557e+00   1.1937263e+01   1.0881213e+01   1.1100129e+01   9.9624890e+00
   5.4635504e-03   2.1889875e+00   1.2193817e+01   9.7657862e+00   1.0270538e+01   8.5642053e+00
   5.6429085e-03   5.9348370e+00   1.2347669e+01   1.0834834e+01   1.4882649e+01   1.1429920e+01
   5.8281546e-03   1.0310540e+01   7.0270132e+00   1.1140943e+01   1.0358043e+01   9.9552283e+00
   6.0194820e-03   1.0501612e+01   6.4831343e+00   1.2343919e+01   1.3039367e+01   7.2975202e+00
   6.2170903e-03   1.0084605e+01   4.1602679e+00   9.3279804e+00   1.0064524e+01   7.7290337e+00
   6.4211857e-03   8.3837063e+00   6.9119574e+00   1.2755773e+01   1.3355557e+01   7.2358103e+00
   6.6319812e-03   8.5293353e+00   9.9071375e+00   1.6328721e+01   1.3728525e+01   6.7115563e+00
   6.8496967e-03   7.1910006e+00   1.2207785e+01   1.2623040e+01   6.2361518e+00   1.0878878e+01
   7.0745594e-03   1.3993771e+01   1.0705352e+01   9.2794646e+00   9.6744831e+00   7.3928802e+00
   7.3068040e-03   1.5299477e+01   1.1386937e+01   1.3121712e+01   7.6182089e+00   9.8932571e+00
   7.5466726e-03   1.0768150e+01   1.3528781e+01   1.3801406e+01   9.4983517e+00   9.1867861e+00
   7.7944158e-03   9.8205309e+00   1.4281291e+01   1.2546859e+01   9.1501005e+00   8.2858906e+00
   8.0502918e-03   1.3580561e+01   1.0183847e+01   9.3945080e+00   8.2619267e+00   1.0175915e+01
   8.3145678e-03   1.1219795e+01   1.0080404e+01   8.8804606e+00   9.2765257e+00   1.1641842e+01
   8.5875195e-03   5.6789830e+00   1.0292620e+01   1.4031898e+01   1.4806123e+01   8.1737220e+00
   8.8694317e-03   6.4930735e+00   1.0433781e+01   6.6968104e+00   1.5308825e+01   1.4207854e+01
   9.1605985e-03   7.5111745e+00   7.6614858e+00   1.2947880e+01   1.2515433e+01   5.5910818e+00
   9.4613238e-03   5.2034207e+00   5.1010321e+00   1.1634568e+01   8.0461803e+00   1.4216143e+01
   9.7719213e-03   1.1207090e+01   3.2138252e+00   1.1984298e+01   5.7479582e+00   1.8844022e+01
   1.0092715e-02   8.6944289e+00   7.8503227e+00   1.2194144e+01   8.8574001e+00   1.3210288e+01
   1.0424040e-02   1.1931593e+01   1.0345767e+01   5.9344377e+00   9.5447961e+00   1.3928961e+01
   1.0766242e-02   7.7126814e+00   1.1875108e+01   1.0126442e+01   1.0451330e+01   1.3049946e+01
   1.1119677e-02   7.2816475e+00   1.1855209e+01   8.7222964e+00   7.9653245e+00   1.0469764e+01
   1.1484715e-02   1.1648885e+01   9.7744831e+00   1.1784349e+01   1.1455578e+01   9.9842152e+00
   1.1861737e-02   1.0048551e+01   8.4456608e+00   1.0813438e+01   9.9211835e+00   8.3630672e+00
   1.2251136e-02   9.3684695e+00   1.0316755e+01   9.7238079e+00   8.2086439e+00   1.0661254e+01
   1.2653318e-02   1.1265930e+01   1.2369814e+01   9.4411033e+00   4.6075618e+00   1.1875604e+01
   1.3068702e-02   8.4520311e+00   1.3604928e+01   1.3283339e+01   1.0343027e+01   1.7516296e+01
   1.3497723e-02   1.2316799e+01   2.3245274e+01   4.1816790e+00   1.5507532e+01   9.9768117e+00
   1.3940828e-02   1.0155160e+01   1.1383279e+01   1.7780685e+01   1.3550456e+01   1.2461551e+01
   1.4398480e-02   1.1513847e+01   1.0891153e+01   9.0868380e+00   1.4202246e+01   6.7594579e+00
   1.4871155e-02   6.7820624e+00   7.1111429e+00   8.3580046e+00   8.7936207e+00   6.0981358e+00
   1.5359347e-02   7.6810396e+00   6.3725537e+00   8.0536842e+00   1.1108611e+01   1.0529161e+01
   1.5863565e-02   1.3365797e+01   8.2444538e+00   7.3603542e+00   8.5514046e+00   8.4597856e+00
   1.6384336e-02   1.0540806e+01   7.6508977e+00   1.1372117e+01   6.8384415e+00   1.1965722e+01
   1.6922204e-02   1.0760670e+01   1.0368067e+01   9.7063299e+00   9.3658482e+00   1.3994718e+01
   1.7477728e-02   1.3652611e+01   1.0170435e+01   8.4119928e+00   1.6092034e+01   2.1916959e+01
   1.8051489e-02   1.3847106e+01   1.5889890e+01   1.0767329e+01   7.5831141e+00   6.6115361e+00
   1.8644085e-02   1.0887893e+01   1.4906631e+01   1.2983014e+01   1.5442399e+01   7.8392027e+00
   1.9256136e-02   1.0235889e+01   9.7491691e+00   1.1947976e+01   1.1976662e+01   8.3126498e+00
   1.9888279e-02   7.3247532e+00   5.8165940e+00   1.4188283e+01   1.1266423e+01   5.8337164e+00
   2.0541173e-02   5.0104764e+00   7.0383159e+00   3.2189185e+00   1.5033185e+01   1.1016561e+01
   2.1215502e-02   1.3192636e+01   1.6197919e+01   5.6029569e+00   8.4987530e+00   6.1480220e+00
   2.1911967e-02   8.6616257e+00   3.9910424e+00   9.6960775e+00   8.5674924e+00   8.0767574e+00
   2.2631296e-02   5.5440030e+00   6.1603368e+00   8.3045018e+00   1.1266532e+01   1.0374932e+01
   2.3374239e-02   1.1623462e+01   7.8334328e+00   1.0690608e+01   8.8936272e+00   1.0791307e+01
   2.4141571e-02   1.1462815e+01   1.6564113e+01   1.1374517e+01   1.1969319e+01   5.7772944e+00
   2.4934094e-02   1.2179770e+01   1.1258547e+01   9.4731246e+00   1.0036363e+01   7.2086425e+00
   2.5752633e-02   1.2731215e+01   1.5326952e+01   5.1500077e+00   7.7731451e+00   9.8138730e+00
   2.6598044e-02   1.2050230e+01   9.7547298e+00   1.8472806e+01   1.0857113e+01   7.7018584e+00
   2.7471208e-02   7.5776284e+00   7.3494431e+00   9.7117109e+00   1.1500657e+01   9.3688704e+00
   2.8373036e-02   7.0239263e+00   1.1659039e+01   8.7679966e+00   6.2233925e+00   8.9667202e+00
   2.9304470e-02   8.0453701e+00   5.6546504e+00   1.2440033e+01   6.5164586e+00   1.6923423e+01
   3.0266481e-02             NaN             NaN             NaN             NaN             NaN
   3.1260072e-02             NaN             NaN             NaN             NaN             NaN
   3.2286282e-02             NaN             NaN             NaN             NaN             NaN
   3.3346180e-02             NaN             NaN             NaN             NaN             NaN
   3.4440873e-02             NaN             NaN             NaN             NaN             NaN
   3.5571502e-02             NaN             NaN             NaN             NaN             NaN
   3.6739248e-02             NaN             NaN             NaN             NaN             NaN
   3.7945328e-02             NaN             NaN             NaN             NaN             NaN
   3.9191002e-02             NaN             NaN             NaN             NaN             NaN
   4.0477570e-02             NaN             NaN             NaN             NaN             NaN
   4.1806372e-02             NaN             NaN             NaN             NaN             NaN
   4.3178797e-02             NaN             NaN             NaN             NaN             NaN
   4.4596276e-02             NaN             NaN             NaN             NaN             NaN
   4.6060288e-02             NaN             NaN             NaN             NaN             NaN
   4.7572361e-02             NaN             NaN             NaN             NaN             NaN
   4.9134073e-02             NaN             NaN             NaN             NaN             NaN
   5.0747052e-02             NaN             NaN             NaN             NaN             NaN
   5.2412983e-02             NaN             NaN             NaN             NaN             NaN
   5.4133603e-02             NaN             NaN             NaN             NaN             NaN
   5.5910708e-02             NaN             NaN             NaN             NaN             NaN
   5.7746152e-02             NaN             NaN             NaN             NaN             NaN
   5.9641849e-02             NaN             NaN             NaN             NaN             NaN
   6.1599780e-02             NaN             NaN             NaN             NaN             NaN
   6.3621985e-02             NaN             NaN             NaN             NaN             NaN
   6.5710575e-02             NaN             NaN             NaN             NaN             NaN
   6.7867731e-02             NaN             NaN             NaN             NaN             NaN
   7.0095701e-02             NaN             NaN             NaN             NaN             NaN
   7.2396811e-02             NaN             NaN             NaN             NaN             NaN
   7.4773463e-02             NaN             NaN             NaN             NaN             NaN
   7.7228136e-02             NaN             NaN             NaN             NaN             NaN
   7.9763391e-02             NaN             NaN             NaN             NaN             NaN
   8.2381873e-02             NaN             NaN             NaN             NaN             NaN
   8.5086316e-02             NaN             NaN             NaN             NaN             NaN
   8.7879540e-02             NaN             NaN             NaN             NaN             NaN
   9.0764461e-02             NaN             NaN             NaN             NaN             NaN
   9.3744088e-02             NaN             NaN             NaN             NaN             NaN
   9.6821531e-02             NaN             NaN             NaN             NaN             NaN
   1.0000000e-01             NaN             NaN             NaN             NaN             NaN
